x               rho            P              T              ur             uphi           uz             Br             Bphi           Bz             m
0.010000        0.99989        0.99990        1.00001        0.25093        0.98671       -0.00020        0.01892       -0.07526        1.00001        0.99985
0.010163        0.99989        0.99990        1.00001        0.25093        0.98671       -0.00020        0.01923       -0.07648        1.00001        0.99984
0.010328        0.99988        0.99990        1.00001        0.25093        0.98671       -0.00021        0.01954       -0.07772        1.00001        0.99984
0.010496        0.99988        0.99989        1.00001        0.25093        0.98671       -0.00021        0.01986       -0.07899        1.00001        0.99983
0.010667        0.99987        0.99989        1.00001        0.25093        0.98671       -0.00021        0.02019       -0.08027        1.00001        0.99982
0.010840        0.99987        0.99988        1.00001        0.25093        0.98671       -0.00022        0.02051       -0.08158        1.00001        0.99981
0.011016        0.99986        0.99988        1.00001        0.25093        0.98671       -0.00022        0.02085       -0.08291        1.00001        0.99981
0.011196        0.99986        0.99987        1.00001        0.25093        0.98671       -0.00022        0.02119       -0.08425        1.00001        0.99980
0.011378        0.99985        0.99986        1.00001        0.25094        0.98671       -0.00023        0.02153       -0.08563        1.00002        0.99979
0.011563        0.99985        0.99986        1.00001        0.25094        0.98671       -0.00023        0.02188       -0.08702        1.00002        0.99978
0.011751        0.99984        0.99985        1.00001        0.25094        0.98671       -0.00023        0.02224       -0.08843        1.00002        0.99977
0.011942        0.99983        0.99985        1.00002        0.25094        0.98671       -0.00024        0.02260       -0.08987        1.00002        0.99976
0.012136        0.99983        0.99984        1.00002        0.25094        0.98671       -0.00024        0.02297       -0.09133        1.00002        0.99975
0.012334        0.99982        0.99984        1.00002        0.25094        0.98671       -0.00025        0.02334       -0.09282        1.00002        0.99975
0.012534        0.99981        0.99983        1.00002        0.25094        0.98671       -0.00025        0.02372       -0.09433        1.00002        0.99974
0.012738        0.99981        0.99982        1.00002        0.25094        0.98671       -0.00025        0.02411       -0.09586        1.00002        0.99973
0.012945        0.99980        0.99982        1.00002        0.25095        0.98671       -0.00026        0.02450       -0.09742        1.00002        0.99972
0.013156        0.99979        0.99981        1.00002        0.25095        0.98671       -0.00026        0.02490       -0.09901        1.00002        0.99971
0.013370        0.99979        0.99981        1.00002        0.25095        0.98671       -0.00027        0.02530       -0.10062        1.00002        0.99970
0.013587        0.99978        0.99980        1.00002        0.25095        0.98671       -0.00027        0.02572       -0.10225        1.00002        0.99969
0.013808        0.99977        0.99979        1.00002        0.25095        0.98671       -0.00028        0.02613       -0.10392        1.00002        0.99968
0.014033        0.99977        0.99979        1.00002        0.25095        0.98671       -0.00028        0.02656       -0.10561        1.00002        0.99967
0.014261        0.99976        0.99978        1.00002        0.25095        0.98671       -0.00028        0.02699       -0.10732        1.00002        0.99966
0.014493        0.99975        0.99977        1.00002        0.25096        0.98671       -0.00029        0.02743       -0.10907        1.00003        0.99965
0.014729        0.99974        0.99977        1.00002        0.25096        0.98671       -0.00029        0.02788       -0.11084        1.00003        0.99964
0.014968        0.99974        0.99976        1.00002        0.25096        0.98671       -0.00030        0.02833       -0.11265        1.00003        0.99963
0.015212        0.99973        0.99975        1.00002        0.25096        0.98671       -0.00030        0.02879       -0.11448        1.00003        0.99962
0.015459        0.99972        0.99974        1.00003        0.25096        0.98671       -0.00031        0.02926       -0.11634        1.00003        0.99960
0.015711        0.99971        0.99974        1.00003        0.25096        0.98670       -0.00031        0.02974       -0.11823        1.00003        0.99959
0.015966        0.99970        0.99973        1.00003        0.25096        0.98670       -0.00032        0.03022       -0.12016        1.00003        0.99958
0.016226        0.99969        0.99972        1.00003        0.25097        0.98670       -0.00032        0.03071       -0.12211        1.00003        0.99957
0.016490        0.99969        0.99971        1.00003        0.25097        0.98670       -0.00033        0.03121       -0.12410        1.00003        0.99956
0.016758        0.99968        0.99971        1.00003        0.25097        0.98670       -0.00033        0.03172       -0.12612        1.00003        0.99955
0.017031        0.99967        0.99970        1.00003        0.25097        0.98670       -0.00034        0.03223       -0.12817        1.00003        0.99953
0.017308        0.99966        0.99969        1.00003        0.25097        0.98670       -0.00035        0.03276       -0.13025        1.00003        0.99952
0.017589        0.99965        0.99968        1.00003        0.25097        0.98670       -0.00035        0.03329       -0.13237        1.00004        0.99951
0.017875        0.99964        0.99967        1.00003        0.25098        0.98670       -0.00036        0.03383       -0.13452        1.00004        0.99949
0.018166        0.99963        0.99967        1.00003        0.25098        0.98670       -0.00036        0.03438       -0.13671        1.00004        0.99948
0.018461        0.99962        0.99966        1.00003        0.25098        0.98670       -0.00037        0.03494       -0.13893        1.00004        0.99947
0.018762        0.99961        0.99965        1.00003        0.25098        0.98670       -0.00037        0.03551       -0.14119        1.00004        0.99945
0.019067        0.99960        0.99964        1.00004        0.25098        0.98670       -0.00038        0.03609       -0.14349        1.00004        0.99944
0.019377        0.99959        0.99963        1.00004        0.25099        0.98670       -0.00039        0.03668       -0.14583        1.00004        0.99943
0.019692        0.99958        0.99962        1.00004        0.25099        0.98670       -0.00039        0.03727       -0.14820        1.00004        0.99941
0.020012        0.99957        0.99961        1.00004        0.25099        0.98670       -0.00040        0.03788       -0.15061        1.00004        0.99940
0.020338        0.99956        0.99960        1.00004        0.25099        0.98670       -0.00041        0.03850       -0.15306        1.00005        0.99938
0.020669        0.99954        0.99958        1.00004        0.25100        0.98670       -0.00041        0.03912       -0.15555        1.00005        0.99935
0.021005        0.99952        0.99956        1.00004        0.25100        0.98670       -0.00042        0.03976       -0.15808        1.00005        0.99933
0.021347        0.99950        0.99955        1.00004        0.25100        0.98670       -0.00043        0.04041       -0.16065        1.00005        0.99930
0.021694        0.99948        0.99953        1.00005        0.25101        0.98670       -0.00043        0.04107       -0.16326        1.00005        0.99927
0.022047        0.99947        0.99951        1.00005        0.25101        0.98670       -0.00044        0.04174       -0.16592        1.00005        0.99925
0.022405        0.99945        0.99950        1.00005        0.25101        0.98670       -0.00045        0.04241       -0.16861        1.00006        0.99922
0.022770        0.99943        0.99948        1.00005        0.25102        0.98670       -0.00045        0.04311       -0.17136        1.00006        0.99919
0.023140        0.99941        0.99946        1.00005        0.25102        0.98670       -0.00046        0.04381       -0.17414        1.00006        0.99917
0.023516        0.99939        0.99944        1.00005        0.25103        0.98670       -0.00047        0.04452       -0.17698        1.00006        0.99914
0.023899        0.99937        0.99942        1.00006        0.25103        0.98670       -0.00048        0.04525       -0.17986        1.00006        0.99911
0.024288        0.99935        0.99940        1.00006        0.25103        0.98670       -0.00049        0.04598       -0.18278        1.00007        0.99908
0.024683        0.99932        0.99938        1.00006        0.25104        0.98670       -0.00049        0.04673       -0.18575        1.00007        0.99905
0.025084        0.99930        0.99937        1.00006        0.25104        0.98670       -0.00050        0.04749       -0.18877        1.00007        0.99902
0.025492        0.99928        0.99935        1.00006        0.25105        0.98670       -0.00051        0.04826       -0.19185        1.00007        0.99899
0.025907        0.99926        0.99933        1.00007        0.25105        0.98670       -0.00052        0.04905       -0.19497        1.00008        0.99896
0.026328        0.99924        0.99930        1.00007        0.25106        0.98670       -0.00053        0.04985       -0.19814        1.00008        0.99893
0.026756        0.99921        0.99928        1.00007        0.25106        0.98670       -0.00053        0.05066       -0.20136        1.00008        0.99889
0.027192        0.99919        0.99926        1.00007        0.25107        0.98670       -0.00054        0.05149       -0.20463        1.00008        0.99886
0.027634        0.99917        0.99924        1.00007        0.25107        0.98670       -0.00055        0.05232       -0.20796        1.00008        0.99883
0.028083        0.99914        0.99922        1.00008        0.25107        0.98670       -0.00056        0.05318       -0.21135        1.00009        0.99879
0.028540        0.99912        0.99920        1.00008        0.25108        0.98670       -0.00057        0.05404       -0.21478        1.00009        0.99876
0.029004        0.99909        0.99917        1.00008        0.25108        0.98670       -0.00058        0.05492       -0.21828        1.00009        0.99872
0.029476        0.99907        0.99915        1.00008        0.25109        0.98670       -0.00059        0.05582       -0.22183        1.00009        0.99869
0.029955        0.99904        0.99913        1.00009        0.25109        0.98670       -0.00060        0.05672       -0.22543        1.00010        0.99865
0.030443        0.99901        0.99910        1.00009        0.25110        0.98670       -0.00061        0.05765       -0.22910        1.00010        0.99861
0.030938        0.99897        0.99906        1.00009        0.25111        0.98670       -0.00062        0.05859       -0.23283        1.00010        0.99855
0.031441        0.99893        0.99903        1.00009        0.25112        0.98670       -0.00063        0.05954       -0.23661        1.00011        0.99850
0.031952        0.99890        0.99899        1.00010        0.25112        0.98670       -0.00064        0.06051       -0.24046        1.00011        0.99845
0.032472        0.99886        0.99896        1.00010        0.25113        0.98670       -0.00065        0.06150       -0.24437        1.00012        0.99839
0.033000        0.99882        0.99892        1.00011        0.25114        0.98670       -0.00066        0.06250       -0.24835        1.00012        0.99834
0.033537        0.99878        0.99889        1.00011        0.25115        0.98670       -0.00067        0.06352       -0.25239        1.00012        0.99828
0.034083        0.99874        0.99885        1.00011        0.25115        0.98670       -0.00068        0.06456       -0.25649        1.00013        0.99822
0.034637        0.99870        0.99881        1.00012        0.25116        0.98670       -0.00069        0.06561       -0.26067        1.00013        0.99817
0.035200        0.99865        0.99877        1.00012        0.25117        0.98670       -0.00070        0.06668       -0.26491        1.00014        0.99811
0.035773        0.99861        0.99873        1.00012        0.25118        0.98669       -0.00071        0.06776       -0.26921        1.00014        0.99805
0.036355        0.99857        0.99869        1.00013        0.25119        0.98669       -0.00073        0.06887       -0.27359        1.00015        0.99798
0.036946        0.99852        0.99865        1.00013        0.25120        0.98669       -0.00074        0.06999       -0.27804        1.00015        0.99792
0.037547        0.99848        0.99861        1.00014        0.25120        0.98669       -0.00075        0.07113       -0.28257        1.00016        0.99786
0.038158        0.99843        0.99857        1.00014        0.25121        0.98669       -0.00076        0.07229       -0.28716        1.00016        0.99780
0.038778        0.99839        0.99853        1.00014        0.25122        0.98669       -0.00078        0.07347       -0.29183        1.00016        0.99773
0.039409        0.99834        0.99849        1.00015        0.25123        0.98669       -0.00079        0.07466       -0.29658        1.00017        0.99766
0.040050        0.99829        0.99844        1.00015        0.25124        0.98669       -0.00080        0.07588       -0.30140        1.00017        0.99760
0.040701        0.99823        0.99839        1.00016        0.25125        0.98669       -0.00081        0.07712       -0.30630        1.00018        0.99751
0.041363        0.99817        0.99833        1.00016        0.25127        0.98669       -0.00083        0.07838       -0.31129        1.00019        0.99742
0.042036        0.99810        0.99827        1.00017        0.25128        0.98669       -0.00084        0.07966       -0.31635        1.00019        0.99733
0.042720        0.99803        0.99821        1.00017        0.25129        0.98669       -0.00085        0.08096       -0.32150        1.00020        0.99724
0.043415        0.99797        0.99815        1.00018        0.25130        0.98669       -0.00087        0.08228       -0.32672        1.00021        0.99714
0.044121        0.99790        0.99809        1.00019        0.25132        0.98669       -0.00088        0.08362       -0.33204        1.00021        0.99705
0.044839        0.99783        0.99802        1.00019        0.25133        0.98669       -0.00090        0.08499       -0.33744        1.00022        0.99695
0.045568        0.99776        0.99796        1.00020        0.25135        0.98669       -0.00091        0.08637       -0.34293        1.00023        0.99685
0.046309        0.99769        0.99789        1.00021        0.25136        0.98669       -0.00093        0.08778       -0.34850        1.00024        0.99675
0.047062        0.99762        0.99783        1.00021        0.25137        0.98669       -0.00094        0.08922       -0.35417        1.00024        0.99665
0.047828        0.99754        0.99776        1.00022        0.25139        0.98668       -0.00096        0.09067       -0.35993        1.00025        0.99655
0.048606        0.99747        0.99769        1.00023        0.25140        0.98668       -0.00097        0.09215       -0.36579        1.00026        0.99644
0.049396        0.99739        0.99762        1.00023        0.25142        0.98668       -0.00099        0.09365       -0.37174        1.00027        0.99634
0.050200        0.99731        0.99755        1.00024        0.25143        0.98668       -0.00100        0.09518       -0.37778        1.00027        0.99623
0.051016        0.99722        0.99746        1.00025        0.25145        0.98668       -0.00102        0.09674       -0.38393        1.00028        0.99609
0.051846        0.99712        0.99738        1.00026        0.25147        0.98668       -0.00104        0.09832       -0.39017        1.00029        0.99595
0.052689        0.99702        0.99729        1.00026        0.25149        0.98668       -0.00105        0.09993       -0.39652        1.00030        0.99582
0.053546        0.99692        0.99719        1.00027        0.25151        0.98668       -0.00107        0.10156       -0.40297        1.00031        0.99568
0.054417        0.99682        0.99710        1.00028        0.25153        0.98668       -0.00109        0.10322       -0.40952        1.00033        0.99553
0.055302        0.99671        0.99701        1.00029        0.25155        0.98668       -0.00111        0.10491       -0.41618        1.00034        0.99539
0.056202        0.99661        0.99691        1.00030        0.25157        0.98668       -0.00112        0.10662       -0.42295        1.00035        0.99524
0.057116        0.99650        0.99681        1.00031        0.25159        0.98668       -0.00114        0.10837       -0.42983        1.00036        0.99509
0.058045        0.99639        0.99671        1.00032        0.25161        0.98667       -0.00116        0.11014       -0.43682        1.00037        0.99493
0.058989        0.99628        0.99661        1.00033        0.25163        0.98667       -0.00118        0.11194       -0.44393        1.00038        0.99478
0.059948        0.99617        0.99651        1.00034        0.25166        0.98667       -0.00120        0.11376       -0.45115        1.00039        0.99462
0.060923        0.99604        0.99639        1.00035        0.25168        0.98667       -0.00122        0.11563       -0.45849        1.00041        0.99444
0.061914        0.99590        0.99626        1.00036        0.25171        0.98667       -0.00124        0.11752       -0.46594        1.00042        0.99424
0.062921        0.99576        0.99614        1.00038        0.25174        0.98667       -0.00126        0.11945       -0.47352        1.00043        0.99405
0.063945        0.99562        0.99601        1.00039        0.25176        0.98667       -0.00128        0.12140       -0.48122        1.00045        0.99385
0.064985        0.99547        0.99588        1.00040        0.25179        0.98667       -0.00130        0.12339       -0.48905        1.00046        0.99365
0.066042        0.99533        0.99574        1.00042        0.25182        0.98666       -0.00132        0.12541       -0.49700        1.00048        0.99344
0.067116        0.99518        0.99561        1.00043        0.25185        0.98666       -0.00134        0.12747       -0.50509        1.00049        0.99324
0.068208        0.99503        0.99547        1.00044        0.25188        0.98666       -0.00137        0.12955       -0.51330        1.00051        0.99302
0.069317        0.99487        0.99533        1.00046        0.25191        0.98666       -0.00139        0.13167       -0.52165        1.00053        0.99281
0.070445        0.99471        0.99518        1.00047        0.25194        0.98666       -0.00141        0.13383       -0.53014        1.00054        0.99258
0.071590        0.99453        0.99501        1.00049        0.25198        0.98666       -0.00144        0.13603       -0.53876        1.00056        0.99232
0.072755        0.99434        0.99484        1.00050        0.25201        0.98665       -0.00146        0.13826       -0.54752        1.00058        0.99206
0.073938        0.99415        0.99467        1.00052        0.25205        0.98665       -0.00148        0.14053       -0.55643        1.00060        0.99180
0.075141        0.99396        0.99450        1.00054        0.25209        0.98665       -0.00151        0.14284       -0.56548        1.00062        0.99153
0.076363        0.99377        0.99432        1.00056        0.25212        0.98665       -0.00153        0.14518       -0.57467        1.00064        0.99126
0.077605        0.99357        0.99414        1.00057        0.25216        0.98665       -0.00156        0.14757       -0.58402        1.00066        0.99098
0.078867        0.99337        0.99395        1.00059        0.25220        0.98665       -0.00158        0.14999       -0.59352        1.00068        0.99070
0.080150        0.99316        0.99377        1.00061        0.25224        0.98664       -0.00161        0.15245       -0.60317        1.00070        0.99041
0.081454        0.99292        0.99355        1.00063        0.25229        0.98664       -0.00163        0.15496       -0.61298        1.00073        0.99008
0.082779        0.99268        0.99333        1.00065        0.25233        0.98664       -0.00166        0.15751       -0.62295        1.00075        0.98975
0.084125        0.99244        0.99311        1.00067        0.25238        0.98664       -0.00169        0.16010       -0.63308        1.00078        0.98941
0.085493        0.99219        0.99288        1.00070        0.25243        0.98663       -0.00172        0.16274       -0.64338        1.00080        0.98906
0.086884        0.99194        0.99266        1.00072        0.25248        0.98663       -0.00174        0.16541       -0.65384        1.00083        0.98871
0.088297        0.99169        0.99242        1.00074        0.25253        0.98663       -0.00177        0.16813       -0.66447        1.00086        0.98835
0.089733        0.99143        0.99219        1.00077        0.25258        0.98663       -0.00180        0.17090       -0.67528        1.00088        0.98799
0.091193        0.99114        0.99192        1.00079        0.25263        0.98662       -0.00183        0.17372       -0.68626        1.00091        0.98759
0.092676        0.99084        0.99165        1.00082        0.25269        0.98662       -0.00186        0.17659       -0.69742        1.00094        0.98717
0.094183        0.99054        0.99137        1.00085        0.25275        0.98662       -0.00189        0.17950       -0.70877        1.00098        0.98675
0.095715        0.99023        0.99109        1.00087        0.25281        0.98662       -0.00192        0.18246       -0.72029        1.00101        0.98632
0.097272        0.98991        0.99080        1.00090        0.25287        0.98661       -0.00196        0.18548       -0.73201        1.00104        0.98588
0.098854        0.98959        0.99051        1.00093        0.25293        0.98661       -0.00199        0.18853       -0.74391        1.00107        0.98543
0.100462        0.98926        0.99021        1.00096        0.25300        0.98661       -0.00202        0.19165       -0.75601        1.00111        0.98497
0.102096        0.98890        0.98988        1.00099        0.25307        0.98660       -0.00205        0.19482       -0.76830        1.00115        0.98446
0.103757        0.98853        0.98954        1.00103        0.25314        0.98660       -0.00209        0.19805       -0.78080        1.00119        0.98395
0.105444        0.98815        0.98920        1.00106        0.25321        0.98660       -0.00212        0.20133       -0.79350        1.00123        0.98343
0.107159        0.98777        0.98885        1.00109        0.25328        0.98659       -0.00216        0.20466       -0.80640        1.00127        0.98289
0.108902        0.98738        0.98849        1.00113        0.25336        0.98659       -0.00219        0.20805       -0.81951        1.00131        0.98235
0.110674        0.98697        0.98812        1.00117        0.25344        0.98659       -0.00223        0.21149       -0.83284        1.00135        0.98179
0.112474        0.98653        0.98772        1.00121        0.25352        0.98658       -0.00227        0.21501       -0.84638        1.00140        0.98118
0.114303        0.98609        0.98732        1.00125        0.25361        0.98658       -0.00231        0.21858       -0.86014        1.00144        0.98056
0.116162        0.98563        0.98690        1.00129        0.25369        0.98657       -0.00234        0.22221       -0.87413        1.00149        0.97993
0.118052        0.98517        0.98648        1.00133        0.25378        0.98657       -0.00238        0.22591       -0.88835        1.00154        0.97929
0.119972        0.98471        0.98606        1.00137        0.25387        0.98656       -0.00242        0.22966       -0.90279        1.00159        0.97864
0.121923        0.98419        0.98559        1.00142        0.25397        0.98656       -0.00246        0.23349       -0.91747        1.00164        0.97793
0.123906        0.98367        0.98511        1.00147        0.25407        0.98655       -0.00250        0.23738       -0.93239        1.00170        0.97720
0.125922        0.98313        0.98462        1.00151        0.25417        0.98655       -0.00254        0.24134       -0.94755        1.00176        0.97646
0.127970        0.98259        0.98413        1.00156        0.25427        0.98654       -0.00259        0.24537       -0.96295        1.00181        0.97571
0.130051        0.98204        0.98363        1.00161        0.25438        0.98654       -0.00263        0.24945       -0.97861        1.00187        0.97495
0.132166        0.98144        0.98308        1.00167        0.25449        0.98653       -0.00267        0.25363       -0.99452        1.00194        0.97412
0.134316        0.98082        0.98252        1.00172        0.25461        0.98653       -0.00272        0.25788       -1.01069        1.00200        0.97327
0.136501        0.98020        0.98195        1.00178        0.25473        0.98652       -0.00276        0.26220       -1.02712        1.00207        0.97241
0.138721        0.97957        0.98137        1.00184        0.25485        0.98651       -0.00281        0.26659       -1.04381        1.00214        0.97153
0.140977        0.97891        0.98076        1.00190        0.25497        0.98651       -0.00286        0.27106       -1.06078        1.00221        0.97062
0.143270        0.97820        0.98012        1.00196        0.25510        0.98650       -0.00291        0.27562       -1.07802        1.00228        0.96965
0.145601        0.97749        0.97947        1.00203        0.25524        0.98649       -0.00295        0.28026       -1.09555        1.00236        0.96867
0.147969        0.97677        0.97881        1.00210        0.25538        0.98649       -0.00300        0.28497       -1.11335        1.00244        0.96767
0.150376        0.97602        0.97814        1.00216        0.25551        0.98648       -0.00305        0.28976       -1.13145        1.00252        0.96665
0.152821        0.97522        0.97741        1.00224        0.25566        0.98647       -0.00311        0.29466       -1.14984        1.00260        0.96555
0.155307        0.97441        0.97667        1.00231        0.25582        0.98646       -0.00316        0.29964       -1.16852        1.00269        0.96443
0.157833        0.97359        0.97591        1.00239        0.25597        0.98646       -0.00321        0.30470       -1.18751        1.00278        0.96330
0.160400        0.97274        0.97514        1.00247        0.25613        0.98645       -0.00326        0.30985       -1.20681        1.00287        0.96214
0.163009        0.97184        0.97432        1.00255        0.25630        0.98644       -0.00332        0.31512       -1.22642        1.00297        0.96090
0.165661        0.97092        0.97348        1.00263        0.25647        0.98643       -0.00338        0.32047       -1.24634        1.00307        0.95964
0.168355        0.96998        0.97262        1.00272        0.25664        0.98642       -0.00343        0.32591       -1.26659        1.00318        0.95836
0.171093        0.96901        0.97174        1.00281        0.25682        0.98641       -0.00349        0.33145       -1.28717        1.00328        0.95703
0.173876        0.96799        0.97080        1.00291        0.25701        0.98640       -0.00355        0.33712       -1.30808        1.00340        0.95563
0.176704        0.96695        0.96985        1.00300        0.25720        0.98639       -0.00361        0.34287       -1.32932        1.00351        0.95421
0.179578        0.96590        0.96889        1.00310        0.25739        0.98638       -0.00367        0.34872       -1.35091        1.00363        0.95277
0.182499        0.96477        0.96787        1.00320        0.25760        0.98637       -0.00373        0.35470       -1.37285        1.00375        0.95125
0.185468        0.96362        0.96682        1.00331        0.25780        0.98636       -0.00380        0.36079       -1.39514        1.00388        0.94968
0.188484        0.96246        0.96575        1.00342        0.25802        0.98635       -0.00386        0.36698       -1.41779        1.00401        0.94809
0.191550        0.96124        0.96464        1.00354        0.25824        0.98633       -0.00393        0.37329       -1.44081        1.00415        0.94643
0.194666        0.95997        0.96348        1.00366        0.25847        0.98632       -0.00400        0.37974       -1.46419        1.00429        0.94471
0.197832        0.95868        0.96230        1.00378        0.25870        0.98631       -0.00406        0.38630       -1.48795        1.00444        0.94296
0.201050        0.95735        0.96108        1.00390        0.25894        0.98630       -0.00413        0.39297       -1.51210        1.00459        0.94116
0.204320        0.95595        0.95981        1.00403        0.25918        0.98628       -0.00420        0.39980       -1.53663        1.00475        0.93927
0.207643        0.95453        0.95851        1.00417        0.25944        0.98627       -0.00428        0.40674       -1.56155        1.00491        0.93735
0.211020        0.95307        0.95717        1.00431        0.25969        0.98625       -0.00435        0.41382       -1.58688        1.00508        0.93538
0.214453        0.95154        0.95577        1.00445        0.25996        0.98624       -0.00442        0.42105       -1.61261        1.00526        0.93331
0.217941        0.94998        0.95435        1.00460        0.26024        0.98622       -0.00450        0.42841       -1.63875        1.00544        0.93121
0.221486        0.94836        0.95287        1.00476        0.26052        0.98620       -0.00458        0.43591       -1.66532        1.00562        0.92904
0.225088        0.94668        0.95134        1.00492        0.26081        0.98619       -0.00466        0.44358       -1.69230        1.00582        0.92679
0.228749        0.94497        0.94978        1.00508        0.26110        0.98617       -0.00474        0.45138       -1.71972        1.00602        0.92450
0.232470        0.94319        0.94815        1.00525        0.26140        0.98615       -0.00482        0.45935       -1.74756        1.00623        0.92211
0.236251        0.94136        0.94647        1.00543        0.26172        0.98613       -0.00490        0.46749       -1.77586        1.00645        0.91966
0.240093        0.93949        0.94476        1.00561        0.26203        0.98611       -0.00499        0.47576       -1.80461        1.00667        0.91717
0.243999        0.93752        0.94296        1.00580        0.26236        0.98609       -0.00508        0.48425       -1.83380        1.00690        0.91454
0.247967        0.93551        0.94112        1.00600        0.26269        0.98607       -0.00516        0.49288       -1.86346        1.00714        0.91188
0.252000        0.93344        0.93923        1.00620        0.26303        0.98605       -0.00525        0.50170       -1.89359        1.00739        0.90912
0.256099        0.93129        0.93726        1.00641        0.26338        0.98603       -0.00534        0.51071       -1.92419        1.00765        0.90628
0.260265        0.92910        0.93526        1.00663        0.26374        0.98600       -0.00544        0.51987       -1.95528        1.00792        0.90338
0.264498        0.92681        0.93316        1.00685        0.26410        0.98598       -0.00553        0.52928       -1.98684        1.00820        0.90035
0.268800        0.92447        0.93102        1.00709        0.26447        0.98595       -0.00563        0.53885       -2.01891        1.00849        0.89727
0.273172        0.92204        0.92880        1.00733        0.26485        0.98593       -0.00573        0.54865       -2.05147        1.00879        0.89408
0.277615        0.91955        0.92652        1.00758        0.26524        0.98590       -0.00583        0.55865       -2.08454        1.00910        0.89081
0.282131        0.91698        0.92416        1.00783        0.26563        0.98587       -0.00593        0.56886       -2.11812        1.00943        0.88744
0.286720        0.91432        0.92173        1.00810        0.26602        0.98584       -0.00603        0.57931       -2.15222        1.00976        0.88397
0.291383        0.91159        0.91923        1.00838        0.26643        0.98581       -0.00614        0.58996       -2.18685        1.01011        0.88041
0.296123        0.90876        0.91664        1.00867        0.26684        0.98578       -0.00625        0.60088       -2.22199        1.01047        0.87673
0.300939        0.90587        0.91399        1.00896        0.26725        0.98575       -0.00636        0.61200       -2.25769        1.01085        0.87297
0.305834        0.90286        0.91123        1.00927        0.26767        0.98572       -0.00647        0.62343       -2.29391        1.01124        0.86907
0.310808        0.89979        0.90841        1.00959        0.26809        0.98568       -0.00658        0.63506       -2.33070        1.01164        0.86510
0.315864        0.89659        0.90548        1.00992        0.26852        0.98565       -0.00670        0.64700       -2.36801        1.01207        0.86098
0.321001        0.89333        0.90249        1.01026        0.26894        0.98561       -0.00681        0.65917       -2.40590        1.01250        0.85678
0.326222        0.88994        0.89938        1.01061        0.26937        0.98557       -0.00693        0.67167       -2.44433        1.01296        0.85244
0.331528        0.88647        0.89620        1.01098        0.26980        0.98553       -0.00705        0.68442       -2.48335        1.01343        0.84800
0.336921        0.88288        0.89291        1.01136        0.27022        0.98549       -0.00717        0.69750       -2.52291        1.01392        0.84342
0.342401        0.87919        0.88952        1.01176        0.27065        0.98545       -0.00730        0.71087       -2.56306        1.01443        0.83872
0.347970        0.87539        0.88604        1.01216        0.27107        0.98541       -0.00742        0.72456       -2.60378        1.01497        0.83390
0.353630        0.87147        0.88244        1.01259        0.27148        0.98536       -0.00755        0.73859       -2.64507        1.01552        0.82894
0.359381        0.86745        0.87875        1.01303        0.27188        0.98531       -0.00768        0.75292       -2.68697        1.01609        0.82387
0.365227        0.86329        0.87493        1.01348        0.27227        0.98526       -0.00781        0.76766       -2.72939        1.01669        0.81864
0.371167        0.85904        0.87102        1.01395        0.27265        0.98521       -0.00794        0.78269       -2.77245        1.01731        0.81330
0.377204        0.85464        0.86698        1.01444        0.27301        0.98516       -0.00808        0.79815       -2.81603        1.01796        0.80780
0.383340        0.85012        0.86283        1.01495        0.27335        0.98511       -0.00821        0.81397       -2.86021        1.01864        0.80216
0.389575        0.84548        0.85857        1.01548        0.27367        0.98505       -0.00835        0.83015       -2.90500        1.01934        0.79640
0.395911        0.84069        0.85416        1.01603        0.27395        0.98499       -0.00848        0.84680       -2.95029        1.02007        0.79046
0.402351        0.83578        0.84965        1.01659        0.27420        0.98493       -0.00862        0.86382       -2.99619        1.02083        0.78440
0.408895        0.83073        0.84500        1.01718        0.27442        0.98487       -0.00875        0.88127       -3.04265        1.02162        0.77818
0.415546        0.82553        0.84022        1.01780        0.27457        0.98481       -0.00889        0.89920       -3.08961        1.02245        0.77180
0.422304        0.82020        0.83532        1.01843        0.27469        0.98474       -0.00903        0.91755       -3.13715        1.02331        0.76527
0.429173        0.81473        0.83028        1.01909        0.27476        0.98468       -0.00916        0.93636       -3.18523        1.02421        0.75859
0.436154        0.80910        0.82509        1.01977        0.27473        0.98461       -0.00930        0.95570       -3.23375        1.02514        0.75174
0.443248        0.80332        0.81978        1.02048        0.27464        0.98454       -0.00943        0.97550       -3.28281        1.02611        0.74474
0.450457        0.79741        0.81433        1.02122        0.27448        0.98446       -0.00956        0.99577       -3.33240        1.02712        0.73759
0.457784        0.79133        0.80873        1.02199        0.27418        0.98439       -0.00968        1.01663       -3.38232        1.02818        0.73026
0.465230        0.78509        0.80298        1.02279        0.27378        0.98431       -0.00980        1.03800       -3.43269        1.02928        0.72276
0.472797        0.77871        0.79710        1.02361        0.27326        0.98423       -0.00992        1.05988       -3.48350        1.03042        0.71511
0.480487        0.77218        0.79108        1.02447        0.27261        0.98415       -0.01003        1.08231       -3.53472        1.03161        0.70730
0.488302        0.76548        0.78490        1.02537        0.27177        0.98407       -0.01013        1.10533       -3.58614        1.03286        0.69931
0.496244        0.75863        0.77858        1.02630        0.27075        0.98398       -0.01022        1.12892       -3.63784        1.03415        0.69115
0.504316        0.75163        0.77212        1.02727        0.26953        0.98390       -0.01030        1.15307       -3.68981        1.03549        0.68283
0.512519        0.74447        0.76552        1.02827        0.26808        0.98381       -0.01038        1.17779       -3.74198        1.03689        0.67434
0.520855        0.73716        0.75877        1.02932        0.26640        0.98373       -0.01043        1.20307       -3.79429        1.03834        0.66569
0.529327        0.72971        0.75189        1.03040        0.26440        0.98364       -0.01047        1.22894       -3.84659        1.03985        0.65686
0.537936        0.72210        0.74487        1.03154        0.26206        0.98356       -0.01049        1.25539       -3.89879        1.04142        0.64787
0.546686        0.71436        0.73773        1.03272        0.25937        0.98348       -0.01048        1.28237       -3.95088        1.04305        0.63871
0.555578        0.70648        0.73045        1.03394        0.25628        0.98340       -0.01045        1.30989       -4.00278        1.04474        0.62939
0.564614        0.69847        0.72306        1.03521        0.25274        0.98332       -0.01040        1.33791       -4.05437        1.04649        0.61991
0.573798        0.69034        0.71556        1.03654        0.24871        0.98325       -0.01030        1.36640       -4.10553        1.04829        0.61026
0.583131        0.68210        0.70796        1.03792        0.24413        0.98318       -0.01017        1.39531       -4.15612        1.05015        0.60046
0.592615        0.67376        0.70027        1.03935        0.23893        0.98312       -0.01000        1.42459       -4.20601        1.05207        0.59050
0.602254        0.66533        0.69250        1.04084        0.23306        0.98307       -0.00978        1.45417       -4.25502        1.05404        0.58039
0.612050        0.65683        0.68467        1.04240        0.22643        0.98303       -0.00950        1.48396       -4.30298        1.05607        0.57012
0.622005        0.64827        0.67680        1.04401        0.21896        0.98301       -0.00916        1.51384       -4.34970        1.05813        0.55971
0.632122        0.63967        0.66890        1.04569        0.21058        0.98300       -0.00874        1.54369       -4.39496        1.06023        0.54916
0.642403        0.63106        0.66099        1.04743        0.20120        0.98302       -0.00825        1.57335       -4.43854        1.06236        0.53847
0.652852        0.62246        0.65311        1.04924        0.19072        0.98306       -0.00767        1.60262       -4.48018        1.06450        0.52765
0.663471        0.61390        0.64528        1.05112        0.17905        0.98312       -0.00699        1.63129       -4.51962        1.06664        0.51671
0.674262        0.60541        0.63754        1.05307        0.16609        0.98322       -0.00620        1.65910       -4.55657        1.06876        0.50564
0.685229        0.59702        0.62991        1.05510        0.15174        0.98336       -0.00529        1.68576       -4.59072        1.07084        0.49446
0.696374        0.58877        0.62243        1.05719        0.13591        0.98354       -0.00426        1.71090       -4.62175        1.07286        0.48317
0.707701        0.58069        0.61515        1.05936        0.11850        0.98377       -0.00308        1.73415       -4.64930        1.07478        0.47178
0.719212        0.57283        0.60811        1.06160        0.09943        0.98406       -0.00174        1.75505       -4.67302        1.07657        0.46029
0.730910        0.56526        0.60138        1.06391        0.07853        0.98441       -0.00024        1.77288       -4.69221        1.07816        0.44873
0.742798        0.55803        0.59502        1.06629        0.05572        0.98484        0.00145        1.78691       -4.70634        1.07951        0.43710
0.754880        0.55118        0.58906        1.06873        0.03105        0.98534        0.00333        1.79670       -4.71530        1.08056        0.42539
0.767158        0.54475        0.58356        1.07123        0.00450        0.98593        0.00540        1.80154       -4.71863        1.08125        0.41363
0.779636        0.53879        0.57855        1.07379       -0.02392        0.98661        0.00767        1.80061       -4.71588        1.08151        0.40182
0.792317        0.53345        0.57420        1.07640       -0.05437        0.98738        0.01016        1.79201       -4.70560        1.08117        0.38999
0.805204        0.52871        0.57050        1.07904       -0.08659        0.98826        0.01286        1.77533       -4.68795        1.08018        0.37814
0.818301        0.52460        0.56746        1.08171       -0.12044        0.98924        0.01576        1.74975       -4.66264        1.07844        0.36626
0.831610        0.52122        0.56520        1.08438       -0.15579        0.99032        0.01886        1.71323       -4.62848        1.07577        0.35440
0.845137        0.51862        0.56376        1.08704       -0.19239        0.99151        0.02215        1.66412       -4.58472        1.07198        0.34255
0.858883        0.51675        0.56308        1.08967       -0.22988        0.99279        0.02559        1.60225       -4.53175        1.06704        0.33071
0.872853        0.51570        0.56326        1.09223       -0.26785        0.99417        0.02917        1.52428       -4.46782        1.06061        0.31893
0.887050        0.51540        0.56421        1.09471       -0.30585        0.99562        0.03284        1.42974       -4.39320        1.05260        0.30720
0.901478        0.51580        0.56586        1.09706       -0.34331        0.99713        0.03656        1.31712       -4.30755        1.04282        0.29554
0.916140        0.51685        0.56815        1.09924       -0.37945        0.99870        0.04025        1.18348       -4.20982        1.03093        0.28396
0.931041        0.51838        0.57085        1.10122       -0.41373        1.00031        0.04387        1.02943       -4.10105        1.01695        0.27247
0.946185        0.52024        0.57378        1.10292       -0.44492        1.00192        0.04730        0.85107       -3.98012        1.00041        0.26110
0.961575        0.52218        0.57665        1.10432       -0.47246        1.00352        0.05047        0.64994       -3.84872        0.98140        0.24985
0.977215        0.52391        0.57909        1.10532       -0.49483        1.00507        0.05322        0.42343       -3.70689        0.95955        0.23874
0.993109        0.52508        0.58069        1.10590       -0.51107        1.00655        0.05544        0.17277       -3.55659        0.93492        0.22779
1.009262        0.52537        0.58104        1.10598       -0.52004        1.00791        0.05700       -0.10106       -3.39977        0.90753        0.21699
1.025678        0.52424        0.57953        1.10547       -0.51954        1.00907        0.05764       -0.39737       -3.23920        0.87730        0.20640
1.042361        0.52146        0.57589        1.10437       -0.50915        1.00997        0.05727       -0.71107       -3.07845        0.84473        0.19599
1.059315        0.51669        0.56971        1.10261       -0.48728        1.01050        0.05568       -1.03775       -2.92158        0.81019        0.18578
1.076545        0.50964        0.56066        1.10011       -0.45248        1.01046        0.05266       -1.36967       -2.77412        0.77442        0.17581
1.094055        0.50051        0.54902        1.09691       -0.40546        1.00972        0.04822       -1.69720       -2.64013        0.73848        0.16607
1.111850        0.48957        0.53511        1.09301       -0.34700        1.00810        0.04239       -2.00925       -2.52404        0.70359        0.15657
1.129934        0.47736        0.51958        1.08845       -0.27906        1.00542        0.03533       -2.29272       -2.42968        0.67126        0.14732
1.148312        0.46474        0.50344        1.08326       -0.20497        1.00151        0.02734       -2.53141       -2.36043        0.64341        0.13836
1.166990        0.45270        0.48784        1.07760       -0.12922        0.99641        0.01891       -2.71446       -2.31553        0.62151        0.12968
1.185971        0.44215        0.47379        1.07157       -0.05588        0.99025        0.01052       -2.83086       -2.29399        0.60706        0.12128
1.205261        0.43379        0.46214        1.06534        0.01162        0.98324        0.00256       -2.87200       -2.29365        0.60134        0.11317
1.224865        0.42804        0.45333        1.05907        0.07086        0.97567       -0.00465       -2.83195       -2.31169        0.60541        0.10537
1.244787        0.42490        0.44740        1.05295        0.12043        0.96790       -0.01089       -2.70732       -2.34504        0.62000        0.09787
1.265034        0.42391        0.44391        1.04717        0.15964        0.96026       -0.01603       -2.49720       -2.39063        0.64561        0.09069
1.285610        0.42421        0.44199        1.04191        0.18814        0.95308       -0.01995       -2.20337       -2.44545        0.68239        0.08382
1.306520        0.42453        0.44039        1.03736        0.20573        0.94667       -0.02256       -1.83084       -2.50641        0.73007        0.07728
1.327771        0.42339        0.43766        1.03370        0.21232        0.94128       -0.02377       -1.38880       -2.57024        0.78779        0.07105
1.349367        0.41929        0.43232        1.03106        0.20818        0.93718       -0.02353       -0.89128       -2.63348        0.85402        0.06514
1.371315        0.41093        0.42310        1.02962        0.19395        0.93461       -0.02185       -0.35712       -2.69246        0.92649        0.05957
1.393619        0.39775        0.40946        1.02944        0.17146        0.93372       -0.01890        0.18911       -2.74392        1.00199        0.05431
1.416287        0.38012        0.39173        1.03054        0.14329        0.93458       -0.01499        0.72209       -2.78571        1.07702        0.04936
1.439323        0.35910        0.37091        1.03290        0.11225        0.93722       -0.01049        1.21839       -2.81666        1.14817        0.04472
1.462733        0.33622        0.34850        1.03651        0.08111        0.94165       -0.00576        1.65481       -2.83628        1.21199        0.04039
1.486525        0.31335        0.32626        1.04122        0.05205        0.94767       -0.00115        2.01885       -2.84587        1.26630        0.03635
1.510703        0.29201        0.30570        1.04688        0.02638        0.95510        0.00310        2.30266       -2.84698        1.30958        0.03261
1.535275        0.27354        0.28813        1.05337        0.00496        0.96375        0.00681        2.49765       -2.84088        1.34013        0.02915
1.560246        0.25842        0.27404        1.06045       -0.01238        0.97331        0.00994        2.60830       -2.82955        1.35817        0.02595
1.585624        0.24723        0.26402        1.06793       -0.02549        0.98352        0.01241        2.62781       -2.81404        1.36221        0.02303
1.611414        0.23964        0.25775        1.07556       -0.03495        0.99404        0.01424        2.56145       -2.79579        1.35257        0.02035
1.637624        0.23543        0.25499        1.08307       -0.04088        1.00449        0.01544        2.40435       -2.77578        1.32798        0.01791
1.664260        0.23379        0.25487        1.09018       -0.04363        1.01445        0.01604        2.15716       -2.75515        1.28805        0.01570
1.691330        0.23359        0.25615        1.09656       -0.04344        1.02345        0.01611        1.82206       -2.73500        1.23261        0.01369
1.718839        0.23342        0.25719        1.10187       -0.04045        1.03097        0.01570        1.40338       -2.71660        1.16186        0.01190
1.746796        0.23156        0.25606        1.10576       -0.03491        1.03649        0.01489        0.91615       -2.70128        1.07789        0.01029
1.775208        0.22661        0.25108        1.10800       -0.02722        1.03964        0.01380        0.38543       -2.69022        0.98469        0.00886
1.804082        0.21776        0.24136        1.10839       -0.01797        1.04014        0.01256       -0.15665       -2.68432        0.88773        0.00758
1.833425        0.20523        0.22717        1.10691       -0.00789        1.03791        0.01133       -0.67492       -2.68399        0.79331        0.00646
1.863246        0.19015        0.20985        1.10363        0.00229        1.03309        0.01024       -1.13844       -2.68900        0.70726        0.00548
1.893552        0.17410        0.19130        1.09878        0.01197        1.02598        0.00939       -1.52637       -2.69865        0.63382        0.00462
1.924351        0.15861        0.17330        1.09263        0.02075        1.01702        0.00881       -1.82951       -2.71194        0.57521        0.00387
1.955651        0.14474        0.15712        1.08549        0.02834        1.00667        0.00850       -2.04820       -2.72781        0.53191        0.00323
1.987460        0.13305        0.14339        1.07768        0.03451        0.99541        0.00844       -2.18846       -2.74532        0.50329        0.00267
2.019786        0.12371        0.13230        1.06946        0.03908        0.98365        0.00859       -2.25853       -2.76362        0.48820        0.00220
2.052638        0.11663        0.12376        1.06109        0.04188        0.97176        0.00891       -2.26530       -2.78206        0.48574        0.00180
2.086024        0.11151        0.11740        1.05278        0.04293        0.96007        0.00939       -2.21706       -2.80008        0.49463        0.00146
2.119953        0.10799        0.11282        1.04473        0.04231        0.94882        0.01000       -2.11960       -2.81729        0.51405        0.00118
2.154435        0.10569        0.10962        1.03712        0.04017        0.93828        0.01075       -1.97601       -2.83328        0.54371        0.00095
2.189477        0.10413        0.10726        1.03008        0.03684        0.92860        0.01166       -1.79185       -2.84786        0.58274        0.00075
2.225089        0.10282        0.10527        1.02379        0.03258        0.91998        0.01276       -1.57029       -2.86076        0.63078        0.00060
2.261280        0.10126        0.10312        1.01835        0.02767        0.91251        0.01408       -1.31764       -2.87184        0.68668        0.00047
2.298060        0.09897        0.10035        1.01388        0.02230        0.90633        0.01570       -1.04040       -2.88094        0.74925        0.00036
2.335438        0.09558        0.09658        1.01046        0.01657        0.90150        0.01771       -0.74768       -2.88801        0.81657        0.00028
2.373424        0.09089        0.09163        1.00815        0.01050        0.89806        0.02021       -0.44976       -2.89300        0.88638        0.00021
2.412028        0.08491        0.08550        1.00696        0.00400        0.89600        0.02335       -0.15732       -2.89596        0.95617        0.00016
2.451260        0.07787        0.07841        1.00689       -0.00308        0.89526        0.02726        0.11958       -2.89696        1.02348        0.00012
2.491130        0.07015        0.07071        1.00790       -0.01097        0.89576        0.03215        0.37283       -2.89614        1.08620        0.00009
2.531648        0.06221        0.06282        1.00990       -0.01991        0.89736        0.03821        0.59512       -2.89368        1.14231        0.00000
2.572826        0.05444        0.05513        1.01283       -0.03018        0.89991        0.04565        0.78785       -2.88979        1.19191        0.00000
2.614673        0.04715        0.04794        1.01657       -0.04208        0.90325        0.05471        0.94922       -2.88468        1.23429        0.00000
2.657201        0.04056        0.04141        1.02105       -0.05588        0.90723        0.06561        1.08118       -2.87857        1.26970        0.00000
2.700421        0.03474        0.03565        1.02618       -0.07181        0.91168        0.07858        1.18680       -2.87167        1.29871        0.00000
2.744343        0.02973        0.03067        1.03188       -0.09011        0.91647        0.09384        1.26931       -2.86415        1.32196        0.00000
2.788980        0.02545        0.02642        1.03807       -0.11092        0.92148        0.11155        1.33277       -2.85618        1.34037        0.00000
2.834343        0.02185        0.02282        1.04471       -0.13438        0.92661        0.13189        1.38022       -2.84791        1.35461        0.00000
2.880444        0.01882        0.01980        1.05175       -0.16054        0.93177        0.15494        1.41483       -2.83944        1.36545        0.00000
2.927295        0.01630        0.01726        1.05914       -0.18946        0.93690        0.18083        1.43893       -2.83087        1.37344        0.00000
2.974908        0.01419        0.01513        1.06686       -0.22108        0.94195        0.20959        1.45471       -2.82226        1.37911        0.00000
3.023295        0.01242        0.01335        1.07488       -0.25536        0.94688        0.24123        1.46383       -2.81368        1.38289        0.00000
3.072469        0.01094        0.01184        1.08318       -0.29219        0.95167        0.27576        1.46764       -2.80514        1.38511        0.00000
3.122443        0.00969        0.01057        1.09175       -0.33145        0.95632        0.31312        1.46720       -2.79667        1.38606        0.00000
3.173230        0.00863        0.00950        1.10057       -0.37290        0.96083        0.35317        1.46335       -2.78825        1.38594        0.00000
3.224842        0.00775        0.00860        1.10964       -0.41535        0.96539        0.39492        1.45652       -2.77960        1.38487        0.00000
3.277295        0.00735        0.00821        1.11792       -0.47117        0.97223        0.43247        1.52189       -2.76770        1.41067        0.00000
3.330600        0.00706        0.00793        1.12545       -0.55181        0.97868        0.47765        1.65551       -2.75638        1.46172        0.00000
3.384773        0.00677        0.00765        1.13310       -0.63376        0.98522        0.52356        1.79131       -2.74488        1.51359        0.00000
3.439826        0.00647        0.00735        1.14088       -0.71704        0.99188        0.57021        1.92931       -2.73318        1.56631        0.00000
3.495776        0.00616        0.00706        1.14879       -0.80167        0.99864        0.61763        2.06956       -2.72130        1.61988        0.00000
3.552635        0.00585        0.00676        1.15682       -0.88768        1.00552        0.66581        2.21209       -2.70923        1.67433        0.00000
3.610419        0.00554        0.00645        1.16499       -0.97509        1.01250        0.71478        2.35694       -2.69696        1.72966        0.00000
3.669142        0.00464        0.00549        1.18239       -1.17691        1.01572        0.86202        2.37182       -2.68715        1.73721        0.00000
3.728821        0.00398        0.00478        1.20196       -1.38518        1.02121        1.01703        2.36594       -2.67313        1.73713        0.00000
3.789471        0.00348        0.00426        1.22243       -1.59609        1.02831        1.17468        2.36035       -2.65618        1.73715        0.00000
3.851107        0.00309        0.00384        1.24386       -1.81557        1.03658        1.33918        2.35552       -2.63687        1.73745        0.00000
3.913746        0.00277        0.00350        1.26631       -2.04709        1.04590        1.51300        2.35176       -2.61527        1.73817        0.00000
3.977403        0.00250        0.00322        1.28988       -2.29344        1.05630        1.69803        2.34935       -2.59120        1.73943        0.00000
4.042096        0.00227        0.00298        1.31466       -2.55744        1.06794        1.89623        2.34860       -2.56434        1.74138        0.00000
4.107841        0.00207        0.00277        1.34076       -2.84200        1.08100        2.10947        2.34986       -2.53421        1.74418        0.00000
4.174655        0.00189        0.00259        1.36833       -3.15084        1.09579        2.34018        2.35357       -2.50013        1.74804        0.00000
4.242556        0.00174        0.00243        1.39749       -3.48821        1.11274        2.59107        2.36025       -2.46122        1.75322        0.00000
4.311562        0.00160        0.00228        1.42845       -3.85967        1.13242        2.86562        2.37060       -2.41621        1.76006        0.00000
4.381690        0.00148        0.00216        1.46142       -4.27247        1.15566        3.16830        2.38551       -2.36335        1.76901        0.00000
4.452959        0.00136        0.00204        1.49666       -4.73626        1.18365        3.50499        2.40622       -2.30011        1.78068        0.00000
4.525386        0.00126        0.00194        1.53450       -5.26430        1.21822        3.88361        2.43441       -2.22264        1.79594        0.00000
4.598992        0.00117        0.00184        1.57538       -5.87548        1.26225        4.31537        2.47252       -2.12488        1.81599        0.00000
4.673795        0.00108        0.00175        1.61987       -6.59814        1.32073        4.81682        2.52415       -1.99639        1.84271        0.00000
4.749815        0.00100        0.00167        1.66870       -7.47466        1.40273        5.41248        2.59462       -1.81819        1.87879        0.00000
4.827071        0.00092        0.00159        1.72295       -8.57284        1.52754        6.14145        2.69179       -1.55010        1.92836        0.00000
4.905584        0.00085        0.00152        1.78414       -9.98770        1.74412        7.05973        2.82303       -1.09045        1.99545        0.00000
