x               rho            P              T              ur             uphi           uz             Br             Bphi           Bz             m
0.010000        0.99970        0.99971        1.00001        2.09259        0.85746       -0.00201        0.01884       -0.00784        1.00001        0.99992
0.010163        0.99969        0.99970        1.00001        2.09258        0.85746       -0.00204        0.01915       -0.00797        1.00001        0.99992
0.010328        0.99968        0.99969        1.00001        2.09257        0.85746       -0.00207        0.01946       -0.00810        1.00001        0.99992
0.010496        0.99966        0.99967        1.00001        2.09256        0.85746       -0.00210        0.01977       -0.00823        1.00001        0.99991
0.010667        0.99965        0.99966        1.00001        2.09255        0.85745       -0.00214        0.02010       -0.00836        1.00001        0.99991
0.010840        0.99963        0.99964        1.00001        2.09254        0.85745       -0.00217        0.02042       -0.00850        1.00001        0.99991
0.011016        0.99961        0.99963        1.00001        2.09252        0.85745       -0.00221        0.02076       -0.00864        1.00002        0.99990
0.011196        0.99960        0.99961        1.00001        2.09251        0.85745       -0.00224        0.02109       -0.00878        1.00002        0.99990
0.011378        0.99958        0.99960        1.00001        2.09250        0.85745       -0.00228        0.02144       -0.00892        1.00002        0.99989
0.011563        0.99957        0.99958        1.00001        2.09249        0.85745       -0.00232        0.02178       -0.00906        1.00002        0.99989
0.011751        0.99955        0.99956        1.00001        2.09247        0.85744       -0.00236        0.02214       -0.00921        1.00002        0.99989
0.011942        0.99953        0.99955        1.00002        2.09246        0.85744       -0.00239        0.02250       -0.00936        1.00002        0.99988
0.012136        0.99951        0.99953        1.00002        2.09245        0.85744       -0.00243        0.02287       -0.00951        1.00002        0.99988
0.012334        0.99950        0.99951        1.00002        2.09243        0.85744       -0.00247        0.02324       -0.00967        1.00002        0.99987
0.012534        0.99948        0.99950        1.00002        2.09242        0.85744       -0.00251        0.02361       -0.00982        1.00002        0.99987
0.012738        0.99946        0.99948        1.00002        2.09241        0.85744       -0.00255        0.02400       -0.00998        1.00002        0.99986
0.012945        0.99944        0.99946        1.00002        2.09239        0.85743       -0.00260        0.02439       -0.01015        1.00002        0.99986
0.013156        0.99942        0.99944        1.00002        2.09238        0.85743       -0.00264        0.02479       -0.01031        1.00002        0.99985
0.013370        0.99940        0.99942        1.00002        2.09236        0.85743       -0.00268        0.02519       -0.01048        1.00002        0.99985
0.013587        0.99938        0.99940        1.00002        2.09235        0.85743       -0.00272        0.02560       -0.01065        1.00002        0.99984
0.013808        0.99936        0.99938        1.00002        2.09233        0.85743       -0.00277        0.02602       -0.01082        1.00002        0.99984
0.014033        0.99934        0.99936        1.00002        2.09232        0.85742       -0.00281        0.02644       -0.01100        1.00003        0.99983
0.014261        0.99932        0.99935        1.00002        2.09230        0.85742       -0.00286        0.02687       -0.01118        1.00003        0.99983
0.014493        0.99930        0.99932        1.00002        2.09229        0.85742       -0.00291        0.02731       -0.01136        1.00003        0.99982
0.014729        0.99928        0.99930        1.00002        2.09227        0.85742       -0.00295        0.02775       -0.01154        1.00003        0.99982
0.014968        0.99926        0.99928        1.00002        2.09225        0.85742       -0.00300        0.02820       -0.01173        1.00003        0.99981
0.015212        0.99924        0.99926        1.00002        2.09224        0.85741       -0.00305        0.02866       -0.01192        1.00003        0.99981
0.015459        0.99922        0.99924        1.00003        2.09222        0.85741       -0.00310        0.02913       -0.01212        1.00003        0.99980
0.015711        0.99919        0.99922        1.00003        2.09220        0.85741       -0.00315        0.02960       -0.01231        1.00003        0.99980
0.015966        0.99917        0.99920        1.00003        2.09218        0.85741       -0.00320        0.03008       -0.01251        1.00003        0.99979
0.016226        0.99915        0.99917        1.00003        2.09217        0.85740       -0.00325        0.03057       -0.01272        1.00003        0.99978
0.016490        0.99912        0.99915        1.00003        2.09215        0.85740       -0.00331        0.03107       -0.01292        1.00003        0.99978
0.016758        0.99910        0.99913        1.00003        2.09213        0.85740       -0.00336        0.03157       -0.01313        1.00004        0.99977
0.017031        0.99908        0.99910        1.00003        2.09211        0.85740       -0.00341        0.03209       -0.01335        1.00004        0.99977
0.017308        0.99905        0.99908        1.00003        2.09209        0.85740       -0.00347        0.03261       -0.01356        1.00004        0.99976
0.017589        0.99903        0.99906        1.00003        2.09207        0.85739       -0.00353        0.03314       -0.01378        1.00004        0.99975
0.017875        0.99900        0.99903        1.00003        2.09205        0.85739       -0.00358        0.03368       -0.01401        1.00004        0.99975
0.018166        0.99897        0.99901        1.00003        2.09203        0.85739       -0.00364        0.03422       -0.01424        1.00004        0.99974
0.018461        0.99895        0.99898        1.00003        2.09201        0.85739       -0.00370        0.03478       -0.01447        1.00004        0.99973
0.018762        0.99892        0.99895        1.00003        2.09199        0.85738       -0.00376        0.03535       -0.01470        1.00004        0.99973
0.019067        0.99889        0.99893        1.00004        2.09197        0.85738       -0.00382        0.03592       -0.01494        1.00004        0.99972
0.019377        0.99886        0.99890        1.00004        2.09195        0.85738       -0.00388        0.03651       -0.01518        1.00004        0.99971
0.019692        0.99884        0.99887        1.00004        2.09193        0.85737       -0.00395        0.03710       -0.01543        1.00005        0.99971
0.020012        0.99881        0.99885        1.00004        2.09191        0.85737       -0.00401        0.03770       -0.01568        1.00005        0.99970
0.020338        0.99876        0.99880        1.00004        2.09187        0.85737       -0.00408        0.03832       -0.01594        1.00005        0.99969
0.020669        0.99871        0.99876        1.00004        2.09183        0.85736       -0.00414        0.03894       -0.01620        1.00005        0.99968
0.021005        0.99866        0.99871        1.00004        2.09180        0.85736       -0.00421        0.03957       -0.01646        1.00005        0.99966
0.021347        0.99861        0.99866        1.00004        2.09176        0.85735       -0.00428        0.04022       -0.01673        1.00005        0.99965
0.021694        0.99856        0.99861        1.00005        2.09172        0.85735       -0.00435        0.04087       -0.01700        1.00006        0.99964
0.022047        0.99851        0.99856        1.00005        2.09168        0.85734       -0.00442        0.04153       -0.01727        1.00006        0.99962
0.022405        0.99846        0.99850        1.00005        2.09164        0.85734       -0.00449        0.04221       -0.01755        1.00006        0.99961
0.022770        0.99840        0.99845        1.00005        2.09159        0.85733       -0.00456        0.04290       -0.01784        1.00006        0.99960
0.023140        0.99835        0.99840        1.00005        2.09155        0.85733       -0.00464        0.04359       -0.01813        1.00006        0.99958
0.023516        0.99829        0.99834        1.00005        2.09151        0.85732       -0.00471        0.04430       -0.01842        1.00007        0.99957
0.023899        0.99823        0.99829        1.00006        2.09146        0.85731       -0.00479        0.04502       -0.01872        1.00007        0.99955
0.024288        0.99818        0.99823        1.00006        2.09142        0.85731       -0.00487        0.04576       -0.01903        1.00007        0.99954
0.024683        0.99812        0.99818        1.00006        2.09137        0.85730       -0.00495        0.04650       -0.01933        1.00007        0.99952
0.025084        0.99806        0.99812        1.00006        2.09133        0.85730       -0.00503        0.04726       -0.01965        1.00008        0.99951
0.025492        0.99800        0.99806        1.00006        2.09128        0.85729       -0.00511        0.04802       -0.01997        1.00008        0.99949
0.025907        0.99793        0.99800        1.00007        2.09123        0.85729       -0.00519        0.04881       -0.02029        1.00008        0.99948
0.026328        0.99787        0.99794        1.00007        2.09119        0.85728       -0.00528        0.04960       -0.02062        1.00008        0.99946
0.026756        0.99781        0.99788        1.00007        2.09114        0.85727       -0.00536        0.05041       -0.02096        1.00009        0.99945
0.027192        0.99774        0.99781        1.00007        2.09109        0.85727       -0.00545        0.05123       -0.02130        1.00009        0.99943
0.027634        0.99768        0.99775        1.00007        2.09104        0.85726       -0.00554        0.05206       -0.02164        1.00009        0.99941
0.028083        0.99761        0.99769        1.00008        2.09098        0.85725       -0.00563        0.05290       -0.02199        1.00009        0.99940
0.028540        0.99754        0.99762        1.00008        2.09093        0.85725       -0.00572        0.05377       -0.02235        1.00010        0.99938
0.029004        0.99747        0.99755        1.00008        2.09088        0.85724       -0.00581        0.05464       -0.02271        1.00010        0.99936
0.029476        0.99740        0.99748        1.00008        2.09082        0.85723       -0.00590        0.05553       -0.02308        1.00010        0.99934
0.029955        0.99733        0.99741        1.00008        2.09077        0.85723       -0.00600        0.05643       -0.02346        1.00010        0.99933
0.030443        0.99724        0.99732        1.00009        2.09070        0.85722       -0.00610        0.05735       -0.02384        1.00011        0.99930
0.030938        0.99713        0.99723        1.00009        2.09062        0.85721       -0.00620        0.05828       -0.02422        1.00011        0.99928
0.031441        0.99703        0.99712        1.00009        2.09054        0.85720       -0.00630        0.05923       -0.02462        1.00012        0.99925
0.031952        0.99692        0.99702        1.00010        2.09045        0.85719       -0.00640        0.06019       -0.02502        1.00012        0.99922
0.032472        0.99681        0.99692        1.00010        2.09037        0.85717       -0.00650        0.06117       -0.02542        1.00012        0.99920
0.033000        0.99670        0.99681        1.00010        2.09028        0.85716       -0.00661        0.06216       -0.02583        1.00013        0.99917
0.033537        0.99659        0.99670        1.00011        2.09020        0.85715       -0.00672        0.06318       -0.02625        1.00013        0.99914
0.034083        0.99648        0.99659        1.00011        2.09011        0.85714       -0.00682        0.06420       -0.02668        1.00014        0.99911
0.034637        0.99636        0.99648        1.00011        2.09002        0.85713       -0.00694        0.06525       -0.02711        1.00014        0.99908
0.035200        0.99625        0.99637        1.00012        2.08993        0.85712       -0.00705        0.06631       -0.02755        1.00015        0.99905
0.035773        0.99613        0.99625        1.00012        2.08984        0.85711       -0.00716        0.06739       -0.02800        1.00015        0.99902
0.036355        0.99601        0.99613        1.00013        2.08974        0.85709       -0.00728        0.06848       -0.02845        1.00016        0.99899
0.036946        0.99588        0.99601        1.00013        2.08965        0.85708       -0.00740        0.06959       -0.02891        1.00016        0.99896
0.037547        0.99576        0.99589        1.00013        2.08955        0.85707       -0.00752        0.07073       -0.02938        1.00017        0.99893
0.038158        0.99563        0.99577        1.00014        2.08945        0.85706       -0.00764        0.07188       -0.02986        1.00017        0.99890
0.038778        0.99550        0.99564        1.00014        2.08935        0.85704       -0.00776        0.07304       -0.03034        1.00018        0.99886
0.039409        0.99537        0.99552        1.00015        2.08925        0.85703       -0.00789        0.07423       -0.03083        1.00018        0.99883
0.040050        0.99524        0.99539        1.00015        2.08915        0.85702       -0.00802        0.07544       -0.03133        1.00019        0.99880
0.040701        0.99507        0.99522        1.00016        2.08901        0.85700       -0.00815        0.07667       -0.03184        1.00019        0.99875
0.041363        0.99489        0.99505        1.00016        2.08887        0.85698       -0.00828        0.07791       -0.03235        1.00020        0.99871
0.042036        0.99471        0.99488        1.00017        2.08873        0.85697       -0.00841        0.07918       -0.03288        1.00021        0.99866
0.042720        0.99453        0.99470        1.00017        2.08859        0.85695       -0.00855        0.08047       -0.03341        1.00021        0.99862
0.043415        0.99434        0.99452        1.00018        2.08844        0.85693       -0.00869        0.08177       -0.03395        1.00022        0.99857
0.044121        0.99415        0.99434        1.00019        2.08830        0.85691       -0.00883        0.08310       -0.03450        1.00023        0.99852
0.044839        0.99396        0.99415        1.00019        2.08815        0.85689       -0.00897        0.08445       -0.03505        1.00024        0.99847
0.045568        0.99377        0.99396        1.00020        2.08799        0.85687       -0.00911        0.08583       -0.03562        1.00024        0.99843
0.046309        0.99357        0.99377        1.00020        2.08784        0.85685       -0.00926        0.08722       -0.03620        1.00025        0.99838
0.047062        0.99337        0.99358        1.00021        2.08768        0.85683       -0.00941        0.08864       -0.03678        1.00026        0.99832
0.047828        0.99316        0.99338        1.00022        2.08752        0.85681       -0.00956        0.09008       -0.03738        1.00027        0.99827
0.048606        0.99295        0.99318        1.00022        2.08736        0.85679       -0.00972        0.09154       -0.03798        1.00028        0.99822
0.049396        0.99274        0.99297        1.00023        2.08719        0.85677       -0.00988        0.09303       -0.03860        1.00028        0.99817
0.050200        0.99252        0.99276        1.00024        2.08702        0.85675       -0.01004        0.09454       -0.03922        1.00029        0.99811
0.051016        0.99226        0.99250        1.00025        2.08681        0.85672       -0.01020        0.09608       -0.03985        1.00030        0.99804
0.051846        0.99199        0.99224        1.00025        2.08660        0.85670       -0.01036        0.09764       -0.04049        1.00031        0.99798
0.052689        0.99171        0.99197        1.00026        2.08638        0.85667       -0.01053        0.09923       -0.04115        1.00032        0.99791
0.053546        0.99143        0.99170        1.00027        2.08616        0.85664       -0.01070        0.10084       -0.04181        1.00033        0.99784
0.054417        0.99115        0.99143        1.00028        2.08593        0.85662       -0.01087        0.10248       -0.04248        1.00035        0.99776
0.055302        0.99086        0.99115        1.00029        2.08570        0.85659       -0.01105        0.10414       -0.04317        1.00036        0.99769
0.056202        0.99057        0.99086        1.00030        2.08547        0.85656       -0.01123        0.10584       -0.04387        1.00037        0.99762
0.057116        0.99027        0.99057        1.00031        2.08523        0.85653       -0.01141        0.10756       -0.04457        1.00038        0.99754
0.058045        0.98996        0.99028        1.00032        2.08499        0.85650       -0.01159        0.10930       -0.04529        1.00039        0.99746
0.058989        0.98966        0.98998        1.00033        2.08475        0.85647       -0.01178        0.11108       -0.04602        1.00040        0.99739
0.059948        0.98934        0.98968        1.00034        2.08450        0.85644       -0.01197        0.11289       -0.04676        1.00042        0.99731
0.060923        0.98898        0.98933        1.00035        2.08421        0.85640       -0.01216        0.11472       -0.04752        1.00043        0.99721
0.061914        0.98860        0.98896        1.00036        2.08390        0.85636       -0.01236        0.11658       -0.04828        1.00045        0.99712
0.062921        0.98821        0.98858        1.00037        2.08359        0.85633       -0.01256        0.11848       -0.04905        1.00046        0.99702
0.063945        0.98782        0.98820        1.00039        2.08327        0.85629       -0.01276        0.12040       -0.04984        1.00048        0.99692
0.064985        0.98742        0.98781        1.00040        2.08295        0.85625       -0.01296        0.12236       -0.05064        1.00049        0.99682
0.066042        0.98701        0.98742        1.00041        2.08263        0.85621       -0.01317        0.12434       -0.05146        1.00051        0.99672
0.067116        0.98660        0.98702        1.00043        2.08229        0.85617       -0.01338        0.12636       -0.05228        1.00052        0.99661
0.068208        0.98618        0.98661        1.00044        2.08196        0.85613       -0.01360        0.12842       -0.05312        1.00054        0.99651
0.069317        0.98575        0.98620        1.00045        2.08161        0.85608       -0.01382        0.13050       -0.05398        1.00056        0.99640
0.070445        0.98530        0.98576        1.00047        2.08125        0.85604       -0.01404        0.13262       -0.05485        1.00057        0.99628
0.071590        0.98479        0.98527        1.00048        2.08083        0.85599       -0.01427        0.13477       -0.05572        1.00059        0.99615
0.072755        0.98428        0.98477        1.00050        2.08041        0.85594       -0.01449        0.13696       -0.05661        1.00061        0.99602
0.073938        0.98376        0.98426        1.00052        2.07998        0.85589       -0.01473        0.13919       -0.05752        1.00063        0.99589
0.075141        0.98322        0.98375        1.00053        2.07955        0.85583       -0.01496        0.14145       -0.05844        1.00066        0.99576
0.076363        0.98268        0.98322        1.00055        2.07911        0.85578       -0.01520        0.14374       -0.05937        1.00068        0.99562
0.077605        0.98213        0.98269        1.00057        2.07866        0.85573       -0.01545        0.14608       -0.06032        1.00070        0.99548
0.078867        0.98158        0.98215        1.00059        2.07820        0.85567       -0.01569        0.14845       -0.06129        1.00072        0.99534
0.080150        0.98101        0.98160        1.00060        2.07773        0.85562       -0.01595        0.15086       -0.06227        1.00074        0.99519
0.081454        0.98035        0.98097        1.00063        2.07719        0.85555       -0.01620        0.15330       -0.06326        1.00077        0.99503
0.082779        0.97969        0.98033        1.00065        2.07664        0.85549       -0.01646        0.15579       -0.06427        1.00079        0.99486
0.084125        0.97902        0.97967        1.00067        2.07608        0.85542       -0.01672        0.15832       -0.06529        1.00082        0.99469
0.085493        0.97834        0.97901        1.00069        2.07551        0.85535       -0.01699        0.16089       -0.06633        1.00085        0.99451
0.086884        0.97764        0.97834        1.00071        2.07493        0.85528       -0.01726        0.16350       -0.06739        1.00087        0.99434
0.088297        0.97693        0.97765        1.00074        2.07434        0.85522       -0.01753        0.16615       -0.06846        1.00090        0.99416
0.089733        0.97622        0.97696        1.00076        2.07374        0.85514       -0.01781        0.16885       -0.06955        1.00093        0.99398
0.091193        0.97543        0.97619        1.00078        2.07307        0.85507       -0.01810        0.17159       -0.07066        1.00096        0.99378
0.092676        0.97460        0.97539        1.00081        2.07236        0.85499       -0.01838        0.17437       -0.07178        1.00099        0.99357
0.094183        0.97376        0.97458        1.00084        2.07165        0.85490       -0.01868        0.17719       -0.07291        1.00103        0.99335
0.095715        0.97291        0.97375        1.00087        2.07092        0.85482       -0.01897        0.18007       -0.07407        1.00106        0.99313
0.097272        0.97204        0.97291        1.00089        2.07019        0.85473       -0.01927        0.18299       -0.07524        1.00110        0.99291
0.098854        0.97116        0.97206        1.00092        2.06944        0.85465       -0.01958        0.18595       -0.07643        1.00113        0.99269
0.100462        0.97025        0.97117        1.00095        2.06865        0.85456       -0.01989        0.18897       -0.07764        1.00117        0.99246
0.102096        0.96924        0.97020        1.00098        2.06778        0.85446       -0.02020        0.19203       -0.07886        1.00121        0.99220
0.103757        0.96823        0.96921        1.00102        2.06689        0.85436       -0.02052        0.19514       -0.08010        1.00125        0.99194
0.105444        0.96719        0.96821        1.00105        2.06599        0.85426       -0.02084        0.19830       -0.08137        1.00129        0.99168
0.107159        0.96614        0.96719        1.00108        2.06507        0.85415       -0.02117        0.20152       -0.08265        1.00133        0.99141
0.108902        0.96507        0.96615        1.00112        2.06414        0.85405       -0.02151        0.20478       -0.08395        1.00137        0.99114
0.110674        0.96395        0.96507        1.00115        2.06316        0.85394       -0.02185        0.20810       -0.08527        1.00142        0.99085
0.112474        0.96275        0.96390        1.00119        2.06208        0.85382       -0.02219        0.21146       -0.08660        1.00146        0.99054
0.114303        0.96153        0.96271        1.00123        2.06099        0.85370       -0.02254        0.21489       -0.08796        1.00151        0.99023
0.116162        0.96028        0.96151        1.00127        2.05988        0.85358       -0.02289        0.21836       -0.08933        1.00156        0.98991
0.118052        0.95902        0.96028        1.00131        2.05875        0.85346       -0.02325        0.22190       -0.09073        1.00161        0.98959
0.119972        0.95774        0.95904        1.00136        2.05761        0.85333       -0.02361        0.22549       -0.09215        1.00166        0.98926
0.121923        0.95633        0.95767        1.00140        2.05632        0.85319       -0.02398        0.22914       -0.09358        1.00172        0.98890
0.123906        0.95490        0.95628        1.00145        2.05500        0.85305       -0.02435        0.23284       -0.09503        1.00177        0.98853
0.125922        0.95344        0.95487        1.00150        2.05367        0.85291       -0.02473        0.23660       -0.09651        1.00183        0.98816
0.127970        0.95196        0.95343        1.00154        2.05231        0.85277       -0.02511        0.24043       -0.09801        1.00189        0.98778
0.130051        0.95045        0.95197        1.00159        2.05092        0.85262       -0.02550        0.24432       -0.09953        1.00195        0.98739
0.132166        0.94881        0.95037        1.00165        2.04938        0.85246       -0.02590        0.24826       -0.10106        1.00202        0.98697
0.134316        0.94714        0.94875        1.00170        2.04780        0.85230       -0.02629        0.25227       -0.10261        1.00208        0.98654
0.136501        0.94544        0.94710        1.00176        2.04620        0.85213       -0.02670        0.25634       -0.10420        1.00215        0.98611
0.138721        0.94372        0.94543        1.00181        2.04457        0.85196       -0.02711        0.26048       -0.10580        1.00222        0.98566
0.140977        0.94191        0.94368        1.00187        2.04285        0.85179       -0.02753        0.26469       -0.10743        1.00229        0.98520
0.143270        0.94001        0.94183        1.00194        2.04100        0.85160       -0.02794        0.26895       -0.10906        1.00237        0.98471
0.145601        0.93807        0.93995        1.00200        2.03912        0.85141       -0.02837        0.27329       -0.11073        1.00245        0.98421
0.147969        0.93611        0.93804        1.00206        2.03720        0.85122       -0.02880        0.27770       -0.11242        1.00252        0.98370
0.150376        0.93409        0.93608        1.00213        2.03524        0.85102       -0.02924        0.28217       -0.11413        1.00260        0.98318
0.152821        0.93194        0.93399        1.00220        2.03308        0.85082       -0.02968        0.28671       -0.11586        1.00269        0.98262
0.155307        0.92974        0.93186        1.00227        2.03088        0.85060       -0.03013        0.29133       -0.11761        1.00278        0.98205
0.157833        0.92751        0.92969        1.00235        2.02864        0.85039       -0.03058        0.29602       -0.11939        1.00287        0.98148
0.160400        0.92523        0.92747        1.00242        2.02635        0.85017       -0.03104        0.30078       -0.12119        1.00296        0.98089
0.163009        0.92279        0.92511        1.00250        2.02383        0.84993       -0.03150        0.30561       -0.12300        1.00306        0.98025
0.165661        0.92032        0.92270        1.00259        2.02127        0.84969       -0.03197        0.31052       -0.12484        1.00316        0.97961
0.168355        0.91780        0.92025        1.00267        2.01866        0.84945       -0.03244        0.31551       -0.12671        1.00326        0.97896
0.171093        0.91520        0.91772        1.00276        2.01593        0.84920       -0.03292        0.32058       -0.12860        1.00337        0.97828
0.173876        0.91246        0.91506        1.00285        2.01301        0.84893       -0.03340        0.32571       -0.13050        1.00348        0.97756
0.176704        0.90968        0.91235        1.00294        2.01003        0.84867       -0.03389        0.33094       -0.13243        1.00359        0.97684
0.179578        0.90685        0.90961        1.00304        2.00701        0.84839       -0.03439        0.33624       -0.13439        1.00370        0.97610
0.182499        0.90386        0.90670        1.00314        2.00372        0.84811       -0.03488        0.34162       -0.13636        1.00382        0.97532
0.185468        0.90080        0.90372        1.00324        2.00034        0.84781       -0.03538        0.34708       -0.13835        1.00395        0.97451
0.188484        0.89769        0.90069        1.00335        1.99689        0.84752       -0.03589        0.35263       -0.14038        1.00408        0.97370
0.191550        0.89445        0.89754        1.00346        1.99326        0.84721       -0.03640        0.35827       -0.14242        1.00421        0.97285
0.194666        0.89109        0.89427        1.00357        1.98941        0.84689       -0.03691        0.36398       -0.14447        1.00435        0.97196
0.197832        0.88767        0.89095        1.00369        1.98549        0.84656       -0.03743        0.36978       -0.14655        1.00449        0.97106
0.201050        0.88416        0.88752        1.00381        1.98143        0.84623       -0.03796        0.37568       -0.14866        1.00463        0.97013
0.204320        0.88048        0.88394        1.00393        1.97706        0.84588       -0.03848        0.38165       -0.15077        1.00478        0.96916
0.207643        0.87674        0.88030        1.00406        1.97263        0.84553       -0.03901        0.38772       -0.15292        1.00493        0.96817
0.211020        0.87290        0.87656        1.00419        1.96803        0.84517       -0.03954        0.39388       -0.15509        1.00509        0.96715
0.214453        0.86889        0.87265        1.00433        1.96310        0.84479       -0.04007        0.40012       -0.15726        1.00526        0.96608
0.217941        0.86481        0.86868        1.00447        1.95808        0.84441       -0.04061        0.40646       -0.15947        1.00543        0.96499
0.221486        0.86061        0.86458        1.00462        1.95284        0.84401       -0.04115        0.41289       -0.16169        1.00560        0.96387
0.225088        0.85624        0.86033        1.00477        1.94728        0.84361       -0.04169        0.41941       -0.16392        1.00578        0.96270
0.228749        0.85181        0.85601        1.00493        1.94163        0.84320       -0.04223        0.42603       -0.16619        1.00597        0.96151
0.232470        0.84721        0.85152        1.00509        1.93562        0.84277       -0.04277        0.43274       -0.16845        1.00616        0.96027
0.236251        0.84247        0.84690        1.00526        1.92937        0.84234       -0.04331        0.43954       -0.17074        1.00636        0.95899
0.240093        0.83766        0.84220        1.00542        1.92301        0.84189       -0.04386        0.44645       -0.17306        1.00656        0.95769
0.243999        0.83262        0.83728        1.00560        1.91610        0.84143       -0.04439        0.45343       -0.17536        1.00677        0.95632
0.247967        0.82750        0.83228        1.00579        1.90908        0.84097       -0.04493        0.46053       -0.17770        1.00698        0.95492
0.252000        0.82222        0.82713        1.00598        1.90172        0.84049       -0.04547        0.46772       -0.18005        1.00721        0.95348
0.256099        0.81678        0.82182        1.00617        1.89398        0.84000       -0.04600        0.47500       -0.18240        1.00744        0.95198
0.260265        0.81124        0.81641        1.00637        1.88609        0.83950       -0.04654        0.48239       -0.18479        1.00767        0.95046
0.264498        0.80548        0.81078        1.00658        1.87759        0.83899       -0.04706        0.48986       -0.18716        1.00792        0.94887
0.268800        0.79962        0.80505        1.00680        1.86895        0.83847       -0.04758        0.49744       -0.18956        1.00817        0.94724
0.273172        0.79356        0.79913        1.00702        1.85978        0.83794       -0.04809        0.50511       -0.19195        1.00842        0.94556
0.277615        0.78736        0.79307        1.00725        1.85031        0.83740       -0.04860        0.51288       -0.19436        1.00869        0.94382
0.282131        0.78101        0.78685        1.00748        1.84042        0.83685       -0.04910        0.52075       -0.19677        1.00896        0.94204
0.286720        0.77447        0.78045        1.00773        1.83005        0.83629       -0.04959        0.52871       -0.19919        1.00925        0.94019
0.291383        0.76779        0.77391        1.00798        1.81935        0.83572       -0.05007        0.53677       -0.20162        1.00953        0.93830
0.296123        0.76090        0.76717        1.00824        1.80804        0.83514       -0.05053        0.54491       -0.20403        1.00983        0.93633
0.300939        0.75389        0.76030        1.00851        1.79644        0.83455       -0.05099        0.55317       -0.20647        1.01014        0.93433
0.305834        0.74665        0.75321        1.00879        1.78412        0.83395       -0.05142        0.56149       -0.20888        1.01046        0.93224
0.310808        0.73928        0.74599        1.00907        1.77152        0.83335       -0.05186        0.56993       -0.21131        1.01078        0.93011
0.315864        0.73170        0.73855        1.00937        1.75815        0.83274       -0.05225        0.57843       -0.21371        1.01111        0.92789
0.321001        0.72397        0.73097        1.00967        1.74446        0.83212       -0.05265        0.58705       -0.21614        1.01145        0.92562
0.326222        0.71603        0.72318        1.00998        1.72998        0.83150       -0.05301        0.59573       -0.21853        1.01181        0.92327
0.331528        0.70794        0.71523        1.01031        1.71509        0.83087       -0.05336        0.60451       -0.22093        1.01217        0.92087
0.336921        0.69964        0.70709        1.01064        1.69946        0.83024       -0.05367        0.61335       -0.22330        1.01254        0.91837
0.342401        0.69118        0.69878        1.01099        1.68329        0.82961       -0.05397        0.62229       -0.22568        1.01292        0.91582
0.347970        0.68254        0.69028        1.01134        1.66646        0.82897       -0.05424        0.63129       -0.22803        1.01331        0.91318
0.353630        0.67371        0.68159        1.01171        1.64893        0.82834       -0.05447        0.64036       -0.23036        1.01371        0.91046
0.359381        0.66471        0.67274        1.01209        1.63085        0.82770       -0.05468        0.64952       -0.23269        1.01412        0.90767
0.365227        0.65552        0.66370        1.01248        1.61189        0.82707       -0.05484        0.65871       -0.23497        1.01455        0.90478
0.371167        0.64616        0.65449        1.01288        1.59241        0.82644       -0.05498        0.66800       -0.23725        1.01498        0.90183
0.377204        0.63663        0.64509        1.01330        1.57206        0.82582       -0.05507        0.67730       -0.23949        1.01542        0.89877
0.383340        0.62693        0.63553        1.01373        1.55105        0.82520       -0.05512        0.68667       -0.24170        1.01587        0.89563
0.389575        0.61706        0.62580        1.01417        1.52939        0.82459       -0.05514        0.69611       -0.24390        1.01633        0.89241
0.395911        0.60702        0.61590        1.01463        1.50681        0.82400       -0.05509        0.70554       -0.24604        1.01681        0.88908
0.402351        0.59683        0.60584        1.01509        1.48361        0.82341       -0.05502        0.71503       -0.24816        1.01729        0.88566
0.408895        0.58649        0.59562        1.01558        1.45965        0.82284       -0.05489        0.72456       -0.25025        1.01778        0.88214
0.415546        0.57600        0.58526        1.01608        1.43487        0.82230       -0.05469        0.73407       -0.25228        1.01829        0.87851
0.422304        0.56537        0.57474        1.01659        1.40942        0.82177       -0.05446        0.74362       -0.25429        1.01880        0.87480
0.429173        0.55460        0.56409        1.01712        1.38324        0.82126       -0.05417        0.75319       -0.25626        1.01933        0.87097
0.436154        0.54371        0.55331        1.01767        1.35627        0.82078       -0.05381        0.76270       -0.25816        1.01986        0.86703
0.443248        0.53270        0.54241        1.01823        1.32864        0.82032       -0.05340        0.77224       -0.26003        1.02040        0.86298
0.450457        0.52157        0.53138        1.01881        1.30035        0.81989       -0.05293        0.78179       -0.26186        1.02096        0.85883
0.457784        0.51036        0.52026        1.01940        1.27134        0.81950       -0.05238        0.79125       -0.26362        1.02152        0.85455
0.465230        0.49906        0.50905        1.02002        1.24171        0.81915       -0.05178        0.80068       -0.26534        1.02209        0.85015
0.472797        0.48767        0.49774        1.02065        1.21149        0.81882       -0.05111        0.81009       -0.26701        1.02267        0.84564
0.480487        0.47620        0.48634        1.02130        1.18069        0.81854       -0.05038        0.81946       -0.26863        1.02326        0.84101
0.488302        0.46471        0.47491        1.02197        1.14937        0.81830       -0.04958        0.82872       -0.27018        1.02386        0.83624
0.496244        0.45317        0.46343        1.02266        1.11757        0.81811       -0.04870        0.83790       -0.27168        1.02446        0.83135
0.504316        0.44159        0.45191        1.02336        1.08534        0.81797       -0.04776        0.84701       -0.27312        1.02507        0.82633
0.512519        0.42999        0.44035        1.02409        1.05273        0.81787       -0.04676        0.85604       -0.27451        1.02569        0.82118
0.520855        0.41838        0.42877        1.02484        1.01978        0.81782       -0.04569        0.86497       -0.27585        1.02632        0.81589
0.529327        0.40679        0.41721        1.02561        0.98658        0.81783       -0.04455        0.87377       -0.27712        1.02695        0.81047
0.537936        0.39524        0.40568        1.02640        0.95321        0.81790       -0.04334        0.88242       -0.27833        1.02758        0.80490
0.546686        0.38373        0.39417        1.02721        0.91971        0.81803       -0.04207        0.89094       -0.27949        1.02822        0.79919
0.555578        0.37227        0.38271        1.02805        0.88614        0.81821       -0.04073        0.89933       -0.28059        1.02887        0.79333
0.564614        0.36087        0.37130        1.02891        0.85257        0.81846       -0.03934        0.90756       -0.28163        1.02952        0.78733
0.573798        0.34955        0.35996        1.02979        0.81906        0.81876       -0.03788        0.91563       -0.28262        1.03017        0.78119
0.583131        0.33832        0.34870        1.03069        0.78570        0.81913       -0.03637        0.92353       -0.28356        1.03082        0.77489
0.592615        0.32721        0.33755        1.03162        0.75254        0.81956       -0.03480        0.93125       -0.28444        1.03148        0.76843
0.602254        0.31621        0.32651        1.03257        0.71967        0.82005       -0.03317        0.93879       -0.28526        1.03213        0.76183
0.612050        0.30536        0.31560        1.03355        0.68716        0.82061       -0.03150        0.94612       -0.28604        1.03279        0.75506
0.622005        0.29465        0.30483        1.03456        0.65505        0.82124       -0.02977        0.95325       -0.28677        1.03345        0.74813
0.632122        0.28410        0.29421        1.03558        0.62343        0.82193       -0.02800        0.96017       -0.28744        1.03410        0.74105
0.642403        0.27373        0.28375        1.03664        0.59234        0.82268       -0.02619        0.96688       -0.28808        1.03476        0.73380
0.652852        0.26353        0.27347        1.03772        0.56184        0.82350       -0.02433        0.97336       -0.28866        1.03541        0.72639
0.663471        0.25353        0.26338        1.03883        0.53198        0.82438       -0.02243        0.97962       -0.28921        1.03606        0.71882
0.674262        0.24373        0.25347        1.03996        0.50280        0.82532       -0.02050        0.98566       -0.28971        1.03670        0.71107
0.685229        0.23413        0.24376        1.04113        0.47433        0.82633       -0.01853        0.99146       -0.29018        1.03735        0.70317
0.696374        0.22475        0.23426        1.04232        0.44661        0.82739       -0.01652        0.99703       -0.29061        1.03799        0.69509
0.707701        0.21558        0.22497        1.04354        0.41966        0.82852       -0.01448        1.00237       -0.29100        1.03862        0.68685
0.719212        0.20663        0.21589        1.04479        0.39350        0.82970       -0.01241        1.00748       -0.29137        1.03925        0.67845
0.730910        0.19793        0.20705        1.04607        0.36822        0.83095       -0.01030        1.01234       -0.29170        1.03987        0.66987
0.742798        0.18949        0.19846        1.04737        0.34384        0.83226       -0.00817        1.01694       -0.29200        1.04049        0.66112
0.754880        0.18127        0.19010        1.04871        0.32029        0.83362       -0.00600        1.02131       -0.29227        1.04110        0.65221
0.767158        0.17329        0.18196        1.05008        0.29756        0.83503       -0.00380        1.02545       -0.29252        1.04170        0.64314
0.779636        0.16553        0.17405        1.05148        0.27565        0.83650       -0.00156        1.02936       -0.29275        1.04229        0.63389
0.792317        0.15806        0.16642        1.05291        0.25472        0.83803        0.00071        1.03301       -0.29296        1.04288        0.62449
0.805204        0.15082        0.15902        1.05437        0.23461        0.83961        0.00302        1.03643       -0.29314        1.04346        0.61492
0.818301        0.14381        0.15184        1.05587        0.21528        0.84124        0.00537        1.03964       -0.29331        1.04403        0.60519
0.831610        0.13705        0.14492        1.05740        0.19681        0.84292        0.00776        1.04260       -0.29346        1.04459        0.59530
0.845137        0.13055        0.13825        1.05896        0.17918        0.84466        0.01021        1.04533       -0.29360        1.04515        0.58526
0.858883        0.12426        0.13179        1.06055        0.16226        0.84644        0.01270        1.04785       -0.29372        1.04569        0.57507
0.872853        0.11824        0.12559        1.06218        0.14617        0.84827        0.01525        1.05014       -0.29383        1.04622        0.56473
0.887050        0.11244        0.11961        1.06384        0.13078        0.85015        0.01786        1.05221       -0.29393        1.04675        0.55425
0.901478        0.10686        0.11386        1.06554        0.11607        0.85209        0.02054        1.05408       -0.29402        1.04726        0.54363
0.916140        0.10152        0.10835        1.06727        0.10207        0.85407        0.02329        1.05572       -0.29410        1.04777        0.53287
0.931041        0.09639        0.10305        1.06904        0.08866        0.85609        0.02612        1.05718       -0.29417        1.04826        0.52198
0.946185        0.09150        0.09798        1.07085        0.07591        0.85817        0.02905        1.05842       -0.29423        1.04875        0.51097
0.961575        0.08680        0.09310        1.07269        0.06367        0.86029        0.03207        1.05947       -0.29429        1.04922        0.49984
0.977215        0.08231        0.08845        1.07457        0.05200        0.86246        0.03519        1.06033       -0.29434        1.04968        0.48860
0.993109        0.07803        0.08400        1.07649        0.04080        0.86468        0.03844        1.06100       -0.29439        1.05013        0.47726
1.009262        0.07393        0.07973        1.07844        0.03005        0.86694        0.04181        1.06149       -0.29443        1.05058        0.46582
1.025678        0.07004        0.07568        1.08044        0.01974        0.86925        0.04532        1.06180       -0.29447        1.05101        0.45430
1.042361        0.06633        0.07180        1.08247        0.00978        0.87161        0.04897        1.06194       -0.29451        1.05143        0.44269
1.059315        0.06279        0.06809        1.08455        0.00016        0.87402        0.05279        1.06191       -0.29454        1.05184        0.43102
1.076545        0.05943        0.06458        1.08667       -0.00915        0.87648        0.05678        1.06171       -0.29457        1.05223        0.41929
1.094055        0.05623        0.06122        1.08882       -0.01821        0.87898        0.06096        1.06135       -0.29460        1.05262        0.40750
1.111850        0.05319        0.05803        1.09102       -0.02706        0.88153        0.06534        1.06084       -0.29462        1.05300        0.39568
1.129934        0.05030        0.05499        1.09326       -0.03573        0.88413        0.06994        1.06018       -0.29465        1.05336        0.38383
1.148312        0.04757        0.05211        1.09555       -0.04424        0.88678        0.07477        1.05937       -0.29467        1.05372        0.37197
1.166990        0.04497        0.04938        1.09788       -0.05266        0.88948        0.07986        1.05841       -0.29469        1.05406        0.36010
1.185971        0.04252        0.04678        1.10025       -0.06101        0.89223        0.08520        1.05732       -0.29472        1.05439        0.34824
1.205261        0.04019        0.04432        1.10267       -0.06933        0.89503        0.09083        1.05609       -0.29474        1.05471        0.33640
1.224865        0.03799        0.04198        1.10514       -0.07766        0.89788        0.09677        1.05473       -0.29476        1.05502        0.32459
1.244787        0.03590        0.03977        1.10765       -0.08604        0.90078        0.10302        1.05324       -0.29478        1.05532        0.31283
1.265034        0.03393        0.03767        1.11021       -0.09449        0.90374        0.10961        1.05163       -0.29480        1.05560        0.30113
1.285610        0.03207        0.03569        1.11282       -0.10305        0.90674        0.11656        1.04989       -0.29482        1.05588        0.28951
1.306520        0.03032        0.03382        1.11547       -0.11176        0.90980        0.12389        1.04804       -0.29484        1.05614        0.27798
1.327771        0.02866        0.03204        1.11818       -0.12065        0.91291        0.13163        1.04607       -0.29486        1.05639        0.26655
1.349367        0.02709        0.03037        1.12094       -0.12975        0.91608        0.13978        1.04399       -0.29488        1.05663        0.25523
1.371315        0.02561        0.02878        1.12375       -0.13908        0.91930        0.14838        1.04180       -0.29490        1.05686        0.24405
1.393619        0.02422        0.02729        1.12661       -0.14869        0.92258        0.15744        1.03950       -0.29492        1.05707        0.23303
1.416287        0.02291        0.02588        1.12952       -0.15860        0.92591        0.16699        1.03710       -0.29494        1.05727        0.22216
1.439323        0.02168        0.02455        1.13249       -0.16882        0.92931        0.17704        1.03460       -0.29496        1.05746        0.21146
1.462733        0.02051        0.02329        1.13552       -0.17941        0.93275        0.18764        1.03199       -0.29497        1.05764        0.20096
1.486525        0.01942        0.02211        1.13860       -0.19036        0.93626        0.19878        1.02929       -0.29499        1.05780        0.19066
1.510703        0.01839        0.02099        1.14173       -0.20171        0.93983        0.21048        1.02649       -0.29501        1.05795        0.18057
1.535275        0.01742        0.01994        1.14493       -0.21348        0.94346        0.22279        1.02359       -0.29503        1.05809        0.17072
1.560246        0.01650        0.01895        1.14818       -0.22569        0.94714        0.23569        1.02061       -0.29505        1.05821        0.16109
1.585624        0.01565        0.01802        1.15149       -0.23835        0.95090        0.24924        1.01753       -0.29507        1.05832        0.15174
1.611414        0.01484        0.01714        1.15487       -0.25147        0.95471        0.26342        1.01436       -0.29509        1.05841        0.14263
1.637624        0.01408        0.01631        1.15831       -0.26507        0.95859        0.27826        1.01110       -0.29511        1.05849        0.13381
1.664260        0.01337        0.01554        1.16181       -0.27916        0.96254        0.29377        1.00775       -0.29512        1.05855        0.12527
1.691330        0.01271        0.01481        1.16537       -0.29372        0.96655        0.30996        1.00418       -0.29514        1.05858        0.10295
1.718839        0.01208        0.01412        1.16899       -0.30864        0.97063        0.32679        0.99965       -0.29516        1.05844        0.00000
1.746796        0.01149        0.01348        1.17269       -0.32399        0.97479        0.34429        0.99604       -0.29518        1.05845        0.00000
1.775208        0.01094        0.01287        1.17644       -0.33983        0.97901        0.36246        0.99235       -0.29519        1.05845        0.00000
1.804082        0.01043        0.01230        1.18027       -0.35612        0.98331        0.38128        0.98857       -0.29521        1.05843        0.00000
1.833425        0.00994        0.01177        1.18417       -0.37282        0.98769        0.40072        0.98471       -0.29523        1.05839        0.00000
1.863246        0.00949        0.01128        1.18814       -0.38989        0.99216        0.42072        0.98077       -0.29524        1.05833        0.00000
1.893552        0.00907        0.01082        1.19218       -0.40723        0.99670        0.44122        0.97674       -0.29525        1.05825        0.00000
1.924351        0.00868        0.01039        1.19629       -0.42476        1.00134        0.46211        0.97262       -0.29526        1.05815        0.00000
1.955651        0.00832        0.00999        1.20048       -0.44232        1.00608        0.48325        0.96842       -0.29527        1.05804        0.00000
1.987460        0.00799        0.00963        1.20474       -0.45973        1.01092        0.50445        0.96413       -0.29528        1.05789        0.00000
2.019786        0.00769        0.00930        1.20908       -0.47676        1.01587        0.52543        0.95975       -0.29529        1.05773        0.00000
2.052638        0.00743        0.00901        1.21350       -0.49303        1.02095        0.54581        0.95528       -0.29529        1.05754        0.00000
2.086024        0.00719        0.00876        1.21800       -0.50812        1.02617        0.56510        0.95072       -0.29529        1.05732        0.00000
2.119953        0.00699        0.00854        1.22258       -0.52150        1.03156        0.58270        0.94605       -0.29528        1.05708        0.00000
2.154435        0.00683        0.00838        1.22725       -0.53237        1.03713        0.59771        0.94128       -0.29527        1.05681        0.00000
2.189477        0.00672        0.00828        1.23199       -0.54008        1.04292        0.60934        0.93640       -0.29526        1.05650        0.00000
2.225089        0.00666        0.00823        1.23682       -0.54374        1.04895        0.61657        0.93141       -0.29523        1.05616        0.00000
2.261280        0.00657        0.00815        1.24166       -0.55226        1.05488        0.63046        0.92631       -0.29520        1.05572        0.00000
2.298060        0.00643        0.00800        1.24654       -0.56660        1.06069        0.65178        0.92115       -0.29517        1.05524        0.00000
2.335438        0.00630        0.00785        1.25149       -0.58117        1.06659        0.67344        0.91590       -0.29514        1.05474        0.00000
2.373424        0.00616        0.00770        1.25653       -0.59598        1.07258        0.69545        0.91056       -0.29511        1.05423        0.00000
2.412028        0.00601        0.00755        1.26164       -0.61103        1.07868        0.71782        0.90514       -0.29507        1.05372        0.00000
2.451260        0.00587        0.00739        1.26684       -0.62632        1.08487        0.74055        0.89963       -0.29504        1.05320        0.00000
2.491130        0.00572        0.00724        1.27213       -0.64186        1.09116        0.76366        0.89403       -0.29500        1.05267        0.00000
2.531648        0.00558        0.00708        1.27750       -0.65766        1.09756        0.78714        0.88834       -0.29497        1.05213        0.00000
2.572826        0.00542        0.00691        1.28295       -0.67371        1.10406        0.81100        0.88255       -0.29493        1.05158        0.00000
2.614673        0.00527        0.00675        1.28850       -0.69002        1.11067        0.83525        0.87668       -0.29490        1.05103        0.00000
2.657201        0.00511        0.00658        1.29413       -0.70660        1.11738        0.85989        0.87070       -0.29486        1.05046        0.00000
2.700421        0.00496        0.00641        1.29986       -0.72345        1.12420        0.88494        0.86463       -0.29482        1.04989        0.00000
2.744343        0.00479        0.00623        1.30568       -0.74057        1.13114        0.91039        0.85846       -0.29478        1.04931        0.00000
2.788980        0.00463        0.00606        1.31160       -0.75797        1.13818        0.93625        0.85219       -0.29474        1.04871        0.00000
2.834343        0.00446        0.00588        1.31761       -0.77566        1.14534        0.96254        0.84582       -0.29470        1.04811        0.00000
2.880444        0.00399        0.00528        1.32383       -0.85976        1.15047        1.07253        0.83963       -0.29474        1.04742        0.00000
2.927295        0.00354        0.00470        1.33030       -0.96610        1.15515        1.21305        0.83348       -0.29479        1.04653        0.00000
2.974908        0.00324        0.00434        1.33688       -1.04846        1.16079        1.32528        0.82718       -0.29480        1.04558        0.00000
3.023295        0.00302        0.00406        1.34358       -1.12110        1.16690        1.42679        0.82077       -0.29480        1.04457        0.00000
3.072469        0.00284        0.00383        1.35039       -1.18848        1.17333        1.52307        0.81427       -0.29478        1.04351        0.00000
3.122443        0.00268        0.00364        1.35732       -1.25264        1.18002        1.61666        0.80769       -0.29476        1.04240        0.00000
3.173230        0.00254        0.00347        1.36437       -1.31471        1.18692        1.70900        0.80101       -0.29472        1.04123        0.00000
3.224842        0.00242        0.00332        1.37154       -1.37539        1.19401        1.80099        0.79425       -0.29468        1.04001        0.00000
3.277295        0.00231        0.00318        1.37883       -1.43513        1.20129        1.89322        0.78740       -0.29464        1.03874        0.00000
3.330600        0.00221        0.00306        1.38625       -1.49423        1.20873        1.98614        0.78047       -0.29459        1.03740        0.00000
3.384773        0.00211        0.00294        1.39379       -1.55290        1.21633        2.08007        0.77345       -0.29453        1.03601        0.00000
3.439826        0.00202        0.00284        1.40145       -1.61133        1.22409        2.17527        0.76635       -0.29447        1.03456        0.00000
3.495776        0.00194        0.00274        1.40925       -1.66959        1.23200        2.27194        0.75916       -0.29440        1.03305        0.00000
3.552635        0.00187        0.00265        1.41718       -1.72781        1.24007        2.37027        0.75189       -0.29432        1.03147        0.00000
3.610419        0.00180        0.00256        1.42523       -1.78602        1.24828        2.47039        0.74453       -0.29424        1.02982        0.00000
3.669142        0.00173        0.00248        1.43342       -1.84427        1.25665        2.57243        0.73709       -0.29415        1.02811        0.00000
3.728821        0.00167        0.00240        1.44174       -1.90259        1.26517        2.67651        0.72956       -0.29405        1.02633        0.00000
3.789471        0.00161        0.00233        1.45020       -1.96100        1.27383        2.78273        0.72195       -0.29395        1.02448        0.00000
3.851107        0.00155        0.00226        1.45879       -2.01950        1.28264        2.89117        0.71426       -0.29384        1.02255        0.00000
3.913746        0.00150        0.00220        1.46752       -2.07809        1.29160        3.00192        0.70648       -0.29373        1.02055        0.00000
3.977403        0.00145        0.00213        1.47639       -2.13676        1.30071        3.11506        0.69862       -0.29361        1.01848        0.00000
4.042096        0.00140        0.00208        1.48540       -2.19551        1.30997        3.23065        0.69068       -0.29348        1.01632        0.00000
4.107841        0.00135        0.00202        1.49454       -2.25430        1.31937        3.34876        0.68266       -0.29334        1.01409        0.00000
4.174655        0.00131        0.00197        1.50383       -2.31310        1.32892        3.46946        0.67455       -0.29319        1.01177        0.00000
4.242556        0.00126        0.00191        1.51326       -2.37190        1.33862        3.59280        0.66637       -0.29304        1.00937        0.00000
4.311562        0.00122        0.00186        1.52283       -2.43066        1.34846        3.71884        0.65810       -0.29288        1.00688        0.00000
4.381690        0.00119        0.00182        1.53254       -2.48932        1.35845        3.84762        0.64976       -0.29271        1.00430        0.00000
4.452959        0.00115        0.00177        1.54240       -2.54785        1.36858        3.97920        0.64134       -0.29253        1.00164        0.00000
4.525386        0.00111        0.00173        1.55239       -2.60619        1.37886        4.11361        0.63285       -0.29235        0.99888        0.00000
4.598992        0.00108        0.00169        1.56253       -2.66431        1.38928        4.25089        0.62428       -0.29215        0.99603        0.00000
4.673795        0.00105        0.00165        1.57281       -2.72212        1.39984        4.39109        0.61564       -0.29195        0.99309        0.00000
4.749815        0.00102        0.00161        1.58323       -2.77959        1.41054        4.53424        0.60692       -0.29174        0.99005        0.00000
4.827071        0.00099        0.00157        1.59380       -2.83663        1.42139        4.68035        0.59814       -0.29151        0.98691        0.00000
4.905584        0.00096        0.00154        1.60450       -2.89318        1.43236        4.82947        0.58928       -0.29128        0.98367        0.00000
4.985373        0.00093        0.00150        1.61535       -2.94916        1.44348        4.98160        0.58036       -0.29104        0.98033        0.00000
5.066461        0.00090        0.00147        1.62633       -3.00450        1.45472        5.13677        0.57138       -0.29079        0.97688        0.00000
5.148867        0.00088        0.00144        1.63745       -3.05911        1.46609        5.29498        0.56233       -0.29053        0.97333        0.00000
5.232614        0.00085        0.00140        1.64870       -3.11291        1.47759        5.45624        0.55322       -0.29025        0.96967        0.00000
5.317723        0.00083        0.00137        1.66009       -3.16581        1.48921        5.62055        0.54405       -0.28997        0.96590        0.00000
5.404216        0.00080        0.00134        1.67161       -3.21771        1.50094        5.78791        0.53483       -0.28968        0.96203        0.00000
5.492116        0.00078        0.00132        1.68325       -3.26851        1.51279        5.95830        0.52555       -0.28938        0.95804        0.00000
5.581446        0.00076        0.00129        1.69502       -3.31811        1.52475        6.13170        0.51622       -0.28907        0.95394        0.00000
5.672229        0.00074        0.00126        1.70692       -3.36641        1.53680        6.30810        0.50683       -0.28875        0.94972        0.00000
5.764488        0.00072        0.00124        1.71893       -3.41328        1.54896        6.48746        0.49741       -0.28841        0.94539        0.00000
5.858248        0.00070        0.00121        1.73107       -3.45863        1.56120        6.66973        0.48793       -0.28807        0.94095        0.00000
5.953533        0.00068        0.00119        1.74331       -3.50231        1.57353        6.85488        0.47842       -0.28772        0.93638        0.00000
6.050368        0.00066        0.00117        1.75566       -3.54423        1.58593        7.04284        0.46887       -0.28736        0.93170        0.00000
6.148778        0.00065        0.00114        1.76811       -3.58423        1.59840        7.23354        0.45928       -0.28699        0.92690        0.00000
6.248788        0.00063        0.00112        1.78065       -3.62220        1.61092        7.42691        0.44966       -0.28660        0.92198        0.00000
6.350425        0.00061        0.00110        1.79329       -3.65800        1.62350        7.62287        0.44001       -0.28621        0.91694        0.00000
6.453715        0.00060        0.00108        1.80601       -3.69149        1.63611        7.82132        0.43034       -0.28581        0.91177        0.00000
6.558686        0.00058        0.00106        1.81882       -3.72253        1.64874        8.02214        0.42064       -0.28541        0.90649        0.00000
6.665363        0.00057        0.00104        1.83169       -3.75098        1.66140        8.22522        0.41092       -0.28499        0.90108        0.00000
6.773776        0.00055        0.00102        1.84463       -3.77668        1.67405        8.43043        0.40119       -0.28456        0.89555        0.00000
6.883952        0.00054        0.00100        1.85762       -3.79950        1.68669        8.63762        0.39144       -0.28413        0.88989        0.00000
6.995920        0.00053        0.00098        1.87066       -3.81926        1.69931        8.84663        0.38169       -0.28369        0.88412        0.00000
7.109709        0.00051        0.00096        1.88374       -3.83583        1.71189        9.05729        0.37193       -0.28325        0.87821        0.00000
7.225349        0.00050        0.00095        1.89684       -3.84904        1.72442        9.26941        0.36217       -0.28280        0.87219        0.00000
7.342870        0.00049        0.00093        1.90997       -3.85874        1.73687        9.48279        0.35241       -0.28234        0.86605        0.00000
7.462303        0.00048        0.00091        1.92310       -3.86477        1.74923        9.69721        0.34266       -0.28189        0.85978        0.00000
7.583678        0.00046        0.00090        1.93623       -3.86697        1.76148        9.91245        0.33292       -0.28142        0.85339        0.00000
7.707027        0.00045        0.00088        1.94935       -3.86517        1.77361       10.12824        0.32319       -0.28096        0.84688        0.00000
7.832383        0.00044        0.00087        1.96244       -3.85924        1.78559       10.34433        0.31348       -0.28050        0.84025        0.00000
7.959777        0.00043        0.00085        1.97549       -3.84899        1.79740       10.56044        0.30379       -0.28003        0.83350        0.00000
8.089243        0.00042        0.00084        1.98849       -3.83429        1.80902       10.77625        0.29412       -0.27957        0.82663        0.00000
8.220816        0.00041        0.00082        2.00142       -3.81498        1.82042       10.99146        0.28449       -0.27911        0.81964        0.00000
8.354528        0.00040        0.00081        2.01427       -3.79091        1.83159       11.20572        0.27488       -0.27865        0.81254        0.00000
8.490415        0.00039        0.00080        2.02702       -3.76194        1.84250       11.41870        0.26532       -0.27820        0.80532        0.00000
8.628513        0.00038        0.00078        2.03966       -3.72791        1.85312       11.63000        0.25579       -0.27776        0.79799        0.00000
8.768856        0.00038        0.00077        2.05218       -3.68871        1.86342       11.83926        0.24631       -0.27732        0.79055        0.00000
8.911482        0.00037        0.00076        2.06455       -3.64421        1.87338       12.04605        0.23688       -0.27689        0.78301        0.00000
9.056428        0.00036        0.00075        2.07676       -3.59427        1.88298       12.24995        0.22750       -0.27648        0.77535        0.00000
9.203732        0.00035        0.00073        2.08880       -3.53880        1.89218       12.45053        0.21817       -0.27608        0.76759        0.00000
9.353432        0.00034        0.00072        2.10064       -3.47769        1.90095       12.64732        0.20890       -0.27570        0.75972        0.00000
9.505566        0.00034        0.00071        2.11226       -3.41085        1.90927       12.83984        0.19970       -0.27533        0.75176        0.00000
9.660175        0.00033        0.00070        2.12365       -3.33819        1.91711       13.02762        0.19056       -0.27498        0.74369        0.00000
9.817298        0.00032        0.00069        2.13480       -3.25966        1.92443       13.21013        0.18150       -0.27466        0.73553        0.00000
9.976978        0.00032        0.00068        2.14567       -3.17519        1.93121       13.38686        0.17250       -0.27435        0.72728        0.00000
10.139254        0.00031        0.00067        2.15626       -3.08476        1.93742       13.55727        0.16358       -0.27408        0.71893        0.00000
10.304170        0.00030        0.00066        2.16653       -2.98834        1.94302       13.72081        0.15474       -0.27383        0.71050        0.00000
10.471768        0.00030        0.00065        2.17648       -2.88593        1.94799       13.87694        0.14599       -0.27361        0.70198        0.00000
10.642092        0.00029        0.00064        2.18608       -2.77754        1.95231       14.02508        0.13732       -0.27342        0.69338        0.00000
10.815187        0.00029        0.00063        2.19531       -2.66321        1.95593       14.16465        0.12874       -0.27326        0.68470        0.00000
10.991097        0.00028        0.00062        2.20415       -2.54299        1.95884       14.29508        0.12025       -0.27314        0.67595        0.00000
11.169868        0.00027        0.00061        2.21259       -2.41697        1.96101       14.41578        0.11185       -0.27306        0.66712        0.00000
11.351547        0.00027        0.00060        2.22060       -2.28525        1.96242       14.52617        0.10355       -0.27301        0.65822        0.00000
11.536181        0.00026        0.00059        2.22816       -2.14795        1.96305       14.62566        0.09535       -0.27301        0.64926        0.00000
11.723818        0.00026        0.00058        2.23526       -2.00524        1.96287       14.71367        0.08725       -0.27304        0.64023        0.00000
11.914507        0.00026        0.00057        2.24187       -1.85729        1.96186       14.78964        0.07926       -0.27312        0.63115        0.00000
12.108298        0.00025        0.00057        2.24798       -1.70431        1.96002       14.85297        0.07137       -0.27325        0.62201        0.00000
12.305240        0.00025        0.00056        2.25357       -1.54654        1.95734       14.90315        0.06359       -0.27342        0.61282        0.00000
12.505386        0.00024        0.00055        2.25862       -1.38426        1.95380       14.93961        0.05593       -0.27363        0.60358        0.00000
12.708787        0.00024        0.00054        2.26312       -1.21776        1.94940       14.96184        0.04837       -0.27390        0.59430        0.00000
12.915497        0.00024        0.00054        2.26704       -1.04737        1.94414       14.96936        0.04093       -0.27420        0.58498        0.00000
13.125568        0.00023        0.00053        2.27038       -0.87345        1.93802       14.96170        0.03360       -0.27456        0.57562        0.00000
13.339057        0.00023        0.00052        2.27312       -0.69641        1.93106       14.93842        0.02640       -0.27495        0.56623        0.00000
13.556018        0.00023        0.00052        2.27524       -0.51666        1.92327       14.89912        0.01931       -0.27540        0.55681        0.00000
13.776508        0.00022        0.00051        2.27674       -0.33468        1.91467       14.84345        0.01234       -0.27588        0.54737        0.00000
14.000584        0.00022        0.00050        2.27759       -0.15093        1.90527       14.77110        0.00550       -0.27641        0.53791        0.00000
