x               rho            P              T              ur             uphi           uz             Br             Bphi           Bz             m
0.010000        0.99980        0.99981        1.00002        0.42395        0.98447       -0.00041        0.03246       -0.12788        1.00002        0.99992
0.010163        0.99979        0.99981        1.00002        0.42395        0.98447       -0.00041        0.03299       -0.12996        1.00002        0.99992
0.010328        0.99978        0.99980        1.00002        0.42395        0.98447       -0.00042        0.03353       -0.13208        1.00002        0.99992
0.010496        0.99977        0.99979        1.00002        0.42395        0.98447       -0.00043        0.03407       -0.13422        1.00002        0.99991
0.010667        0.99976        0.99978        1.00002        0.42395        0.98447       -0.00043        0.03463       -0.13641        1.00002        0.99991
0.010840        0.99975        0.99977        1.00002        0.42396        0.98447       -0.00044        0.03519       -0.13863        1.00002        0.99991
0.011016        0.99974        0.99976        1.00002        0.42396        0.98447       -0.00045        0.03576       -0.14088        1.00003        0.99990
0.011196        0.99973        0.99975        1.00002        0.42396        0.98447       -0.00045        0.03635       -0.14317        1.00003        0.99990
0.011378        0.99972        0.99974        1.00002        0.42396        0.98447       -0.00046        0.03694       -0.14550        1.00003        0.99989
0.011563        0.99971        0.99973        1.00002        0.42397        0.98447       -0.00047        0.03754       -0.14787        1.00003        0.99989
0.011751        0.99969        0.99972        1.00003        0.42397        0.98447       -0.00048        0.03815       -0.15027        1.00003        0.99989
0.011942        0.99968        0.99971        1.00003        0.42397        0.98447       -0.00049        0.03877       -0.15271        1.00003        0.99988
0.012136        0.99967        0.99970        1.00003        0.42397        0.98447       -0.00049        0.03940       -0.15520        1.00003        0.99988
0.012334        0.99966        0.99969        1.00003        0.42398        0.98447       -0.00050        0.04004       -0.15772        1.00003        0.99987
0.012534        0.99965        0.99967        1.00003        0.42398        0.98447       -0.00051        0.04069       -0.16029        1.00003        0.99987
0.012738        0.99963        0.99966        1.00003        0.42398        0.98447       -0.00052        0.04135       -0.16289        1.00004        0.99986
0.012945        0.99962        0.99965        1.00003        0.42399        0.98447       -0.00053        0.04203       -0.16554        1.00004        0.99986
0.013156        0.99961        0.99964        1.00003        0.42399        0.98447       -0.00053        0.04271       -0.16824        1.00004        0.99985
0.013370        0.99959        0.99963        1.00003        0.42399        0.98447       -0.00054        0.04341       -0.17097        1.00004        0.99985
0.013587        0.99958        0.99962        1.00003        0.42399        0.98447       -0.00055        0.04411       -0.17375        1.00004        0.99984
0.013808        0.99957        0.99960        1.00004        0.42400        0.98447       -0.00056        0.04483       -0.17658        1.00004        0.99984
0.014033        0.99955        0.99959        1.00004        0.42400        0.98447       -0.00057        0.04556       -0.17945        1.00004        0.99983
0.014261        0.99954        0.99958        1.00004        0.42400        0.98447       -0.00058        0.04630       -0.18237        1.00005        0.99983
0.014493        0.99953        0.99956        1.00004        0.42401        0.98447       -0.00059        0.04705       -0.18533        1.00005        0.99982
0.014729        0.99951        0.99955        1.00004        0.42401        0.98447       -0.00060        0.04782       -0.18835        1.00005        0.99982
0.014968        0.99950        0.99954        1.00004        0.42401        0.98447       -0.00061        0.04860       -0.19141        1.00005        0.99981
0.015212        0.99948        0.99952        1.00004        0.42402        0.98447       -0.00062        0.04939       -0.19452        1.00005        0.99981
0.015459        0.99947        0.99951        1.00004        0.42402        0.98447       -0.00063        0.05019       -0.19769        1.00005        0.99980
0.015711        0.99945        0.99949        1.00004        0.42402        0.98447       -0.00064        0.05101       -0.20090        1.00005        0.99980
0.015966        0.99943        0.99948        1.00005        0.42403        0.98447       -0.00065        0.05184       -0.20417        1.00006        0.99979
0.016226        0.99942        0.99947        1.00005        0.42403        0.98447       -0.00066        0.05268       -0.20749        1.00006        0.99978
0.016490        0.99940        0.99945        1.00005        0.42403        0.98447       -0.00067        0.05354       -0.21087        1.00006        0.99978
0.016758        0.99939        0.99944        1.00005        0.42404        0.98447       -0.00068        0.05441       -0.21429        1.00006        0.99977
0.017031        0.99937        0.99942        1.00005        0.42404        0.98447       -0.00069        0.05529       -0.21778        1.00006        0.99977
0.017308        0.99935        0.99940        1.00005        0.42404        0.98447       -0.00070        0.05619       -0.22132        1.00006        0.99976
0.017589        0.99933        0.99939        1.00005        0.42405        0.98447       -0.00071        0.05711       -0.22492        1.00007        0.99975
0.017875        0.99932        0.99937        1.00006        0.42405        0.98447       -0.00073        0.05804       -0.22858        1.00007        0.99975
0.018166        0.99930        0.99936        1.00006        0.42406        0.98447       -0.00074        0.05898       -0.23230        1.00007        0.99974
0.018461        0.99928        0.99934        1.00006        0.42406        0.98447       -0.00075        0.05994       -0.23607        1.00007        0.99973
0.018762        0.99926        0.99932        1.00006        0.42406        0.98447       -0.00076        0.06092       -0.23991        1.00007        0.99973
0.019067        0.99924        0.99930        1.00006        0.42407        0.98447       -0.00077        0.06191       -0.24382        1.00007        0.99972
0.019377        0.99922        0.99929        1.00006        0.42407        0.98447       -0.00079        0.06291       -0.24778        1.00008        0.99971
0.019692        0.99920        0.99927        1.00006        0.42408        0.98446       -0.00080        0.06394       -0.25181        1.00008        0.99971
0.020012        0.99919        0.99925        1.00007        0.42408        0.98446       -0.00081        0.06498       -0.25591        1.00008        0.99970
0.020338        0.99916        0.99922        1.00007        0.42409        0.98446       -0.00083        0.06604       -0.26007        1.00008        0.99969
0.020669        0.99912        0.99919        1.00007        0.42410        0.98446       -0.00084        0.06711       -0.26430        1.00009        0.99968
0.021005        0.99909        0.99916        1.00007        0.42410        0.98446       -0.00085        0.06820       -0.26859        1.00009        0.99966
0.021347        0.99905        0.99913        1.00008        0.42411        0.98446       -0.00087        0.06931       -0.27296        1.00009        0.99965
0.021694        0.99902        0.99909        1.00008        0.42412        0.98446       -0.00088        0.07044       -0.27740        1.00010        0.99964
0.022047        0.99898        0.99906        1.00008        0.42413        0.98446       -0.00090        0.07159       -0.28191        1.00010        0.99962
0.022405        0.99894        0.99903        1.00008        0.42414        0.98446       -0.00091        0.07275       -0.28649        1.00010        0.99961
0.022770        0.99891        0.99899        1.00009        0.42414        0.98446       -0.00093        0.07394       -0.29115        1.00011        0.99960
0.023140        0.99887        0.99896        1.00009        0.42415        0.98446       -0.00094        0.07514       -0.29589        1.00011        0.99958
0.023516        0.99883        0.99892        1.00009        0.42416        0.98446       -0.00096        0.07636       -0.30070        1.00012        0.99957
0.023899        0.99879        0.99889        1.00010        0.42417        0.98446       -0.00097        0.07761       -0.30559        1.00012        0.99955
0.024288        0.99875        0.99885        1.00010        0.42418        0.98446       -0.00099        0.07887       -0.31055        1.00012        0.99954
0.024683        0.99871        0.99881        1.00010        0.42419        0.98446       -0.00100        0.08015       -0.31560        1.00013        0.99952
0.025084        0.99867        0.99878        1.00011        0.42420        0.98446       -0.00102        0.08146       -0.32074        1.00013        0.99951
0.025492        0.99863        0.99874        1.00011        0.42421        0.98446       -0.00104        0.08278       -0.32595        1.00013        0.99949
0.025907        0.99858        0.99870        1.00011        0.42422        0.98446       -0.00105        0.08413       -0.33125        1.00014        0.99948
0.026328        0.99854        0.99866        1.00012        0.42422        0.98446       -0.00107        0.08550       -0.33664        1.00014        0.99946
0.026756        0.99850        0.99862        1.00012        0.42423        0.98446       -0.00109        0.08689       -0.34211        1.00015        0.99945
0.027192        0.99845        0.99858        1.00012        0.42424        0.98446       -0.00111        0.08831       -0.34767        1.00015        0.99943
0.027634        0.99841        0.99853        1.00013        0.42425        0.98446       -0.00112        0.08974       -0.35333        1.00016        0.99941
0.028083        0.99836        0.99849        1.00013        0.42426        0.98446       -0.00114        0.09121       -0.35907        1.00016        0.99940
0.028540        0.99831        0.99845        1.00013        0.42428        0.98446       -0.00116        0.09269       -0.36491        1.00017        0.99938
0.029004        0.99827        0.99841        1.00014        0.42429        0.98446       -0.00118        0.09420       -0.37085        1.00017        0.99936
0.029476        0.99822        0.99836        1.00014        0.42430        0.98446       -0.00120        0.09573       -0.37688        1.00017        0.99934
0.029955        0.99817        0.99832        1.00015        0.42431        0.98446       -0.00122        0.09729       -0.38300        1.00018        0.99933
0.030443        0.99811        0.99826        1.00015        0.42432        0.98445       -0.00124        0.09887       -0.38923        1.00019        0.99930
0.030938        0.99804        0.99819        1.00016        0.42434        0.98445       -0.00126        0.10048       -0.39556        1.00019        0.99928
0.031441        0.99796        0.99813        1.00016        0.42435        0.98445       -0.00128        0.10212       -0.40199        1.00020        0.99925
0.031952        0.99789        0.99806        1.00017        0.42437        0.98445       -0.00130        0.10379       -0.40852        1.00021        0.99922
0.032472        0.99782        0.99799        1.00017        0.42439        0.98445       -0.00132        0.10548       -0.41516        1.00021        0.99920
0.033000        0.99774        0.99792        1.00018        0.42440        0.98445       -0.00134        0.10719       -0.42191        1.00022        0.99917
0.033537        0.99766        0.99785        1.00019        0.42442        0.98445       -0.00136        0.10894       -0.42877        1.00023        0.99914
0.034083        0.99758        0.99778        1.00019        0.42444        0.98445       -0.00139        0.11071       -0.43574        1.00024        0.99911
0.034637        0.99751        0.99770        1.00020        0.42446        0.98445       -0.00141        0.11252       -0.44282        1.00024        0.99908
0.035200        0.99742        0.99763        1.00021        0.42447        0.98445       -0.00143        0.11435       -0.45002        1.00025        0.99905
0.035773        0.99734        0.99755        1.00021        0.42449        0.98445       -0.00146        0.11621       -0.45733        1.00026        0.99902
0.036355        0.99726        0.99748        1.00022        0.42451        0.98445       -0.00148        0.11811       -0.46477        1.00027        0.99899
0.036946        0.99717        0.99740        1.00023        0.42453        0.98445       -0.00150        0.12003       -0.47232        1.00028        0.99896
0.037547        0.99709        0.99732        1.00023        0.42455        0.98445       -0.00153        0.12198       -0.48000        1.00029        0.99893
0.038158        0.99700        0.99724        1.00024        0.42457        0.98444       -0.00155        0.12397       -0.48780        1.00029        0.99890
0.038778        0.99691        0.99716        1.00025        0.42459        0.98444       -0.00158        0.12599       -0.49573        1.00030        0.99886
0.039409        0.99682        0.99707        1.00025        0.42461        0.98444       -0.00160        0.12804       -0.50379        1.00031        0.99883
0.040050        0.99673        0.99699        1.00026        0.42463        0.98444       -0.00163        0.13013       -0.51198        1.00032        0.99880
0.040701        0.99661        0.99688        1.00027        0.42465        0.98444       -0.00166        0.13225       -0.52030        1.00033        0.99875
0.041363        0.99649        0.99677        1.00028        0.42468        0.98444       -0.00168        0.13441       -0.52875        1.00034        0.99871
0.042036        0.99637        0.99666        1.00029        0.42471        0.98444       -0.00171        0.13660       -0.53735        1.00036        0.99866
0.042720        0.99624        0.99654        1.00030        0.42474        0.98444       -0.00174        0.13883       -0.54608        1.00037        0.99862
0.043415        0.99611        0.99642        1.00031        0.42476        0.98444       -0.00177        0.14109       -0.55495        1.00038        0.99857
0.044121        0.99598        0.99630        1.00032        0.42479        0.98444       -0.00180        0.14339       -0.56397        1.00039        0.99852
0.044839        0.99585        0.99618        1.00033        0.42482        0.98443       -0.00183        0.14573       -0.57313        1.00041        0.99847
0.045568        0.99572        0.99606        1.00034        0.42485        0.98443       -0.00186        0.14810       -0.58244        1.00042        0.99843
0.046309        0.99558        0.99593        1.00035        0.42488        0.98443       -0.00189        0.15052       -0.59191        1.00043        0.99838
0.047062        0.99544        0.99581        1.00036        0.42491        0.98443       -0.00192        0.15297       -0.60152        1.00045        0.99832
0.047828        0.99530        0.99568        1.00037        0.42494        0.98443       -0.00195        0.15546       -0.61130        1.00046        0.99827
0.048606        0.99516        0.99554        1.00039        0.42498        0.98443       -0.00198        0.15800       -0.62123        1.00047        0.99822
0.049396        0.99501        0.99541        1.00040        0.42501        0.98443       -0.00201        0.16057       -0.63133        1.00049        0.99817
0.050200        0.99486        0.99527        1.00041        0.42504        0.98443       -0.00204        0.16319       -0.64159        1.00050        0.99811
0.051016        0.99468        0.99510        1.00042        0.42508        0.98442       -0.00208        0.16586       -0.65200        1.00052        0.99804
0.051846        0.99449        0.99493        1.00044        0.42512        0.98442       -0.00211        0.16856       -0.66259        1.00054        0.99798
0.052689        0.99430        0.99476        1.00045        0.42517        0.98442       -0.00215        0.17132       -0.67335        1.00056        0.99791
0.053546        0.99411        0.99458        1.00047        0.42521        0.98442       -0.00218        0.17411       -0.68429        1.00058        0.99784
0.054417        0.99392        0.99440        1.00049        0.42525        0.98442       -0.00222        0.17696       -0.69540        1.00060        0.99776
0.055302        0.99372        0.99422        1.00050        0.42530        0.98441       -0.00225        0.17984       -0.70669        1.00062        0.99769
0.056202        0.99352        0.99403        1.00052        0.42534        0.98441       -0.00229        0.18278       -0.71817        1.00064        0.99762
0.057116        0.99331        0.99384        1.00053        0.42539        0.98441       -0.00233        0.18576       -0.72984        1.00066        0.99754
0.058045        0.99310        0.99365        1.00055        0.42543        0.98441       -0.00237        0.18879       -0.74169        1.00068        0.99746
0.058989        0.99289        0.99345        1.00057        0.42548        0.98441       -0.00240        0.19188       -0.75374        1.00070        0.99739
0.059948        0.99268        0.99326        1.00058        0.42553        0.98441       -0.00244        0.19501       -0.76598        1.00072        0.99731
0.060923        0.99242        0.99302        1.00060        0.42559        0.98440       -0.00248        0.19819       -0.77841        1.00074        0.99721
0.061914        0.99216        0.99278        1.00063        0.42564        0.98440       -0.00253        0.20144       -0.79104        1.00077        0.99712
0.062921        0.99190        0.99254        1.00065        0.42570        0.98440       -0.00257        0.20473       -0.80388        1.00080        0.99702
0.063945        0.99163        0.99229        1.00067        0.42576        0.98440       -0.00261        0.20808       -0.81693        1.00082        0.99692
0.064985        0.99135        0.99203        1.00069        0.42582        0.98439       -0.00265        0.21148       -0.83019        1.00085        0.99682
0.066042        0.99107        0.99178        1.00071        0.42589        0.98439       -0.00270        0.21493       -0.84366        1.00088        0.99672
0.067116        0.99079        0.99152        1.00074        0.42595        0.98439       -0.00274        0.21845       -0.85736        1.00091        0.99661
0.068208        0.99050        0.99125        1.00076        0.42601        0.98439       -0.00278        0.22202       -0.87127        1.00093        0.99651
0.069317        0.99020        0.99098        1.00078        0.42608        0.98438       -0.00283        0.22564       -0.88542        1.00096        0.99640
0.070445        0.98989        0.99069        1.00081        0.42615        0.98438       -0.00288        0.22933       -0.89979        1.00099        0.99628
0.071590        0.98954        0.99037        1.00084        0.42623        0.98438       -0.00292        0.23309       -0.91438        1.00103        0.99615
0.072755        0.98919        0.99004        1.00086        0.42631        0.98437       -0.00297        0.23691       -0.92921        1.00106        0.99602
0.073938        0.98883        0.98971        1.00089        0.42639        0.98437       -0.00302        0.24079       -0.94428        1.00110        0.99589
0.075141        0.98846        0.98937        1.00092        0.42647        0.98437       -0.00307        0.24473       -0.95959        1.00114        0.99576
0.076363        0.98809        0.98903        1.00095        0.42655        0.98436       -0.00312        0.24874       -0.97516        1.00117        0.99562
0.077605        0.98771        0.98868        1.00098        0.42664        0.98436       -0.00317        0.25281       -0.99097        1.00121        0.99548
0.078867        0.98733        0.98833        1.00101        0.42672        0.98436       -0.00322        0.25695       -1.00705        1.00125        0.99534
0.080150        0.98693        0.98797        1.00105        0.42681        0.98435       -0.00328        0.26115       -1.02338        1.00129        0.99519
0.081454        0.98648        0.98755        1.00108        0.42691        0.98435       -0.00333        0.26544       -1.03997        1.00133        0.99503
0.082779        0.98603        0.98713        1.00112        0.42701        0.98434       -0.00339        0.26979       -1.05682        1.00138        0.99486
0.084125        0.98556        0.98670        1.00116        0.42711        0.98434       -0.00344        0.27422       -1.07394        1.00142        0.99469
0.085493        0.98509        0.98627        1.00119        0.42722        0.98434       -0.00350        0.27872       -1.09135        1.00147        0.99451
0.086884        0.98461        0.98583        1.00123        0.42733        0.98433       -0.00356        0.28329       -1.10904        1.00152        0.99434
0.088297        0.98413        0.98538        1.00127        0.42743        0.98433       -0.00362        0.28793       -1.12701        1.00157        0.99416
0.089733        0.98363        0.98492        1.00131        0.42755        0.98432       -0.00368        0.29266       -1.14528        1.00162        0.99398
0.091193        0.98309        0.98442        1.00136        0.42767        0.98432       -0.00374        0.29746       -1.16382        1.00167        0.99378
0.092676        0.98252        0.98389        1.00140        0.42779        0.98431       -0.00380        0.30236       -1.18267        1.00173        0.99357
0.094183        0.98194        0.98336        1.00145        0.42792        0.98431       -0.00386        0.30733       -1.20181        1.00179        0.99335
0.095715        0.98135        0.98282        1.00150        0.42806        0.98430       -0.00393        0.31238       -1.22127        1.00185        0.99313
0.097272        0.98075        0.98227        1.00155        0.42819        0.98429       -0.00399        0.31751       -1.24105        1.00191        0.99291
0.098854        0.98014        0.98171        1.00159        0.42832        0.98429       -0.00406        0.32273       -1.26114        1.00197        0.99269
0.100462        0.97951        0.98112        1.00165        0.42847        0.98428       -0.00412        0.32804       -1.28156        1.00203        0.99246
0.102096        0.97882        0.98049        1.00170        0.42862        0.98428       -0.00419        0.33344       -1.30228        1.00210        0.99220
0.103757        0.97812        0.97984        1.00176        0.42878        0.98427       -0.00426        0.33894       -1.32334        1.00217        0.99194
0.105444        0.97740        0.97918        1.00182        0.42894        0.98426       -0.00433        0.34452       -1.34475        1.00224        0.99168
0.107159        0.97668        0.97851        1.00188        0.42910        0.98426       -0.00440        0.35020       -1.36650        1.00232        0.99141
0.108902        0.97594        0.97783        1.00194        0.42927        0.98425       -0.00448        0.35597       -1.38860        1.00239        0.99114
0.110674        0.97517        0.97712        1.00200        0.42944        0.98424       -0.00455        0.36184       -1.41106        1.00247        0.99085
0.112474        0.97433        0.97635        1.00207        0.42962        0.98423       -0.00463        0.36782       -1.43385        1.00255        0.99054
0.114303        0.97349        0.97557        1.00214        0.42981        0.98423       -0.00471        0.37389       -1.45701        1.00264        0.99023
0.116162        0.97263        0.97478        1.00221        0.43001        0.98422       -0.00478        0.38007       -1.48055        1.00272        0.98991
0.118052        0.97176        0.97397        1.00228        0.43020        0.98421       -0.00486        0.38634       -1.50447        1.00281        0.98959
0.119972        0.97087        0.97315        1.00235        0.43040        0.98420       -0.00495        0.39272       -1.52878        1.00290        0.98926
0.121923        0.96990        0.97225        1.00243        0.43062        0.98419       -0.00503        0.39923       -1.55345        1.00300        0.98890
0.123906        0.96890        0.97134        1.00251        0.43084        0.98418       -0.00511        0.40585       -1.57851        1.00310        0.98853
0.125922        0.96789        0.97041        1.00260        0.43107        0.98417       -0.00520        0.41257       -1.60398        1.00321        0.98816
0.127970        0.96687        0.96946        1.00268        0.43130        0.98416       -0.00529        0.41940       -1.62986        1.00331        0.98778
0.130051        0.96583        0.96850        1.00277        0.43153        0.98415       -0.00538        0.42634       -1.65616        1.00342        0.98739
0.132166        0.96469        0.96745        1.00286        0.43179        0.98414       -0.00547        0.43343       -1.68284        1.00354        0.98697
0.134316        0.96353        0.96638        1.00296        0.43205        0.98413       -0.00556        0.44063       -1.70995        1.00365        0.98654
0.136501        0.96235        0.96529        1.00305        0.43231        0.98412       -0.00565        0.44795       -1.73751        1.00378        0.98611
0.138721        0.96115        0.96418        1.00315        0.43258        0.98411       -0.00575        0.45539       -1.76551        1.00390        0.98566
0.140977        0.95990        0.96303        1.00326        0.43286        0.98410       -0.00584        0.46296       -1.79394        1.00403        0.98520
0.143270        0.95858        0.96181        1.00337        0.43316        0.98408       -0.00594        0.47068       -1.82279        1.00416        0.98471
0.145601        0.95724        0.96057        1.00348        0.43346        0.98407       -0.00604        0.47853       -1.85211        1.00430        0.98421
0.147969        0.95587        0.95930        1.00359        0.43377        0.98406       -0.00615        0.48650       -1.88191        1.00445        0.98370
0.150376        0.95447        0.95801        1.00371        0.43408        0.98404       -0.00625        0.49461       -1.91219        1.00459        0.98318
0.152821        0.95297        0.95662        1.00383        0.43442        0.98403       -0.00636        0.50289       -1.94289        1.00475        0.98262
0.155307        0.95145        0.95521        1.00396        0.43477        0.98401       -0.00647        0.51130       -1.97410        1.00491        0.98205
0.157833        0.94989        0.95378        1.00409        0.43512        0.98400       -0.00658        0.51985       -2.00580        1.00507        0.98148
0.160400        0.94831        0.95231        1.00422        0.43547        0.98398       -0.00669        0.52854       -2.03802        1.00523        0.98089
0.163009        0.94661        0.95074        1.00437        0.43586        0.98396       -0.00680        0.53742       -2.07068        1.00541        0.98025
0.165661        0.94488        0.94915        1.00451        0.43624        0.98395       -0.00692        0.54644       -2.10388        1.00560        0.97961
0.168355        0.94313        0.94752        1.00466        0.43664        0.98393       -0.00704        0.55561       -2.13761        1.00578        0.97896
0.171093        0.94131        0.94584        1.00481        0.43705        0.98391       -0.00716        0.56494       -2.17186        1.00597        0.97828
0.173876        0.93940        0.94407        1.00498        0.43748        0.98389       -0.00728        0.57447       -2.20661        1.00618        0.97756
0.176704        0.93746        0.94228        1.00514        0.43792        0.98387       -0.00741        0.58414       -2.24191        1.00638        0.97684
0.179578        0.93548        0.94045        1.00531        0.43837        0.98385       -0.00754        0.59398       -2.27780        1.00659        0.97610
0.182499        0.93339        0.93851        1.00549        0.43884        0.98383       -0.00767        0.60402       -2.31417        1.00682        0.97532
0.185468        0.93124        0.93652        1.00567        0.43932        0.98381       -0.00780        0.61424       -2.35112        1.00705        0.97451
0.188484        0.92906        0.93451        1.00586        0.43982        0.98379       -0.00794        0.62463       -2.38867        1.00729        0.97370
0.191550        0.92680        0.93241        1.00605        0.44033        0.98376       -0.00807        0.63522       -2.42677        1.00753        0.97285
0.194666        0.92443        0.93022        1.00626        0.44086        0.98374       -0.00821        0.64601       -2.46542        1.00779        0.97196
0.197832        0.92204        0.92800        1.00647        0.44141        0.98371       -0.00836        0.65698       -2.50470        1.00805        0.97106
0.201050        0.91956        0.92571        1.00668        0.44196        0.98369       -0.00850        0.66816       -2.54458        1.00832        0.97013
0.204320        0.91697        0.92330        1.00691        0.44255        0.98366       -0.00865        0.67956       -2.58501        1.00860        0.96916
0.207643        0.91434        0.92086        1.00713        0.44315        0.98363       -0.00881        0.69115       -2.62610        1.00889        0.96817
0.211020        0.91163        0.91835        1.00737        0.44376        0.98360       -0.00896        0.70296       -2.66781        1.00919        0.96715
0.214453        0.90880        0.91572        1.00762        0.44440        0.98357       -0.00912        0.71501       -2.71009        1.00951        0.96608
0.217941        0.90592        0.91305        1.00787        0.44505        0.98354       -0.00928        0.72726       -2.75305        1.00983        0.96499
0.221486        0.90294        0.91029        1.00814        0.44572        0.98351       -0.00945        0.73975       -2.79665        1.01016        0.96387
0.225088        0.89985        0.90742        1.00841        0.44642        0.98347       -0.00961        0.75250       -2.84085        1.01051        0.96270
0.228749        0.89670        0.90449        1.00869        0.44713        0.98344       -0.00978        0.76545       -2.88576        1.01086        0.96151
0.232470        0.89343        0.90145        1.00898        0.44787        0.98340       -0.00996        0.77868       -2.93129        1.01124        0.96027
0.236251        0.89006        0.89832        1.00929        0.44863        0.98337       -0.01014        0.79215       -2.97748        1.01162        0.95899
0.240093        0.88663        0.89514        1.00960        0.44941        0.98333       -0.01032        0.80585       -3.02443        1.01201        0.95769
0.243999        0.88303        0.89179        1.00992        0.45022        0.98329       -0.01051        0.81988       -3.07192        1.01243        0.95632
0.247967        0.87936        0.88838        1.01026        0.45105        0.98324       -0.01070        0.83414       -3.12019        1.01286        0.95492
0.252000        0.87558        0.88486        1.01060        0.45190        0.98320       -0.01089        0.84868       -3.16913        1.01330        0.95348
0.256099        0.87167        0.88123        1.01096        0.45278        0.98316       -0.01109        0.86353       -3.21874        1.01376        0.95198
0.260265        0.86770        0.87752        1.01133        0.45367        0.98311       -0.01129        0.87862       -3.26915        1.01422        0.95046
0.264498        0.86353        0.87364        1.01171        0.45460        0.98306       -0.01150        0.89408       -3.32013        1.01472        0.94887
0.268800        0.85930        0.86970        1.01211        0.45555        0.98301       -0.01171        0.90979       -3.37194        1.01523        0.94724
0.273172        0.85491        0.86561        1.01252        0.45653        0.98296       -0.01192        0.92585       -3.42440        1.01575        0.94556
0.277615        0.85041        0.86142        1.01294        0.45754        0.98290       -0.01214        0.94221       -3.47762        1.01630        0.94382
0.282131        0.84578        0.85710        1.01338        0.45857        0.98285       -0.01236        0.95890       -3.53156        1.01687        0.94204
0.286720        0.84100        0.85264        1.01384        0.45963        0.98279       -0.01259        0.97595       -3.58622        1.01745        0.94019
0.291383        0.83612        0.84808        1.01431        0.46071        0.98273       -0.01283        0.99332       -3.64166        1.01806        0.93830
0.296123        0.83106        0.84335        1.01480        0.46183        0.98266       -0.01306        1.01109       -3.69777        1.01869        0.93633
0.300939        0.82589        0.83852        1.01530        0.46297        0.98260       -0.01331        1.02917       -3.75472        1.01934        0.93433
0.305834        0.82054        0.83352        1.01582        0.46414        0.98253       -0.01356        1.04768       -3.81229        1.02002        0.93224
0.310808        0.81508        0.82841        1.01636        0.46533        0.98246       -0.01381        1.06653       -3.87074        1.02072        0.93011
0.315864        0.80942        0.82311        1.01692        0.46655        0.98238       -0.01407        1.08583       -3.92980        1.02145        0.92789
0.321001        0.80365        0.81771        1.01750        0.46780        0.98231       -0.01434        1.10548       -3.98974        1.02220        0.92562
0.326222        0.79768        0.81212        1.01811        0.46907        0.98223       -0.01461        1.12560       -4.05029        1.02299        0.92327
0.331528        0.79158        0.80640        1.01873        0.47037        0.98214       -0.01488        1.14610       -4.11171        1.02380        0.92087
0.336921        0.78530        0.80051        1.01937        0.47169        0.98206       -0.01516        1.16709       -4.17377        1.02465        0.91837
0.342401        0.77886        0.79446        1.02004        0.47304        0.98197       -0.01545        1.18850       -4.23663        1.02552        0.91582
0.347970        0.77224        0.78825        1.02073        0.47440        0.98187       -0.01574        1.21038       -4.30021        1.02643        0.91318
0.353630        0.76545        0.78187        1.02145        0.47579        0.98177       -0.01604        1.23276       -4.36448        1.02738        0.91046
0.359381        0.75850        0.77533        1.02219        0.47719        0.98167       -0.01635        1.25558       -4.42958        1.02835        0.90767
0.365227        0.75134        0.76860        1.02296        0.47860        0.98157       -0.01666        1.27897       -4.49522        1.02937        0.90478
0.371167        0.74404        0.76171        1.02376        0.48003        0.98146       -0.01698        1.30282       -4.56174        1.03042        0.90183
0.377204        0.73652        0.75463        1.02459        0.48146        0.98134       -0.01730        1.32724       -4.62880        1.03152        0.89877
0.383340        0.72883        0.74737        1.02545        0.48290        0.98122       -0.01763        1.35220       -4.69659        1.03266        0.89563
0.389575        0.72096        0.73995        1.02634        0.48434        0.98110       -0.01796        1.37768       -4.76515        1.03383        0.89241
0.395911        0.71288        0.73231        1.02726        0.48576        0.98097       -0.01831        1.40381       -4.83414        1.03507        0.88908
0.402351        0.70463        0.72451        1.02822        0.48718        0.98083       -0.01865        1.43047       -4.90391        1.03634        0.88566
0.408895        0.69618        0.71652        1.02921        0.48858        0.98069       -0.01900        1.45774       -4.97428        1.03766        0.88214
0.415546        0.68753        0.70833        1.03025        0.48993        0.98054       -0.01936        1.48567       -5.04509        1.03904        0.87851
0.422304        0.67871        0.69996        1.03131        0.49126        0.98039       -0.01972        1.51419       -5.11660        1.04046        0.87480
0.429173        0.66969        0.69140        1.03242        0.49254        0.98023       -0.02008        1.54336       -5.18864        1.04194        0.87097
0.436154        0.66046        0.68264        1.03358        0.49373        0.98007       -0.02045        1.57324       -5.26098        1.04349        0.86703
0.443248        0.65106        0.67369        1.03477        0.49486        0.97990       -0.02082        1.60377       -5.33390        1.04509        0.86298
0.450457        0.64147        0.66457        1.03601        0.49591        0.97972       -0.02119        1.63495       -5.40736        1.04675        0.85883
0.457784        0.63168        0.65524        1.03730        0.49681        0.97953       -0.02156        1.66690       -5.48092        1.04848        0.85455
0.465230        0.62172        0.64574        1.03865        0.49758        0.97934       -0.02193        1.69956       -5.55484        1.05027        0.85015
0.472797        0.61158        0.63605        1.04003        0.49820        0.97914       -0.02230        1.73291       -5.62912        1.05213        0.84564
0.480487        0.60126        0.62619        1.04147        0.49865        0.97894       -0.02267        1.76699       -5.70370        1.05406        0.84101
0.488302        0.59077        0.61615        1.04298        0.49883        0.97873       -0.02303        1.80185       -5.77817        1.05607        0.83624
0.496244        0.58012        0.60595        1.04454        0.49875        0.97851       -0.02338        1.83745       -5.85271        1.05816        0.83135
0.504316        0.56931        0.59558        1.04616        0.49839        0.97828       -0.02372        1.87378       -5.92731        1.06032        0.82633
0.512519        0.55835        0.58506        1.04784        0.49770        0.97805       -0.02405        1.91085       -6.00187        1.06256        0.82118
0.520855        0.54726        0.57439        1.04959        0.49663        0.97781       -0.02436        1.94866       -6.07631        1.06488        0.81589
0.529327        0.53604        0.56359        1.05141        0.49507        0.97757       -0.02465        1.98720       -6.15033        1.06728        0.81047
0.537936        0.52471        0.55267        1.05330        0.49295        0.97732       -0.02491        2.02645       -6.22384        1.06978        0.80490
0.546686        0.51329        0.54165        1.05527        0.49024        0.97707       -0.02514        2.06638       -6.29687        1.07235        0.79919
0.555578        0.50178        0.53053        1.05731        0.48687        0.97682       -0.02533        2.10694       -6.36930        1.07502        0.79333
0.564614        0.49021        0.51934        1.05944        0.48273        0.97657       -0.02548        2.14810       -6.44097        1.07776        0.78733
0.573798        0.47859        0.50809        1.06165        0.47772        0.97633       -0.02557        2.18981       -6.51174        1.08059        0.78119
0.583131        0.46695        0.49680        1.06395        0.47174        0.97609       -0.02561        2.23198       -6.58145        1.08350        0.77489
0.592615        0.45531        0.48551        1.06634        0.46465        0.97586       -0.02557        2.27454       -6.64991        1.08649        0.76843
0.602254        0.44370        0.47423        1.06882        0.45632        0.97564       -0.02544        2.31738       -6.71695        1.08956        0.76183
0.612050        0.43215        0.46301        1.07140        0.44661        0.97544       -0.02522        2.36038       -6.78237        1.09269        0.75506
0.622005        0.42070        0.45187        1.07409        0.43535        0.97527       -0.02489        2.40337       -6.84596        1.09589        0.74813
0.632122        0.40938        0.44085        1.07688        0.42239        0.97513       -0.02443        2.44617       -6.90752        1.09914        0.74105
0.642403        0.39822        0.42999        1.07978        0.40754        0.97503       -0.02383        2.48859       -6.96682        1.10242        0.73380
0.652852        0.38727        0.41933        1.08279        0.39064        0.97497       -0.02307        2.53038       -7.02363        1.10573        0.72639
0.663471        0.37658        0.40893        1.08592        0.37152        0.97498       -0.02213        2.57127       -7.07771        1.10904        0.71882
0.674262        0.36618        0.39882        1.08916        0.35000        0.97505       -0.02099        2.61094       -7.12883        1.11233        0.71107
0.685229        0.35612        0.38907        1.09253        0.32593        0.97521       -0.01963        2.64904       -7.17672        1.11559        0.70317
0.696374        0.34646        0.37972        1.09602        0.29917        0.97545       -0.01804        2.68520       -7.22115        1.11876        0.69509
0.707701        0.33724        0.37083        1.09963        0.26959        0.97580       -0.01620        2.71898       -7.26184        1.12183        0.68685
0.719212        0.32852        0.36247        1.10336        0.23709        0.97626       -0.01408        2.74993       -7.29855        1.12476        0.67845
0.730910        0.32039        0.35474        1.10722        0.20147        0.97686       -0.01167        2.77727       -7.33070        1.12748        0.66987
0.742798        0.31293        0.34773        1.11121        0.16267        0.97759       -0.00894        2.80034       -7.35791        1.12994        0.66112
0.754880        0.30614        0.34144        1.11531        0.12087        0.97847       -0.00591        2.81881       -7.38023        1.13210        0.65221
0.767158        0.30008        0.33595        1.11954        0.07615        0.97950       -0.00255        2.83207       -7.39738        1.13391        0.64314
0.779636        0.29480        0.33132        1.12387        0.02862        0.98067        0.00111        2.83948       -7.40906        1.13529        0.63389
0.792317        0.29049        0.32776        1.12832       -0.02181        0.98199        0.00513        2.83939       -7.41406        1.13610        0.62449
0.805204        0.28710        0.32524        1.13286       -0.07469        0.98344        0.00945        2.83173       -7.41265        1.13633        0.61492
0.818301        0.28465        0.32379        1.13749       -0.12970        0.98501        0.01407        2.81604       -7.40464        1.13590        0.60519
0.831610        0.28329        0.32357        1.14219       -0.18661        0.98667        0.01898        2.79083       -7.38898        1.13467        0.59530
0.845137        0.28308        0.32468        1.14696       -0.24501        0.98839        0.02417        2.75510       -7.36499        1.13253        0.58526
0.858883        0.28395        0.32705        1.15177       -0.30442        0.99015        0.02957        2.70913       -7.33293        1.12948        0.57507
0.872853        0.28609        0.33090        1.15659       -0.36431        0.99190        0.03519        2.65070       -7.29098        1.12527        0.56473
0.887050        0.28945        0.33618        1.16142       -0.42418        0.99362        0.04095        2.57994       -7.23910        1.11989        0.55425
0.901478        0.29403        0.34291        1.16621       -0.48345        0.99526        0.04682        2.49617       -7.17654        1.11324        0.54363
0.916140        0.29995        0.35122        1.17094       -0.54135        0.99678        0.05275        2.39778       -7.10159        1.10511        0.53287
0.931041        0.30704        0.36095        1.17558       -0.59752        0.99819        0.05867        2.28560       -7.01458        1.09556        0.52198
0.946185        0.31544        0.37224        1.18007       -0.65095        0.99942        0.06452        2.15740       -6.91299        1.08428        0.51097
0.961575        0.32494        0.38486        1.18439       -0.70149        1.00051        0.07024        2.01441       -6.79742        1.07138        0.49984
0.977215        0.33557        0.39883        1.18849       -0.74824        1.00142        0.07578        1.85497       -6.66566        1.05661        0.48860
0.993109        0.34714        0.41391        1.19231       -0.79101        1.00218        0.08108        1.67960       -6.51762        1.03998        0.47726
1.009262        0.35951        0.42991        1.19583       -0.82955        1.00280        0.08610        1.48825       -6.35275        1.02141        0.46582
1.025678        0.37250        0.44662        1.19894       -0.86319        1.00330        0.09077        1.27976       -6.16926        1.00070        0.45430
1.042361        0.38586        0.46367        1.20164       -0.89233        1.00370        0.09511        1.05542       -5.96834        0.97796        0.44269
1.059315        0.39933        0.48074        1.20385       -0.91668        1.00404        0.09907        0.81470       -5.74933        0.95303        0.43102
1.076545        0.41256        0.49733        1.20548       -0.93594        1.00433        0.10260        0.55709       -5.51186        0.92577        0.41929
1.094055        0.42522        0.51303        1.20651       -0.95041        1.00461        0.10569        0.28357       -5.25764        0.89625        0.40750
1.111850        0.43694        0.52733        1.20687       -0.95990        1.00490        0.10832       -0.00578       -4.98765        0.86440        0.39568
1.129934        0.44730        0.53966        1.20649       -0.96411        1.00522        0.11042       -0.31081       -4.70344        0.83016        0.38383
1.148312        0.45577        0.54932        1.20527       -0.96231        1.00558        0.11189       -0.63139       -4.40721        0.79343        0.37197
1.166990        0.46198        0.55585        1.20319       -0.95406        1.00598        0.11263       -0.96611       -4.10256        0.75433        0.36010
1.185971        0.46553        0.55873        1.20019       -0.93826        1.00643        0.11248       -1.31364       -3.79341        0.71294        0.34824
1.205261        0.46604        0.55749        1.19622       -0.91343        1.00688        0.11122       -1.67189       -3.48463        0.66944        0.33640
1.224865        0.46323        0.55182        1.19125       -0.87761        1.00727        0.10856       -2.03759       -3.18205        0.62418        0.32459
1.244787        0.45697        0.54162        1.18524       -0.82844        1.00750        0.10412       -2.40595       -2.89239        0.57768        0.31283
1.265034        0.44737        0.52710        1.17819       -0.76333        1.00739        0.09752       -2.77011       -2.62304        0.53078        0.30113
1.285610        0.43486        0.50885        1.17014       -0.67996        1.00668        0.08833       -3.12072       -2.38161        0.48469        0.28951
1.306520        0.42020        0.48791        1.16112       -0.57705        1.00503        0.07628       -3.44573       -2.17521        0.44100        0.27798
1.327771        0.40458        0.46578        1.15126       -0.45537        1.00205        0.06134       -3.73069       -2.00957        0.40174        0.26655
1.349367        0.38945        0.44424        1.14067       -0.31844        0.99741        0.04385       -3.95974       -1.88826        0.36919        0.25523
1.371315        0.37649        0.42528        1.12957       -0.17234        0.99089        0.02452       -4.11493       -1.81329        0.34607        0.24405
1.393619        0.36718        0.41058        1.11817       -0.02473        0.98261        0.00434       -4.18196       -1.78278        0.33470        0.23303
1.416287        0.36247        0.40116        1.10674        0.11784        0.97298       -0.01578       -4.15086       -1.79301        0.33693        0.22216
1.439323        0.36271        0.39736        1.09555        0.25088        0.96254       -0.03517       -4.01314       -1.84075        0.35446        0.21146
1.462733        0.36772        0.39895        1.08493        0.37075        0.95191       -0.05328       -3.75709       -1.92480        0.38956        0.20096
1.486525        0.37609        0.40436        1.07518        0.47548        0.94161       -0.06971       -3.38181       -2.04173        0.44298        0.19066
1.510703        0.38565        0.41132        1.06658        0.56216        0.93204       -0.08392       -2.88689       -2.18871        0.51542        0.18057
1.535275        0.39325        0.41665        1.05952        0.62509        0.92351       -0.09492       -2.27104       -2.36240        0.60781        0.17072
1.560246        0.39552        0.41696        1.05419        0.66040        0.91614       -0.10193       -1.55354       -2.55373        0.71775        0.16109
1.585624        0.38856        0.40838        1.05102        0.66019        0.91030       -0.10348       -0.75361       -2.75132        0.84296        0.15174
1.611414        0.37090        0.38947        1.05005        0.62359        0.90627       -0.09915        0.08647       -2.94027        0.97702        0.14263
1.637624        0.34246        0.36009        1.05151        0.55131        0.90470       -0.08877        0.91786       -3.10539        1.11239        0.13381
1.664260        0.30646        0.32342        1.05535        0.45384        0.90617       -0.07377        1.68676       -3.23696        1.24011        0.12527
1.691330        0.26761        0.28404        1.06141        0.34630        0.91098       -0.05652        2.35117       -3.33299        1.35278        0.11702
1.718839        0.23058        0.24660        1.06950        0.24363        0.91916       -0.03946        2.88268       -3.39679        1.44503        0.10907
1.746796        0.19876        0.21452        1.07933        0.15556        0.93031       -0.02434        3.27639       -3.43617        1.51520        0.10143
1.775208        0.17359        0.18930        1.09055        0.08458        0.94385       -0.01176        3.54257       -3.45882        1.56426        0.09409
1.804082        0.15534        0.17132        1.10289        0.02897        0.95926       -0.00158        3.69378       -3.47023        1.59368        0.08708
1.833425        0.14366        0.16033        1.11603       -0.01486        0.97605        0.00666        3.74066       -3.47394        1.60468        0.08038
1.863246        0.13803        0.15593        1.12965       -0.05077        0.99376        0.01356        3.68767       -3.47181        1.59740        0.07400
1.893552        0.13801        0.15780        1.14341       -0.08214        1.01188        0.01964        3.53087       -3.46442        1.57042        0.06794
1.924351        0.14313        0.16558        1.15684       -0.11135        1.02976        0.02536        3.25740       -3.45141        1.52058        0.06221
1.955651        0.15258        0.17842        1.16937       -0.13913        1.04661        0.03088        2.84715       -3.43169        1.44314        0.05679
1.987460        0.16454        0.19420        1.18027       -0.16344        1.06141        0.03587        2.27960       -3.40405        1.33308        0.05169
2.019786        0.17553        0.20865        1.18870       -0.17873        1.07298        0.03925        1.54841       -3.36843        1.18798        0.04690
2.052638        0.18038        0.21532        1.19370       -0.17715        1.08002        0.03940        0.68074       -3.32768        1.01209        0.04243
2.086024        0.17502        0.20909        1.19469       -0.15535        1.08168        0.03551       -0.24245       -3.28834        0.82122        0.03825
2.119953        0.15932        0.18984        1.19153       -0.11842        1.07766        0.02850       -1.11639       -3.25698        0.63697        0.03437
2.154435        0.13737        0.16271        1.18449       -0.07728        1.06821        0.02057       -1.84734       -3.23679        0.47960        0.03077
2.189477        0.11482        0.13485        1.17446       -0.04117        1.05457        0.01369       -2.40331       -3.22569        0.35720        0.02745
2.225089        0.09544        0.11093        1.16221       -0.01369        1.03785        0.00867       -2.78769       -3.22054        0.27027        0.02440
2.261280        0.08047        0.09243        1.14856        0.00598        1.01927        0.00532       -3.03628       -3.21841        0.21214        0.02160
2.298060        0.06990        0.07928        1.13408        0.01941        0.99969        0.00322       -3.17919       -3.21764        0.17696        0.01905
2.335438        0.06306        0.07058        1.11923        0.02815        0.97981        0.00195       -3.24318       -3.21734        0.15941        0.01673
2.373424        0.05927        0.06546        1.10434        0.03318        0.96010        0.00120       -3.24518       -3.21709        0.15613        0.01463
2.412028        0.05808        0.06329        1.08967        0.03519        0.94095        0.00077       -3.19377       -3.21672        0.16560        0.01274
2.451260        0.05914        0.06360        1.07546        0.03482        0.92262        0.00057       -3.09138       -3.21618        0.18768        0.01104
2.491130        0.06223        0.06608        1.06193        0.03274        0.90538        0.00050       -2.93554       -3.21549        0.22346        0.00952
2.531648        0.06709        0.07040        1.04930        0.02958        0.88945        0.00055       -2.72023       -3.21473        0.27492        0.00817
2.572826        0.07328        0.07605        1.03783        0.02588        0.87509        0.00070       -2.43785       -3.21398        0.34458        0.00698
2.614673        0.07993        0.08215        1.02779        0.02197        0.86260        0.00101       -2.08252       -3.21333        0.43460        0.00593
2.657201        0.08569        0.08736        1.01948        0.01800        0.85229        0.00152       -1.65479       -3.21287        0.54555        0.00501
2.700421        0.08882        0.08999        1.01318        0.01394        0.84446        0.00232       -1.16678       -3.21264        0.67488        0.00421
2.744343        0.08773        0.08853        1.00913        0.00975        0.83937        0.00348       -0.64496       -3.21268        0.81604        0.00352
2.788980        0.08194        0.08255        1.00739        0.00534        0.83704        0.00511       -0.12722       -3.21297        0.95887        0.00293
2.834343        0.07224        0.07281        1.00793        0.00062        0.83742        0.00731        0.34754       -3.21351        1.09246        0.00242
2.880444        0.06049        0.06113        1.01053       -0.00461        0.84020        0.01026        0.75237       -3.21430        1.20867        0.00198
2.927295        0.04863        0.04936        1.01494       -0.01072        0.84501        0.01426        1.07412       -3.21534        1.30307        0.00162
2.974908        0.03801        0.03880        1.02085       -0.01822        0.85139        0.01965        1.31660       -3.21662        1.37590        0.00131
3.023295        0.02922        0.03004        1.02796       -0.02771        0.85893        0.02688        1.49097       -3.21812        1.42973        0.00105
3.072469        0.02232        0.02313        1.03604       -0.03982        0.86722        0.03644        1.61128       -3.21982        1.46813        0.00084
3.122443        0.01708        0.01785        1.04491       -0.05516        0.87596        0.04884        1.69089       -3.22174        1.49467        0.00067
3.173230        0.01317        0.01388        1.05441       -0.07426        0.88485        0.06456        1.73879       -3.22387        1.51173        0.00000
3.224842        0.01026        0.01093        1.06443       -0.09752        0.89367        0.08402        1.76765       -3.22623        1.52303        0.00000
3.277295        0.00811        0.00872        1.07492       -0.12530        0.90227        0.10758        1.78151       -3.22882        1.52966        0.00000
3.330600        0.00650        0.00706        1.08581       -0.15774        0.91053        0.13548        1.78475       -3.23165        1.53291        0.00000
3.384773        0.00529        0.00580        1.09708       -0.19486        0.91836        0.16786        1.78036       -3.23474        1.53364        0.00000
3.439826        0.00437        0.00484        1.10870       -0.23648        0.92572        0.20469        1.77056       -3.23807        1.53254        0.00000
3.495776        0.00366        0.00410        1.12065       -0.28238        0.93258        0.24593        1.75674       -3.24165        1.53000        0.00000
3.552635        0.00310        0.00352        1.13293       -0.33219        0.93896        0.29141        1.73997       -3.24548        1.52637        0.00000
3.610419        0.00267        0.00305        1.14551       -0.38550        0.94487        0.34090        1.72096       -3.24953        1.52185        0.00000
3.669142        0.00232        0.00269        1.15840       -0.44117        0.95048        0.39354        1.70014       -3.25374        1.51657        0.00000
3.728821        0.00224        0.00261        1.17068       -0.50568        0.96303        0.44417        1.74504       -3.25301        1.54990        0.00000
3.789471        0.00221        0.00259        1.18284       -0.57920        0.97714        0.49909        1.81363       -3.25094        1.59715        0.00000
3.851107        0.00218        0.00257        1.19521       -0.65392        0.99148        0.55491        1.88334       -3.24884        1.64516        0.00000
3.913746        0.00215        0.00254        1.20777       -0.72985        1.00606        0.61163        1.95419       -3.24670        1.69395        0.00000
3.977403        0.00212        0.00252        1.22054       -0.80702        1.02087        0.66927        2.02618       -3.24453        1.74354        0.00000
4.042096        0.00208        0.00249        1.23352       -0.88544        1.03592        0.72785        2.09935       -3.24232        1.79393        0.00000
4.107841        0.00205        0.00247        1.24671       -0.96513        1.05122        0.78739        2.17370       -3.24008        1.84514        0.00000
4.174655        0.00202        0.00244        1.26011       -1.04613        1.06677        0.84789        2.24927       -3.23780        1.89718        0.00000
4.242556        0.00198        0.00242        1.27373       -1.12844        1.08257        0.90938        2.32607       -3.23548        1.95008        0.00000
4.311562        0.00195        0.00239        1.28758       -1.21209        1.09862        0.97187        2.40411       -3.23313        2.00383        0.00000
4.381690        0.00191        0.00236        1.30164       -1.29709        1.11494        1.03537        2.48342       -3.23074        2.05845        0.00000
4.452959        0.00188        0.00234        1.31594       -1.38349        1.13153        1.09991        2.56403       -3.22831        2.11397        0.00000
4.525386        0.00184        0.00231        1.33047       -1.47128        1.14838        1.16549        2.64594       -3.22584        2.17039        0.00000
4.598992        0.00180        0.00228        1.34524       -1.56051        1.16551        1.23215        2.72919       -3.22333        2.22772        0.00000
4.673795        0.00176        0.00225        1.36024       -1.65119        1.18291        1.29989        2.81379       -3.22077        2.28599        0.00000
4.749815        0.00173        0.00222        1.37549       -1.74334        1.20060        1.36872        2.89977       -3.21818        2.34520        0.00000
4.827071        0.00169        0.00219        1.39099       -1.83699        1.21858        1.43868        2.98714       -3.21555        2.40538        0.00000
4.905584        0.00165        0.00216        1.40674       -1.93216        1.23684        1.50978        3.07594       -3.21287        2.46654        0.00000
4.985373        0.00161        0.00213        1.42275       -2.02888        1.25541        1.58203        3.16618       -3.21015        2.52869        0.00000
5.066461        0.00157        0.00210        1.43901       -2.12718        1.27428        1.65546        3.25789       -3.20738        2.59185        0.00000
5.148867        0.00152        0.00207        1.45554       -2.22707        1.29345        1.73008        3.35109       -3.20457        2.65604        0.00000
5.232614        0.00148        0.00204        1.47234       -2.32859        1.31294        1.80592        3.44580       -3.20171        2.72128        0.00000
5.317723        0.00144        0.00201        1.48942       -2.43176        1.33274        1.88299        3.54206       -3.19881        2.78757        0.00000
5.404216        0.00140        0.00197        1.50677       -2.53661        1.35287        1.96131        3.63988       -3.19586        2.85495        0.00000
5.492116        0.00135        0.00194        1.52440       -2.64316        1.37332        2.04091        3.73930       -3.19286        2.92342        0.00000
5.581446        0.00131        0.00191        1.54232       -2.75145        1.39411        2.12180        3.84033       -3.18981        2.99300        0.00000
5.672229        0.00126        0.00187        1.56053       -2.86150        1.41523        2.20401        3.94300       -3.18672        3.06371        0.00000
5.764488        0.00121        0.00184        1.57904       -2.97333        1.43670        2.28756        4.04734       -3.18357        3.13558        0.00000
5.858248        0.00117        0.00180        1.59785       -3.08699        1.45852        2.37246        4.15338       -3.18037        3.20861        0.00000
5.953533        0.00112        0.00176        1.61696       -3.20249        1.48069        2.45874        4.26115       -3.17712        3.28284        0.00000
6.050368        0.00107        0.00173        1.63639       -3.31988        1.50322        2.54643        4.37067       -3.17382        3.35827        0.00000
6.148778        0.00102        0.00169        1.65613       -3.43917        1.52612        2.63555        4.48197       -3.17046        3.43492        0.00000
6.248788        0.00067        0.00118        1.76769       -5.44250        1.56223        4.18999        4.44563       -3.17432        3.42252        0.00000
6.350425        0.00051        0.00097        1.89922       -7.48139        1.63746        5.78510        4.41213       -3.15590        3.41174        0.00000
6.453715        0.00041        0.00085        2.05071       -9.72492        1.74813        7.54956        4.38994       -3.11252        3.40796        0.00000
6.558686        0.00034        0.00077        2.22744      -12.35598        1.90463        9.62412        4.38357       -3.03282        3.41438        0.00000
6.665363        0.00029        0.00071        2.43691      -15.60677        2.13225       12.18673        4.40174       -2.89233        3.43715        0.00000
6.773776        0.00025        0.00067        2.69066      -19.86760        2.49027       15.53416        4.46127       -2.63464        3.48819        0.00000
6.883952        0.00021        0.00064        3.00796      -25.90773        3.14690       20.24694        4.59515       -2.09918        3.59112        0.00000
