x               rho            P              T              ur             uphi           uz             Br             Bphi           Bz             m
0.010000        0.99990        0.99992        1.00001        0.31443        0.98530       -0.00031        0.02428       -0.09804        1.00001        0.99992
0.010163        0.99990        0.99991        1.00001        0.31443        0.98530       -0.00031        0.02467       -0.09964        1.00002        0.99992
0.010328        0.99989        0.99991        1.00001        0.31443        0.98530       -0.00032        0.02508       -0.10126        1.00002        0.99992
0.010496        0.99989        0.99990        1.00001        0.31443        0.98530       -0.00032        0.02548       -0.10290        1.00002        0.99991
0.010667        0.99988        0.99989        1.00001        0.31443        0.98530       -0.00033        0.02590       -0.10458        1.00002        0.99991
0.010840        0.99987        0.99989        1.00001        0.31443        0.98530       -0.00033        0.02632       -0.10628        1.00002        0.99991
0.011016        0.99987        0.99988        1.00002        0.31443        0.98530       -0.00034        0.02675       -0.10801        1.00002        0.99990
0.011196        0.99986        0.99987        1.00002        0.31443        0.98530       -0.00035        0.02718       -0.10976        1.00002        0.99990
0.011378        0.99985        0.99987        1.00002        0.31443        0.98530       -0.00035        0.02763       -0.11155        1.00002        0.99989
0.011563        0.99984        0.99986        1.00002        0.31443        0.98530       -0.00036        0.02807       -0.11336        1.00002        0.99989
0.011751        0.99983        0.99985        1.00002        0.31443        0.98530       -0.00036        0.02853       -0.11521        1.00002        0.99989
0.011942        0.99983        0.99985        1.00002        0.31443        0.98530       -0.00037        0.02900       -0.11708        1.00002        0.99988
0.012136        0.99982        0.99984        1.00002        0.31444        0.98530       -0.00037        0.02947       -0.11898        1.00002        0.99988
0.012334        0.99981        0.99983        1.00002        0.31444        0.98530       -0.00038        0.02995       -0.12092        1.00003        0.99987
0.012534        0.99980        0.99982        1.00002        0.31444        0.98530       -0.00039        0.03043       -0.12288        1.00003        0.99987
0.012738        0.99979        0.99981        1.00002        0.31444        0.98530       -0.00039        0.03093       -0.12488        1.00003        0.99986
0.012945        0.99978        0.99981        1.00002        0.31444        0.98530       -0.00040        0.03143       -0.12691        1.00003        0.99986
0.013156        0.99977        0.99980        1.00002        0.31444        0.98530       -0.00041        0.03194       -0.12898        1.00003        0.99985
0.013370        0.99977        0.99979        1.00002        0.31444        0.98530       -0.00041        0.03246       -0.13108        1.00003        0.99985
0.013587        0.99976        0.99978        1.00002        0.31444        0.98530       -0.00042        0.03299       -0.13321        1.00003        0.99984
0.013808        0.99975        0.99977        1.00003        0.31444        0.98530       -0.00043        0.03353       -0.13537        1.00003        0.99984
0.014033        0.99974        0.99976        1.00003        0.31444        0.98530       -0.00043        0.03407       -0.13758        1.00003        0.99983
0.014261        0.99973        0.99976        1.00003        0.31444        0.98530       -0.00044        0.03463       -0.13981        1.00003        0.99983
0.014493        0.99972        0.99975        1.00003        0.31445        0.98530       -0.00045        0.03519       -0.14209        1.00004        0.99982
0.014729        0.99971        0.99974        1.00003        0.31445        0.98530       -0.00045        0.03576       -0.14440        1.00004        0.99982
0.014968        0.99970        0.99973        1.00003        0.31445        0.98530       -0.00046        0.03635       -0.14675        1.00004        0.99981
0.015212        0.99969        0.99972        1.00003        0.31445        0.98530       -0.00047        0.03694       -0.14913        1.00004        0.99981
0.015459        0.99968        0.99971        1.00003        0.31445        0.98530       -0.00048        0.03754       -0.15156        1.00004        0.99980
0.015711        0.99967        0.99970        1.00003        0.31445        0.98530       -0.00048        0.03815       -0.15402        1.00004        0.99980
0.015966        0.99966        0.99969        1.00003        0.31445        0.98530       -0.00049        0.03877       -0.15653        1.00004        0.99979
0.016226        0.99965        0.99968        1.00003        0.31445        0.98530       -0.00050        0.03940       -0.15907        1.00004        0.99978
0.016490        0.99963        0.99967        1.00004        0.31445        0.98530       -0.00051        0.04004       -0.16166        1.00004        0.99978
0.016758        0.99962        0.99966        1.00004        0.31446        0.98530       -0.00052        0.04069       -0.16429        1.00005        0.99977
0.017031        0.99961        0.99965        1.00004        0.31446        0.98530       -0.00053        0.04135       -0.16696        1.00005        0.99977
0.017308        0.99960        0.99964        1.00004        0.31446        0.98530       -0.00053        0.04203       -0.16968        1.00005        0.99976
0.017589        0.99959        0.99963        1.00004        0.31446        0.98530       -0.00054        0.04271       -0.17244        1.00005        0.99975
0.017875        0.99958        0.99962        1.00004        0.31446        0.98530       -0.00055        0.04340       -0.17524        1.00005        0.99975
0.018166        0.99956        0.99961        1.00004        0.31446        0.98530       -0.00056        0.04411       -0.17809        1.00005        0.99974
0.018461        0.99955        0.99959        1.00004        0.31446        0.98530       -0.00057        0.04483       -0.18099        1.00005        0.99973
0.018762        0.99954        0.99958        1.00004        0.31446        0.98530       -0.00058        0.04556       -0.18393        1.00005        0.99973
0.019067        0.99953        0.99957        1.00005        0.31447        0.98530       -0.00059        0.04630       -0.18692        1.00006        0.99972
0.019377        0.99951        0.99956        1.00005        0.31447        0.98530       -0.00060        0.04705       -0.18996        1.00006        0.99971
0.019692        0.99950        0.99955        1.00005        0.31447        0.98530       -0.00061        0.04782       -0.19305        1.00006        0.99971
0.020012        0.99949        0.99953        1.00005        0.31447        0.98530       -0.00062        0.04860       -0.19619        1.00006        0.99970
0.020338        0.99947        0.99952        1.00005        0.31447        0.98530       -0.00063        0.04939       -0.19938        1.00006        0.99969
0.020669        0.99944        0.99949        1.00005        0.31447        0.98530       -0.00064        0.05019       -0.20262        1.00007        0.99968
0.021005        0.99942        0.99947        1.00005        0.31448        0.98530       -0.00065        0.05101       -0.20592        1.00007        0.99966
0.021347        0.99939        0.99945        1.00006        0.31448        0.98530       -0.00066        0.05184       -0.20927        1.00007        0.99965
0.021694        0.99937        0.99943        1.00006        0.31448        0.98530       -0.00067        0.05268       -0.21267        1.00007        0.99964
0.022047        0.99935        0.99941        1.00006        0.31448        0.98530       -0.00068        0.05354       -0.21613        1.00008        0.99962
0.022405        0.99932        0.99938        1.00006        0.31449        0.98530       -0.00069        0.05441       -0.21964        1.00008        0.99961
0.022770        0.99929        0.99936        1.00007        0.31449        0.98530       -0.00070        0.05529       -0.22321        1.00008        0.99960
0.023140        0.99927        0.99934        1.00007        0.31449        0.98530       -0.00071        0.05619       -0.22684        1.00008        0.99958
0.023516        0.99924        0.99931        1.00007        0.31450        0.98530       -0.00073        0.05711       -0.23053        1.00009        0.99957
0.023899        0.99922        0.99929        1.00007        0.31450        0.98530       -0.00074        0.05804       -0.23428        1.00009        0.99955
0.024288        0.99919        0.99926        1.00007        0.31450        0.98530       -0.00075        0.05898       -0.23809        1.00009        0.99954
0.024683        0.99916        0.99924        1.00008        0.31450        0.98530       -0.00076        0.05994       -0.24196        1.00010        0.99952
0.025084        0.99913        0.99921        1.00008        0.31451        0.98530       -0.00077        0.06092       -0.24589        1.00010        0.99951
0.025492        0.99910        0.99919        1.00008        0.31451        0.98530       -0.00079        0.06191       -0.24989        1.00010        0.99949
0.025907        0.99907        0.99916        1.00008        0.31451        0.98529       -0.00080        0.06292       -0.25396        1.00010        0.99948
0.026328        0.99905        0.99913        1.00009        0.31452        0.98529       -0.00081        0.06394       -0.25808        1.00011        0.99946
0.026756        0.99902        0.99910        1.00009        0.31452        0.98529       -0.00083        0.06498       -0.26228        1.00011        0.99945
0.027192        0.99898        0.99908        1.00009        0.31452        0.98529       -0.00084        0.06604       -0.26655        1.00011        0.99943
0.027634        0.99895        0.99905        1.00009        0.31453        0.98529       -0.00085        0.06711       -0.27088        1.00012        0.99941
0.028083        0.99892        0.99902        1.00010        0.31453        0.98529       -0.00087        0.06820       -0.27528        1.00012        0.99940
0.028540        0.99889        0.99899        1.00010        0.31453        0.98529       -0.00088        0.06931       -0.27976        1.00012        0.99938
0.029004        0.99886        0.99896        1.00010        0.31454        0.98529       -0.00090        0.07044       -0.28431        1.00013        0.99936
0.029476        0.99882        0.99893        1.00011        0.31454        0.98529       -0.00091        0.07159       -0.28893        1.00013        0.99934
0.029955        0.99879        0.99890        1.00011        0.31454        0.98529       -0.00092        0.07275       -0.29363        1.00013        0.99933
0.030443        0.99875        0.99886        1.00011        0.31455        0.98529       -0.00094        0.07394       -0.29841        1.00014        0.99930
0.030938        0.99870        0.99882        1.00012        0.31455        0.98529       -0.00095        0.07514       -0.30326        1.00014        0.99928
0.031441        0.99865        0.99877        1.00012        0.31456        0.98529       -0.00097        0.07636       -0.30818        1.00015        0.99925
0.031952        0.99860        0.99872        1.00013        0.31456        0.98529       -0.00099        0.07761       -0.31319        1.00016        0.99922
0.032472        0.99855        0.99868        1.00013        0.31457        0.98529       -0.00100        0.07887       -0.31828        1.00016        0.99920
0.033000        0.99850        0.99863        1.00013        0.31457        0.98529       -0.00102        0.08016       -0.32346        1.00017        0.99917
0.033537        0.99844        0.99858        1.00014        0.31458        0.98529       -0.00104        0.08146       -0.32872        1.00017        0.99914
0.034083        0.99839        0.99853        1.00014        0.31458        0.98529       -0.00105        0.08279       -0.33406        1.00018        0.99911
0.034637        0.99834        0.99848        1.00015        0.31459        0.98529       -0.00107        0.08413       -0.33949        1.00018        0.99908
0.035200        0.99828        0.99843        1.00015        0.31460        0.98529       -0.00109        0.08550       -0.34501        1.00019        0.99905
0.035773        0.99822        0.99838        1.00016        0.31460        0.98529       -0.00110        0.08690       -0.35062        1.00020        0.99902
0.036355        0.99817        0.99833        1.00016        0.31461        0.98529       -0.00112        0.08831       -0.35632        1.00020        0.99899
0.036946        0.99811        0.99828        1.00017        0.31461        0.98529       -0.00114        0.08975       -0.36211        1.00021        0.99896
0.037547        0.99805        0.99822        1.00017        0.31462        0.98529       -0.00116        0.09121       -0.36799        1.00021        0.99893
0.038158        0.99799        0.99817        1.00018        0.31463        0.98529       -0.00118        0.09269       -0.37398        1.00022        0.99890
0.038778        0.99793        0.99811        1.00018        0.31463        0.98529       -0.00120        0.09420       -0.38006        1.00023        0.99886
0.039409        0.99787        0.99806        1.00019        0.31464        0.98529       -0.00122        0.09574       -0.38623        1.00023        0.99883
0.040050        0.99781        0.99800        1.00019        0.31465        0.98528       -0.00124        0.09730       -0.39251        1.00024        0.99880
0.040701        0.99773        0.99793        1.00020        0.31465        0.98528       -0.00126        0.09888       -0.39889        1.00025        0.99875
0.041363        0.99764        0.99785        1.00021        0.31466        0.98528       -0.00128        0.10049       -0.40537        1.00026        0.99871
0.042036        0.99756        0.99777        1.00022        0.31467        0.98528       -0.00130        0.10213       -0.41196        1.00027        0.99866
0.042720        0.99747        0.99769        1.00022        0.31468        0.98528       -0.00132        0.10379       -0.41865        1.00028        0.99862
0.043415        0.99738        0.99761        1.00023        0.31469        0.98528       -0.00134        0.10548       -0.42545        1.00029        0.99857
0.044121        0.99730        0.99753        1.00024        0.31470        0.98528       -0.00136        0.10720       -0.43237        1.00030        0.99852
0.044839        0.99720        0.99745        1.00025        0.31471        0.98528       -0.00138        0.10895       -0.43939        1.00031        0.99847
0.045568        0.99711        0.99737        1.00026        0.31472        0.98528       -0.00141        0.11072       -0.44653        1.00032        0.99843
0.046309        0.99702        0.99728        1.00026        0.31473        0.98528       -0.00143        0.11253       -0.45379        1.00033        0.99838
0.047062        0.99693        0.99720        1.00027        0.31474        0.98528       -0.00145        0.11436       -0.46116        1.00034        0.99832
0.047828        0.99683        0.99711        1.00028        0.31475        0.98528       -0.00148        0.11622       -0.46865        1.00035        0.99827
0.048606        0.99673        0.99702        1.00029        0.31476        0.98528       -0.00150        0.11812       -0.47627        1.00036        0.99822
0.049396        0.99663        0.99693        1.00030        0.31477        0.98528       -0.00153        0.12004       -0.48401        1.00037        0.99817
0.050200        0.99653        0.99683        1.00031        0.31478        0.98527       -0.00155        0.12200       -0.49187        1.00038        0.99811
0.051016        0.99640        0.99672        1.00032        0.31479        0.98527       -0.00158        0.12399       -0.49986        1.00039        0.99804
0.051846        0.99628        0.99660        1.00033        0.31480        0.98527       -0.00160        0.12601       -0.50798        1.00041        0.99798
0.052689        0.99615        0.99648        1.00034        0.31482        0.98527       -0.00163        0.12806       -0.51623        1.00042        0.99791
0.053546        0.99601        0.99636        1.00035        0.31483        0.98527       -0.00165        0.13015       -0.52461        1.00044        0.99784
0.054417        0.99588        0.99624        1.00036        0.31484        0.98527       -0.00168        0.13227       -0.53313        1.00045        0.99776
0.055302        0.99574        0.99612        1.00037        0.31486        0.98527       -0.00171        0.13443       -0.54179        1.00046        0.99769
0.056202        0.99561        0.99599        1.00039        0.31487        0.98527       -0.00174        0.13662       -0.55059        1.00048        0.99762
0.057116        0.99547        0.99586        1.00040        0.31489        0.98527       -0.00176        0.13885       -0.55953        1.00050        0.99754
0.058045        0.99532        0.99573        1.00041        0.31490        0.98527       -0.00179        0.14111       -0.56862        1.00051        0.99746
0.058989        0.99518        0.99560        1.00042        0.31492        0.98526       -0.00182        0.14341       -0.57785        1.00053        0.99739
0.059948        0.99503        0.99547        1.00044        0.31493        0.98526       -0.00185        0.14575       -0.58724        1.00054        0.99731
0.060923        0.99486        0.99531        1.00045        0.31495        0.98526       -0.00188        0.14813       -0.59677        1.00056        0.99721
0.061914        0.99468        0.99514        1.00047        0.31497        0.98526       -0.00191        0.15054       -0.60645        1.00058        0.99712
0.062921        0.99450        0.99498        1.00048        0.31499        0.98526       -0.00194        0.15300       -0.61629        1.00060        0.99702
0.063945        0.99431        0.99481        1.00050        0.31501        0.98526       -0.00198        0.15550       -0.62630        1.00062        0.99692
0.064985        0.99412        0.99464        1.00052        0.31503        0.98526       -0.00201        0.15804       -0.63646        1.00064        0.99682
0.066042        0.99393        0.99446        1.00053        0.31505        0.98525       -0.00204        0.16062       -0.64679        1.00066        0.99672
0.067116        0.99374        0.99428        1.00055        0.31507        0.98525       -0.00207        0.16324       -0.65729        1.00068        0.99661
0.068208        0.99354        0.99410        1.00057        0.31509        0.98525       -0.00211        0.16590       -0.66796        1.00070        0.99651
0.069317        0.99334        0.99392        1.00058        0.31511        0.98525       -0.00214        0.16861       -0.67880        1.00073        0.99640
0.070445        0.99313        0.99372        1.00060        0.31513        0.98525       -0.00218        0.17136       -0.68982        1.00075        0.99628
0.071590        0.99289        0.99351        1.00062        0.31515        0.98525       -0.00221        0.17416       -0.70100        1.00078        0.99615
0.072755        0.99264        0.99328        1.00065        0.31518        0.98524       -0.00225        0.17700       -0.71237        1.00080        0.99602
0.073938        0.99240        0.99306        1.00067        0.31520        0.98524       -0.00229        0.17990       -0.72392        1.00083        0.99589
0.075141        0.99215        0.99283        1.00069        0.31523        0.98524       -0.00232        0.18283       -0.73567        1.00086        0.99576
0.076363        0.99189        0.99260        1.00071        0.31526        0.98524       -0.00236        0.18582       -0.74760        1.00088        0.99562
0.077605        0.99163        0.99236        1.00073        0.31528        0.98524       -0.00240        0.18886       -0.75972        1.00091        0.99548
0.078867        0.99137        0.99212        1.00076        0.31531        0.98523       -0.00244        0.19194       -0.77205        1.00094        0.99534
0.080150        0.99110        0.99187        1.00078        0.31534        0.98523       -0.00248        0.19508       -0.78457        1.00097        0.99519
0.081454        0.99079        0.99159        1.00081        0.31537        0.98523       -0.00252        0.19827       -0.79728        1.00100        0.99503
0.082779        0.99048        0.99131        1.00084        0.31540        0.98523       -0.00256        0.20151       -0.81020        1.00104        0.99486
0.084125        0.99016        0.99102        1.00086        0.31543        0.98522       -0.00260        0.20481       -0.82333        1.00107        0.99469
0.085493        0.98984        0.99072        1.00089        0.31546        0.98522       -0.00265        0.20816       -0.83667        1.00111        0.99451
0.086884        0.98951        0.99042        1.00092        0.31550        0.98522       -0.00269        0.21156       -0.85023        1.00114        0.99434
0.088297        0.98918        0.99012        1.00095        0.31553        0.98522       -0.00273        0.21502       -0.86401        1.00118        0.99416
0.089733        0.98884        0.98981        1.00098        0.31557        0.98521       -0.00278        0.21854       -0.87802        1.00122        0.99398
0.091193        0.98847        0.98947        1.00101        0.31560        0.98521       -0.00282        0.22212       -0.89223        1.00126        0.99378
0.092676        0.98807        0.98911        1.00105        0.31564        0.98521       -0.00287        0.22576       -0.90668        1.00130        0.99357
0.094183        0.98768        0.98875        1.00108        0.31568        0.98521       -0.00292        0.22945       -0.92135        1.00135        0.99335
0.095715        0.98728        0.98838        1.00112        0.31572        0.98520       -0.00296        0.23321       -0.93627        1.00139        0.99313
0.097272        0.98687        0.98801        1.00115        0.31577        0.98520       -0.00301        0.23703       -0.95143        1.00144        0.99291
0.098854        0.98645        0.98762        1.00119        0.31581        0.98520       -0.00306        0.24091       -0.96684        1.00148        0.99269
0.100462        0.98602        0.98723        1.00123        0.31585        0.98519       -0.00311        0.24486       -0.98249        1.00153        0.99246
0.102096        0.98554        0.98680        1.00127        0.31590        0.98519       -0.00316        0.24888       -0.99838        1.00158        0.99220
0.103757        0.98506        0.98636        1.00131        0.31595        0.98518       -0.00322        0.25296       -1.01452        1.00163        0.99194
0.105444        0.98457        0.98591        1.00136        0.31600        0.98518       -0.00327        0.25711       -1.03093        1.00169        0.99168
0.107159        0.98407        0.98545        1.00140        0.31605        0.98518       -0.00332        0.26133       -1.04760        1.00174        0.99141
0.108902        0.98357        0.98499        1.00145        0.31610        0.98517       -0.00338        0.26561       -1.06455        1.00180        0.99114
0.110674        0.98304        0.98451        1.00149        0.31615        0.98517       -0.00343        0.26997       -1.08176        1.00186        0.99085
0.112474        0.98247        0.98399        1.00154        0.31621        0.98516       -0.00349        0.27441       -1.09923        1.00192        0.99054
0.114303        0.98189        0.98346        1.00160        0.31626        0.98516       -0.00355        0.27892       -1.11699        1.00198        0.99023
0.116162        0.98130        0.98292        1.00165        0.31632        0.98515       -0.00360        0.28350       -1.13503        1.00205        0.98991
0.118052        0.98070        0.98237        1.00170        0.31638        0.98515       -0.00366        0.28816       -1.15337        1.00212        0.98959
0.119972        0.98009        0.98181        1.00176        0.31644        0.98514       -0.00372        0.29289       -1.17201        1.00218        0.98926
0.121923        0.97943        0.98120        1.00181        0.31651        0.98514       -0.00379        0.29772       -1.19092        1.00226        0.98890
0.123906        0.97875        0.98058        1.00188        0.31657        0.98513       -0.00385        0.30262       -1.21013        1.00233        0.98853
0.125922        0.97805        0.97995        1.00194        0.31664        0.98513       -0.00391        0.30760       -1.22965        1.00241        0.98816
0.127970        0.97735        0.97931        1.00200        0.31671        0.98512       -0.00398        0.31266       -1.24949        1.00249        0.98778
0.130051        0.97664        0.97865        1.00206        0.31678        0.98512       -0.00404        0.31780       -1.26966        1.00257        0.98739
0.132166        0.97586        0.97794        1.00213        0.31686        0.98511       -0.00411        0.32305       -1.29011        1.00266        0.98697
0.134316        0.97506        0.97721        1.00220        0.31693        0.98510       -0.00418        0.32838       -1.31089        1.00275        0.98654
0.136501        0.97425        0.97647        1.00228        0.31701        0.98510       -0.00424        0.33379       -1.33201        1.00284        0.98611
0.138721        0.97343        0.97572        1.00235        0.31709        0.98509       -0.00431        0.33930       -1.35348        1.00293        0.98566
0.140977        0.97258        0.97494        1.00243        0.31717        0.98508       -0.00439        0.34490       -1.37527        1.00302        0.98520
0.143270        0.97167        0.97411        1.00251        0.31726        0.98508       -0.00446        0.35060       -1.39739        1.00313        0.98471
0.145601        0.97075        0.97326        1.00259        0.31735        0.98507       -0.00453        0.35639       -1.41987        1.00323        0.98421
0.147969        0.96981        0.97241        1.00268        0.31744        0.98506       -0.00461        0.36228       -1.44271        1.00334        0.98370
0.150376        0.96885        0.97153        1.00276        0.31753        0.98505       -0.00468        0.36827       -1.46592        1.00344        0.98318
0.152821        0.96782        0.97059        1.00286        0.31763        0.98505       -0.00476        0.37437       -1.48946        1.00356        0.98262
0.155307        0.96677        0.96963        1.00295        0.31773        0.98504       -0.00484        0.38057       -1.51338        1.00368        0.98205
0.157833        0.96571        0.96865        1.00305        0.31783        0.98503       -0.00492        0.38687       -1.53768        1.00380        0.98148
0.160400        0.96462        0.96766        1.00315        0.31793        0.98502       -0.00500        0.39328       -1.56238        1.00393        0.98089
0.163009        0.96345        0.96659        1.00325        0.31804        0.98501       -0.00508        0.39981       -1.58742        1.00406        0.98025
0.165661        0.96227        0.96550        1.00336        0.31815        0.98500       -0.00517        0.40645       -1.61287        1.00419        0.97961
0.168355        0.96106        0.96440        1.00347        0.31826        0.98499       -0.00526        0.41320       -1.63873        1.00433        0.97896
0.171093        0.95982        0.96326        1.00359        0.31837        0.98498       -0.00534        0.42006       -1.66498        1.00447        0.97828
0.173876        0.95850        0.96205        1.00371        0.31849        0.98497       -0.00543        0.42706       -1.69161        1.00463        0.97756
0.176704        0.95717        0.96083        1.00383        0.31861        0.98496       -0.00552        0.43416       -1.71868        1.00478        0.97684
0.179578        0.95581        0.95959        1.00395        0.31874        0.98495       -0.00561        0.44138       -1.74619        1.00494        0.97610
0.182499        0.95437        0.95827        1.00409        0.31886        0.98493       -0.00571        0.44875       -1.77407        1.00510        0.97532
0.185468        0.95290        0.95692        1.00422        0.31900        0.98492       -0.00580        0.45624       -1.80239        1.00527        0.97451
0.188484        0.95140        0.95555        1.00436        0.31913        0.98491       -0.00590        0.46384       -1.83118        1.00545        0.97370
0.191550        0.94984        0.95412        1.00451        0.31927        0.98490       -0.00600        0.47159       -1.86039        1.00563        0.97285
0.194666        0.94822        0.95263        1.00466        0.31941        0.98488       -0.00610        0.47948       -1.89002        1.00582        0.97196
0.197832        0.94657        0.95112        1.00481        0.31955        0.98487       -0.00620        0.48750       -1.92013        1.00601        0.97106
0.201050        0.94487        0.94956        1.00497        0.31970        0.98485       -0.00630        0.49566       -1.95071        1.00621        0.97013
0.204320        0.94309        0.94793        1.00513        0.31985        0.98484       -0.00641        0.50398       -1.98170        1.00642        0.96916
0.207643        0.94127        0.94627        1.00530        0.32000        0.98482       -0.00652        0.51243       -2.01320        1.00664        0.96817
0.211020        0.93941        0.94456        1.00548        0.32016        0.98481       -0.00662        0.52103       -2.04518        1.00686        0.96715
0.214453        0.93746        0.94277        1.00566        0.32032        0.98479       -0.00674        0.52980       -2.07759        1.00709        0.96608
0.217941        0.93548        0.94095        1.00585        0.32048        0.98477       -0.00685        0.53871       -2.11053        1.00732        0.96499
0.221486        0.93343        0.93907        1.00605        0.32064        0.98476       -0.00696        0.54778       -2.14395        1.00757        0.96387
0.225088        0.93130        0.93711        1.00625        0.32081        0.98474       -0.00708        0.55703       -2.17784        1.00783        0.96270
0.228749        0.92913        0.93513        1.00645        0.32099        0.98472       -0.00720        0.56642       -2.21228        1.00809        0.96151
0.232470        0.92687        0.93305        1.00667        0.32116        0.98470       -0.00732        0.57600       -2.24718        1.00836        0.96027
0.236251        0.92455        0.93092        1.00689        0.32134        0.98468       -0.00744        0.58574       -2.28260        1.00864        0.95899
0.240093        0.92219        0.92875        1.00712        0.32152        0.98466       -0.00757        0.59565       -2.31860        1.00893        0.95769
0.243999        0.91970        0.92647        1.00736        0.32170        0.98464       -0.00770        0.60576       -2.35502        1.00923        0.95632
0.247967        0.91717        0.92415        1.00760        0.32188        0.98462       -0.00782        0.61604       -2.39203        1.00954        0.95492
0.252000        0.91456        0.92175        1.00786        0.32207        0.98459       -0.00796        0.62652       -2.42956        1.00987        0.95348
0.256099        0.91186        0.91927        1.00812        0.32226        0.98457       -0.00809        0.63718       -2.46761        1.01020        0.95198
0.260265        0.90912        0.91675        1.00839        0.32245        0.98454       -0.00823        0.64803       -2.50627        1.01054        0.95046
0.264498        0.90624        0.91410        1.00867        0.32264        0.98452       -0.00836        0.65910       -2.54537        1.01090        0.94887
0.268800        0.90332        0.91141        1.00896        0.32283        0.98449       -0.00851        0.67036       -2.58510        1.01127        0.94724
0.273172        0.90028        0.90862        1.00926        0.32302        0.98446       -0.00865        0.68183       -2.62534        1.01165        0.94556
0.277615        0.89717        0.90576        1.00958        0.32321        0.98444       -0.00879        0.69351       -2.66616        1.01205        0.94382
0.282131        0.89396        0.90281        1.00990        0.32341        0.98441       -0.00894        0.70541       -2.70754        1.01246        0.94204
0.286720        0.89066        0.89977        1.01023        0.32359        0.98438       -0.00909        0.71754       -2.74947        1.01288        0.94019
0.291383        0.88727        0.89665        1.01057        0.32378        0.98435       -0.00925        0.72988       -2.79201        1.01332        0.93830
0.296123        0.88376        0.89342        1.01093        0.32397        0.98431       -0.00940        0.74247       -2.83506        1.01377        0.93633
0.300939        0.88018        0.89012        1.01129        0.32415        0.98428       -0.00956        0.75528       -2.87877        1.01424        0.93433
0.305834        0.87647        0.88670        1.01168        0.32433        0.98425       -0.00972        0.76835       -2.92296        1.01473        0.93224
0.310808        0.87268        0.88321        1.01207        0.32450        0.98421       -0.00988        0.78164       -2.96782        1.01523        0.93011
0.315864        0.86875        0.87959        1.01248        0.32466        0.98417       -0.01005        0.79521       -3.01316        1.01575        0.92789
0.321001        0.86474        0.87589        1.01290        0.32482        0.98414       -0.01021        0.80901       -3.05917        1.01629        0.92562
0.326222        0.86059        0.87206        1.01334        0.32497        0.98410       -0.01038        0.82310       -3.10568        1.01685        0.92327
0.331528        0.85635        0.86815        1.01378        0.32511        0.98406       -0.01056        0.83744       -3.15284        1.01742        0.92087
0.336921        0.85197        0.86411        1.01425        0.32523        0.98401       -0.01073        0.85207       -3.20051        1.01802        0.91837
0.342401        0.84748        0.85997        1.01474        0.32534        0.98397       -0.01091        0.86697       -3.24881        1.01864        0.91582
0.347970        0.84287        0.85571        1.01523        0.32544        0.98393       -0.01109        0.88215       -3.29767        1.01928        0.91318
0.353630        0.83813        0.85133        1.01575        0.32551        0.98388       -0.01127        0.89764       -3.34707        1.01995        0.91046
0.359381        0.83327        0.84685        1.01629        0.32557        0.98383       -0.01146        0.91340       -3.39712        1.02063        0.90767
0.365227        0.82827        0.84222        1.01684        0.32560        0.98378       -0.01164        0.92949       -3.44760        1.02135        0.90478
0.371167        0.82315        0.83749        1.01742        0.32561        0.98373       -0.01183        0.94587       -3.49877        1.02208        0.90183
0.377204        0.81788        0.83261        1.01801        0.32558        0.98368       -0.01202        0.96258       -3.55039        1.02285        0.89877
0.383340        0.81249        0.82762        1.01863        0.32552        0.98362       -0.01221        0.97961       -3.60257        1.02364        0.89563
0.389575        0.80696        0.82251        1.01926        0.32544        0.98357       -0.01241        0.99696       -3.65537        1.02446        0.89241
0.395911        0.80128        0.81724        1.01992        0.32529        0.98351       -0.01260        1.01466       -3.70853        1.02531        0.88908
0.402351        0.79547        0.81186        1.02060        0.32511        0.98345       -0.01280        1.03268       -3.76231        1.02619        0.88566
0.408895        0.78952        0.80634        1.02131        0.32487        0.98339       -0.01299        1.05105       -3.81659        1.02709        0.88214
0.415546        0.78341        0.80068        1.02205        0.32457        0.98332       -0.01319        1.06978       -3.87124        1.02804        0.87851
0.422304        0.77716        0.79488        1.02280        0.32421        0.98326       -0.01339        1.08885       -3.92645        1.02901        0.87480
0.429173        0.77077        0.78895        1.02359        0.32379        0.98319       -0.01359        1.10828       -3.98211        1.03002        0.87097
0.436154        0.76423        0.78287        1.02440        0.32326        0.98312       -0.01378        1.12809       -4.03807        1.03107        0.86703
0.443248        0.75754        0.77666        1.02525        0.32266        0.98305       -0.01398        1.14826       -4.09450        1.03215        0.86298
0.450457        0.75071        0.77032        1.02612        0.32198        0.98298       -0.01417        1.16880       -4.15140        1.03326        0.85883
0.457784        0.74372        0.76382        1.02702        0.32115        0.98291       -0.01436        1.18972       -4.20845        1.03442        0.85455
0.465230        0.73659        0.75718        1.02796        0.32022        0.98283       -0.01455        1.21101       -4.26584        1.03562        0.85015
0.472797        0.72931        0.75041        1.02893        0.31916        0.98275       -0.01474        1.23268       -4.32357        1.03686        0.84564
0.480487        0.72189        0.74350        1.02994        0.31797        0.98267       -0.01492        1.25473       -4.38161        1.03814        0.84101
0.488302        0.71432        0.73645        1.03098        0.31658        0.98259       -0.01509        1.27715       -4.43966        1.03946        0.83624
0.496244        0.70661        0.72926        1.03206        0.31501        0.98251       -0.01525        1.29994       -4.49786        1.04083        0.83135
0.504316        0.69876        0.72194        1.03318        0.31326        0.98242       -0.01541        1.32310       -4.55621        1.04225        0.82633
0.512519        0.69077        0.71449        1.03434        0.31130        0.98234       -0.01556        1.34662       -4.61464        1.04370        0.82118
0.520855        0.68265        0.70692        1.03555        0.30910        0.98225       -0.01569        1.37049       -4.67309        1.04521        0.81589
0.529327        0.67441        0.69922        1.03679        0.30662        0.98217       -0.01581        1.39470       -4.73138        1.04676        0.81047
0.537936        0.66604        0.69141        1.03809        0.30383        0.98208       -0.01592        1.41922       -4.78942        1.04836        0.80490
0.546686        0.65756        0.68348        1.03943        0.30073        0.98199       -0.01600        1.44405       -4.84726        1.05001        0.79919
0.555578        0.64897        0.67546        1.04081        0.29727        0.98191       -0.01607        1.46916       -4.90480        1.05171        0.79333
0.564614        0.64028        0.66733        1.04225        0.29343        0.98183       -0.01611        1.49452       -4.96196        1.05345        0.78733
0.573798        0.63150        0.65912        1.04374        0.28917        0.98174       -0.01612        1.52010       -5.01862        1.05524        0.78119
0.583131        0.62263        0.65083        1.04529        0.28444        0.98167       -0.01610        1.54587       -5.07468        1.05707        0.77489
0.592615        0.61370        0.64247        1.04689        0.27920        0.98159       -0.01605        1.57176       -5.13001        1.05895        0.76843
0.602254        0.60471        0.63406        1.04855        0.27339        0.98152       -0.01596        1.59774       -5.18450        1.06087        0.76183
0.612050        0.59567        0.62561        1.05026        0.26697        0.98146       -0.01582        1.62373       -5.23801        1.06283        0.75506
0.622005        0.58661        0.61714        1.05204        0.25988        0.98140       -0.01563        1.64965       -5.29040        1.06482        0.74813
0.632122        0.57754        0.60865        1.05388        0.25206        0.98135       -0.01538        1.67543       -5.34150        1.06684        0.74105
0.642403        0.56847        0.60019        1.05579        0.24345        0.98132       -0.01508        1.70097       -5.39116        1.06888        0.73380
0.652852        0.55944        0.59175        1.05776        0.23398        0.98129       -0.01470        1.72615       -5.43921        1.07094        0.72639
0.663471        0.55045        0.58337        1.05981        0.22358        0.98128       -0.01424        1.75085       -5.48547        1.07301        0.71882
0.674262        0.54154        0.57507        1.06192        0.21219        0.98129       -0.01370        1.77492       -5.52974        1.07508        0.71107
0.685229        0.53273        0.56687        1.06410        0.19973        0.98132       -0.01307        1.79820       -5.57182        1.07714        0.70317
0.696374        0.52404        0.55881        1.06635        0.18614        0.98137       -0.01233        1.82053       -5.61151        1.07916        0.69509
0.707701        0.51550        0.55091        1.06868        0.17134        0.98145       -0.01148        1.84170       -5.64857        1.08115        0.68685
0.719212        0.50715        0.54319        1.07108        0.15528        0.98155       -0.01051        1.86149       -5.68279        1.08307        0.67845
0.730910        0.49902        0.53573        1.07355        0.13782        0.98169       -0.00940        1.87955       -5.71368        1.08491        0.66987
0.742798        0.49117        0.52855        1.07610        0.11889        0.98187       -0.00814        1.89553       -5.74091        1.08662        0.66112
0.754880        0.48361        0.52168        1.07872        0.09851        0.98208       -0.00673        1.90927       -5.76445        1.08821        0.65221
0.767158        0.47636        0.51514        1.08142        0.07664        0.98234       -0.00516        1.92047       -5.78403        1.08962        0.64314
0.779636        0.46945        0.50897        1.08418        0.05327        0.98264       -0.00343        1.92880       -5.79938        1.09084        0.63389
0.792317        0.46301        0.50329        1.08701        0.02822        0.98299       -0.00150        1.93335       -5.80947        1.09179        0.62449
0.805204        0.45700        0.49808        1.08990        0.00162        0.98340        0.00062        1.93406       -5.81448        1.09245        0.61492
0.818301        0.45145        0.49337        1.09285       -0.02647        0.98385        0.00293        1.93063       -5.81425        1.09277        0.60519
0.831610        0.44645        0.48924        1.09586       -0.05607        0.98436        0.00543        1.92219       -5.80793        1.09269        0.59530
0.845137        0.44203        0.48575        1.09891       -0.08714        0.98493        0.00814        1.90808       -5.79499        1.09213        0.58526
0.858883        0.43817        0.48287        1.10200       -0.11946        0.98554        0.01104        1.88834       -5.77571        1.09108        0.57507
0.872853        0.43499        0.48072        1.10511       -0.15301        0.98621        0.01414        1.86157       -5.74874        1.08939        0.56473
0.887050        0.43246        0.47927        1.10825       -0.18756        0.98693        0.01742        1.82765       -5.71417        1.08703        0.55425
0.901478        0.43059        0.47855        1.11138       -0.22293        0.98769        0.02087        1.78598       -5.67159        1.08393        0.54363
0.916140        0.42945        0.47863        1.11449       -0.25891        0.98849        0.02449        1.73531       -5.61988        1.07994        0.53287
0.931041        0.42898        0.47942        1.11758       -0.29526        0.98931        0.02825        1.67588       -5.55949        1.07507        0.52198
0.946185        0.42926        0.48103        1.12061       -0.33165        0.99016        0.03214        1.60589       -5.48880        1.06909        0.51097
0.961575        0.43018        0.48334        1.12356       -0.36786        0.99103        0.03612        1.52579       -5.40842        1.06203        0.49984
0.977215        0.43178        0.48637        1.12641       -0.40350        0.99191        0.04016        1.43402       -5.31701        1.05369        0.48860
0.993109        0.43398        0.49002        1.12913       -0.43828        0.99278        0.04424        1.33047       -5.21467        1.04401        0.47726
1.009262        0.43670        0.49421        1.13169       -0.47191        0.99365        0.04832        1.21467       -5.10112        1.03292        0.46582
1.025678        0.43990        0.49886        1.13403       -0.50384        0.99451        0.05235        1.08513       -4.97528        1.02018        0.45430
1.042361        0.44342        0.50379        1.13615       -0.53393        0.99536        0.05631        0.94248       -4.83796        1.00584        0.44269
1.059315        0.44715        0.50885        1.13799       -0.56171        0.99619        0.06013        0.78583       -4.68873        0.98973        0.43102
1.076545        0.45092        0.51382        1.13950       -0.58659        0.99699        0.06376        0.61425       -4.52733        0.97169        0.41929
1.094055        0.45454        0.51848        1.14065       -0.60836        0.99778        0.06714        0.42833       -4.35480        0.95172        0.40750
1.111850        0.45783        0.52257        1.14140       -0.62649        0.99854        0.07021        0.22786       -4.17170        0.92976        0.39568
1.129934        0.46054        0.52579        1.14169       -0.64039        0.99928        0.07289        0.01283       -3.97896        0.90572        0.38383
1.148312        0.46239        0.52779        1.14144       -0.64916        0.99998        0.07505       -0.21681       -3.77787        0.87950        0.37197
1.166990        0.46314        0.52828        1.14064       -0.65223        1.00063        0.07660       -0.45973       -3.57069        0.85122        0.36010
1.185971        0.46256        0.52697        1.13924       -0.64868        1.00123        0.07739       -0.71471       -3.35985        0.82095        0.34824
1.205261        0.46041        0.52358        1.13718       -0.63739        1.00173        0.07726       -0.97985       -3.14840        0.78885        0.33640
1.224865        0.45651        0.51789        1.13445       -0.61714        1.00208        0.07601       -1.25237       -2.94000        0.75521        0.32459
1.244787        0.45074        0.50979        1.13100       -0.58659        1.00220        0.07341       -1.52836       -2.73889        0.72047        0.31283
1.265034        0.44312        0.49931        1.12682       -0.54446        1.00199        0.06925       -1.80257       -2.54973        0.68525        0.30113
1.285610        0.43378        0.48667        1.12192       -0.48975        1.00130        0.06333       -2.06819       -2.37737        0.65042        0.28951
1.306520        0.42306        0.47227        1.11633       -0.42209        0.99994        0.05550       -2.31681       -2.22652        0.61710        0.27798
1.327771        0.41146        0.45677        1.11010       -0.34211        0.99774        0.04578       -2.53859       -2.10129        0.58666        0.26655
1.349367        0.39966        0.44095        1.10330       -0.25170        0.99452        0.03432       -2.72270       -2.00476        0.56066        0.25523
1.371315        0.38844        0.42575        1.09605       -0.15399        0.99016        0.02147       -2.85656       -1.93945        0.54099        0.24405
1.393619        0.37855        0.41205        1.08850       -0.05336        0.98465        0.00779       -2.92952       -1.90536        0.52936        0.23303
1.416287        0.37053        0.40048        1.08082        0.04571        0.97816       -0.00611       -2.93358       -1.90084        0.52721        0.22216
1.439323        0.36467        0.39136        1.07319        0.13927        0.97094       -0.01967       -2.86201       -1.92382        0.53584        0.21146
1.462733        0.36097        0.38473        1.06584        0.22345        0.96329       -0.03230       -2.70652       -1.97270        0.55685        0.20096
1.486525        0.35882        0.37999        1.05898        0.29584        0.95560       -0.04358       -2.46766       -2.04354        0.59062        0.19066
1.510703        0.35731        0.37618        1.05281        0.35424        0.94819       -0.05309       -2.14699       -2.13276        0.63734        0.18057
1.535275        0.35508        0.37199        1.04760        0.39551        0.94142       -0.06028       -1.74565       -2.23681        0.69734        0.17072
1.560246        0.35075        0.36600        1.04348        0.41869        0.93552       -0.06486       -1.27763       -2.34983        0.76886        0.16109
1.585624        0.34267        0.35663        1.04072        0.42075        0.93088       -0.06621       -0.75474       -2.46592        0.85052        0.15174
1.611414        0.33015        0.34315        1.03938        0.40275        0.92770       -0.06436       -0.20126       -2.57832        0.93868        0.14263
1.637624        0.31282        0.32521        1.03962        0.36571        0.92634       -0.05930        0.35713       -2.68039        1.02945        0.13381
1.664260        0.29154        0.30361        1.04142        0.31439        0.92703       -0.05167        0.89132       -2.76740        1.11804        0.12527
1.691330        0.26787        0.27985        1.04472        0.25499        0.92988       -0.04240        1.37605       -2.83723        1.20007        0.11702
1.718839        0.24371        0.25576        1.04947        0.19398        0.93492       -0.03253        1.78943       -2.88962        1.27159        0.10907
1.746796        0.22091        0.23316        1.05548        0.13683        0.94198       -0.02300        2.11908       -2.92675        1.33001        0.10143
1.775208        0.20077        0.21332        1.06254        0.08658        0.95075       -0.01437        2.36141       -2.95170        1.37419        0.09409
1.804082        0.18407        0.19704        1.07045        0.04427        0.96091       -0.00689        2.51659       -2.96729        1.40363        0.08708
1.833425        0.17110        0.18461        1.07898        0.00954        0.97209       -0.00057        2.58722       -2.97585        1.41826        0.08038
1.863246        0.16177        0.17599        1.08786       -0.01872        0.98393        0.00473        2.57607       -2.97905        1.41803        0.07400
1.893552        0.15579        0.17088        1.09684       -0.04167        0.99602        0.00918        2.48476       -2.97797        1.40270        0.06794
1.924351        0.15265        0.16877        1.10562       -0.06020        1.00795        0.01290        2.31333       -2.97320        1.37173        0.06221
1.955651        0.15163        0.16890        1.11387       -0.07467        1.01923        0.01592        2.06124       -2.96512        1.32445        0.05679
1.987460        0.15177        0.17017        1.12122       -0.08482        1.02937        0.01817        1.72936       -2.95406        1.26045        0.05169
2.019786        0.15186        0.17119        1.12732       -0.08995        1.03784        0.01947        1.32313       -2.94054        1.18024        0.04690
2.052638        0.15046        0.17029        1.13175       -0.08919        1.04405        0.01962        0.85501       -2.92548        1.08576        0.04243
2.086024        0.14643        0.16608        1.13426       -0.08249        1.04762        0.01855        0.34978       -2.91020        0.98169        0.03825
2.119953        0.13919        0.15794        1.13467       -0.07082        1.04829        0.01642       -0.16151       -2.89604        0.87427        0.03437
2.154435        0.12898        0.14612        1.13290       -0.05615        1.04591        0.01361       -0.64416       -2.88407        0.77077        0.03077
2.189477        0.11692        0.13203        1.12915       -0.04097        1.04076        0.01063       -1.07196       -2.87450        0.67717        0.02745
2.225089        0.10436        0.11726        1.12363       -0.02723        1.03312        0.00792       -1.42604       -2.86714        0.59795        0.02440
2.261280        0.09244        0.10323        1.11669       -0.01590        1.02353        0.00570       -1.70378       -2.86134        0.53432        0.02160
2.298060        0.08196        0.09086        1.10865       -0.00722        1.01243        0.00403       -1.90738       -2.85655        0.48632        0.01905
2.335438        0.07321        0.08052        1.09983       -0.00086        1.00030        0.00285       -2.04595       -2.85231        0.45246        0.01673
2.373424        0.06623        0.07222        1.09050        0.00363        0.98752        0.00207       -2.12933       -2.84834        0.43094        0.01463
2.412028        0.06086        0.06579        1.08090        0.00668        0.97444        0.00158       -2.16603       -2.84450        0.42017        0.01274
2.451260        0.05691        0.06096        1.07123        0.00865        0.96131        0.00129       -2.16296       -2.84072        0.41889        0.01104
2.491130        0.05414        0.05748        1.06164        0.00977        0.94839        0.00115       -2.12524       -2.83698        0.42616        0.00952
2.531648        0.05234        0.05508        1.05229        0.01026        0.93584        0.00112       -2.05638       -2.83332        0.44143        0.00817
2.572826        0.05129        0.05351        1.04331        0.01025        0.92386        0.00115       -1.95870       -2.82975        0.46438        0.00698
2.614673        0.05076        0.05253        1.03481        0.00987        0.91258        0.00125       -1.83384       -2.82634        0.49486        0.00593
2.657201        0.05053        0.05189        1.02691        0.00921        0.90214        0.00140       -1.68328       -2.82313        0.53275        0.00501
2.700421        0.05035        0.05135        1.01972        0.00835        0.89266        0.00161       -1.50896       -2.82016        0.57780        0.00421
2.744343        0.04996        0.05062        1.01334        0.00737        0.88428        0.00187       -1.31354       -2.81750        0.62952        0.00352
2.788980        0.04910        0.04948        1.00784        0.00632        0.87707        0.00220       -1.10169       -2.81519        0.68683        0.00293
2.834343        0.04757        0.04772        1.00330        0.00522        0.87112        0.00261       -0.87920       -2.81327        0.74831        0.00242
2.880444        0.04525        0.04524        0.99976        0.00411        0.86644        0.00312       -0.65337       -2.81176        0.81198        0.00198
2.927295        0.04214        0.04203        0.99723        0.00300        0.86306        0.00374       -0.43221       -2.81068        0.87559        0.00162
2.974908        0.03838        0.03821        0.99569        0.00188        0.86093        0.00451       -0.22326       -2.81004        0.93688        0.00131
3.023295        0.03418        0.03401        0.99508        0.00072        0.85997        0.00548       -0.03282       -2.80982        0.99383        0.00105
3.072469        0.02980        0.02966        0.99534       -0.00051        0.86007        0.00669        0.13473       -2.80999        1.04495        0.00084
3.122443        0.02549        0.02540        0.99637       -0.00187        0.86110        0.00822        0.27724       -2.81051        1.08933        0.00067
3.173230        0.02146        0.02142        0.99807       -0.00342        0.86292        0.01015        0.39462       -2.81135        1.12668        0.00053
3.224842        0.01783        0.01783        1.00035       -0.00524        0.86537        0.01261        0.48447       -2.81246        1.15595        0.00022
3.277295        0.01466        0.01471        1.00308       -0.00736        0.86826        0.01568        0.55280       -2.81378        1.17882        0.00000
3.330600        0.01196        0.01204        1.00620       -0.00992        0.87148        0.01957        0.60726       -2.81530        1.19755        0.00000
3.384773        0.00971        0.00980        1.00964       -0.01306        0.87490        0.02447        0.64637       -2.81698        1.21149        0.00000
3.439826        0.00784        0.00794        1.01334       -0.01688        0.87838        0.03062        0.67307       -2.81881        1.22147        0.00000
3.495776        0.00631        0.00642        1.01724       -0.02154        0.88178        0.03835        0.68964       -2.82077        1.22813        0.00000
3.552635        0.00507        0.00518        1.02131       -0.02722        0.88496        0.04802        0.69828       -2.82285        1.23212        0.00000
3.610419        0.00407        0.00417        1.02550       -0.03415        0.88774        0.06014        0.70067       -2.82504        1.23395        0.00000
3.669142        0.00326        0.00335        1.02978       -0.04265        0.88993        0.07538        0.69819       -2.82737        1.23403        0.00000
3.728821        0.00260        0.00269        1.03413       -0.05314        0.89127        0.09466        0.69198       -2.82983        1.23273        0.00000
3.789471        0.00229        0.00238        1.03786       -0.08620        0.89318        0.12039        0.90205       -2.83181        1.33472        0.00000
3.851107        0.00225        0.00234        1.04090       -0.14213        0.89665        0.14919        1.35209       -2.83313        1.55110        0.00000
3.913746        0.00222        0.00231        1.04400       -0.19897        0.90018        0.17846        1.80946       -2.83447        1.77099        0.00000
3.977403        0.00218        0.00228        1.04715       -0.25673        0.90376        0.20821        2.27426       -2.83584        1.99447        0.00000
4.042096        0.00214        0.00224        1.05035       -0.31543        0.90740        0.23844        2.74662       -2.83723        2.22157        0.00000
4.107841        0.00210        0.00221        1.05360       -0.37509        0.91111        0.26916        3.22666       -2.83864        2.45237        0.00000
4.174655        0.00206        0.00217        1.05690       -0.43571        0.91487        0.30038        3.71451       -2.84007        2.68693        0.00000
4.242556        0.00202        0.00213        1.06026       -0.49733        0.91869        0.33211        4.21030       -2.84153        2.92530        0.00000
4.311562        0.00198        0.00210        1.06367       -0.55994        0.92258        0.36435        4.71415       -2.84301        3.16755        0.00000
4.381690        0.00194        0.00206        1.06714       -0.62358        0.92653        0.39712        5.22620       -2.84451        3.41374        0.00000
4.452959        0.00189        0.00202        1.07066       -0.68824        0.93054        0.43043        5.74657       -2.84604        3.66393        0.00000
4.525386        0.00185        0.00198        1.07425       -0.75396        0.93462        0.46427        6.27541       -2.84759        3.91819        0.00000
4.598992        0.00181        0.00194        1.07789       -0.82075        0.93877        0.49867        6.81285       -2.84917        4.17659        0.00000
4.673795        0.00176        0.00190        1.08158       -0.88863        0.94298        0.53362        7.35903       -2.85077        4.43919        0.00000
4.749815        0.00172        0.00186        1.08534       -0.95761        0.94726        0.56914        7.91410       -2.85240        4.70606        0.00000
4.827071        0.00103        0.00118        1.15080       -1.67538        1.01109        0.99821        7.94614       -2.87991        4.73437        0.00000
4.905584        0.00067        0.00083        1.23557       -2.69018        1.09316        1.60989        7.89364       -2.91197        4.72377        0.00000
4.985373        0.00048        0.00064        1.33295       -3.93470        1.18835        2.36503        7.83981       -2.94405        4.71225        0.00000
5.066461        0.00037        0.00053        1.44580       -5.44608        1.30121        3.28788        7.78536       -2.97519        4.70012        0.00000
5.148867        0.00029        0.00046        1.57790       -7.28740        1.43767        4.41878        7.73087       -3.00391        4.68768        0.00000
5.232614        0.00024        0.00041        1.73439       -9.55569        1.60622        5.81934        7.67716       -3.02773        4.67532        0.00000
5.317723        0.00019        0.00037        1.92227      -12.39411        1.81939        7.58023        7.62549       -3.04249        4.66373        0.00000
5.404216        0.00016        0.00035        2.15162      -16.02391        2.09718        9.84123        7.57811       -3.04074        4.65415        0.00000
5.492116        0.00014        0.00033        2.43711      -20.79573        2.47334       12.82345        7.53907       -3.00858        4.64887        0.00000
5.581446        0.00011        0.00032        2.80159      -27.30797        3.01129       16.90320        7.51611       -2.91748        4.65234        0.00000
5.672229        0.00010        0.00032        3.28248      -36.66473        3.84716       22.77265        7.52484       -2.70144        4.67371        0.00000
5.764488        0.00008        0.00032        3.94654      -51.14177        5.34484       31.85382        7.59695       -2.17297        4.73178        0.00000
