x               rho            P              T              ur             uphi           uz             Br             Bphi           Bz             m
0.010000        0.99988        0.99989        1.00001        0.24450        0.98664       -0.00021        0.02161       -0.10020        1.00001        0.99992
0.010163        0.99988        0.99989        1.00001        0.24450        0.98664       -0.00021        0.02196       -0.10183        1.00001        0.99992
0.010328        0.99987        0.99988        1.00001        0.24450        0.98664       -0.00022        0.02232       -0.10348        1.00001        0.99992
0.010496        0.99986        0.99988        1.00001        0.24450        0.98664       -0.00022        0.02268       -0.10517        1.00001        0.99991
0.010667        0.99986        0.99987        1.00001        0.24450        0.98664       -0.00022        0.02305       -0.10688        1.00002        0.99991
0.010840        0.99985        0.99987        1.00001        0.24450        0.98664       -0.00023        0.02343       -0.10861        1.00002        0.99991
0.011016        0.99985        0.99986        1.00001        0.24450        0.98664       -0.00023        0.02381       -0.11038        1.00002        0.99990
0.011196        0.99984        0.99985        1.00001        0.24450        0.98664       -0.00024        0.02419       -0.11218        1.00002        0.99990
0.011378        0.99983        0.99985        1.00002        0.24450        0.98664       -0.00024        0.02459       -0.11400        1.00002        0.99989
0.011563        0.99983        0.99984        1.00002        0.24450        0.98664       -0.00024        0.02499       -0.11585        1.00002        0.99989
0.011751        0.99982        0.99983        1.00002        0.24450        0.98664       -0.00025        0.02539       -0.11774        1.00002        0.99989
0.011942        0.99981        0.99983        1.00002        0.24450        0.98664       -0.00025        0.02581       -0.11965        1.00002        0.99988
0.012136        0.99980        0.99982        1.00002        0.24450        0.98664       -0.00026        0.02623       -0.12160        1.00002        0.99988
0.012334        0.99980        0.99982        1.00002        0.24450        0.98664       -0.00026        0.02665       -0.12358        1.00002        0.99987
0.012534        0.99979        0.99981        1.00002        0.24450        0.98664       -0.00026        0.02709       -0.12559        1.00002        0.99987
0.012738        0.99978        0.99980        1.00002        0.24450        0.98664       -0.00027        0.02753       -0.12763        1.00002        0.99986
0.012945        0.99977        0.99980        1.00002        0.24450        0.98664       -0.00027        0.02798       -0.12970        1.00002        0.99986
0.013156        0.99977        0.99979        1.00002        0.24450        0.98664       -0.00028        0.02843       -0.13181        1.00002        0.99985
0.013370        0.99976        0.99978        1.00002        0.24451        0.98664       -0.00028        0.02889       -0.13396        1.00003        0.99985
0.013587        0.99975        0.99977        1.00002        0.24451        0.98664       -0.00029        0.02936       -0.13614        1.00003        0.99984
0.013808        0.99974        0.99977        1.00002        0.24451        0.98664       -0.00029        0.02984       -0.13835        1.00003        0.99984
0.014033        0.99973        0.99976        1.00002        0.24451        0.98663       -0.00030        0.03033       -0.14060        1.00003        0.99983
0.014261        0.99973        0.99975        1.00002        0.24451        0.98663       -0.00030        0.03082       -0.14289        1.00003        0.99983
0.014493        0.99972        0.99974        1.00003        0.24451        0.98663       -0.00031        0.03132       -0.14521        1.00003        0.99982
0.014729        0.99971        0.99974        1.00003        0.24451        0.98663       -0.00031        0.03183       -0.14757        1.00003        0.99982
0.014968        0.99970        0.99973        1.00003        0.24451        0.98663       -0.00032        0.03235       -0.14997        1.00003        0.99981
0.015212        0.99969        0.99972        1.00003        0.24451        0.98663       -0.00032        0.03287       -0.15241        1.00003        0.99981
0.015459        0.99968        0.99971        1.00003        0.24451        0.98663       -0.00033        0.03341       -0.15489        1.00003        0.99980
0.015711        0.99967        0.99970        1.00003        0.24451        0.98663       -0.00033        0.03395       -0.15741        1.00003        0.99980
0.015966        0.99966        0.99969        1.00003        0.24451        0.98663       -0.00034        0.03450       -0.15997        1.00004        0.99979
0.016226        0.99965        0.99969        1.00003        0.24451        0.98663       -0.00034        0.03507       -0.16257        1.00004        0.99978
0.016490        0.99964        0.99968        1.00003        0.24451        0.98663       -0.00035        0.03564       -0.16521        1.00004        0.99978
0.016758        0.99964        0.99967        1.00003        0.24451        0.98663       -0.00035        0.03622       -0.16790        1.00004        0.99977
0.017031        0.99963        0.99966        1.00003        0.24451        0.98663       -0.00036        0.03681       -0.17063        1.00004        0.99977
0.017308        0.99961        0.99965        1.00003        0.24451        0.98663       -0.00037        0.03740       -0.17341        1.00004        0.99976
0.017589        0.99960        0.99964        1.00004        0.24452        0.98663       -0.00037        0.03801       -0.17623        1.00004        0.99975
0.017875        0.99959        0.99963        1.00004        0.24452        0.98663       -0.00038        0.03863       -0.17909        1.00004        0.99975
0.018166        0.99958        0.99962        1.00004        0.24452        0.98663       -0.00038        0.03926       -0.18201        1.00004        0.99974
0.018461        0.99957        0.99961        1.00004        0.24452        0.98663       -0.00039        0.03990       -0.18497        1.00005        0.99973
0.018762        0.99956        0.99960        1.00004        0.24452        0.98663       -0.00040        0.04055       -0.18798        1.00005        0.99973
0.019067        0.99955        0.99959        1.00004        0.24452        0.98663       -0.00040        0.04121       -0.19103        1.00005        0.99972
0.019377        0.99954        0.99958        1.00004        0.24452        0.98663       -0.00041        0.04188       -0.19414        1.00005        0.99971
0.019692        0.99953        0.99957        1.00004        0.24452        0.98663       -0.00042        0.04256       -0.19730        1.00005        0.99971
0.020012        0.99952        0.99956        1.00004        0.24452        0.98663       -0.00042        0.04325       -0.20051        1.00005        0.99970
0.020338        0.99950        0.99954        1.00005        0.24452        0.98663       -0.00043        0.04395       -0.20377        1.00005        0.99969
0.020669        0.99948        0.99952        1.00005        0.24452        0.98663       -0.00044        0.04467       -0.20708        1.00006        0.99968
0.021005        0.99946        0.99951        1.00005        0.24453        0.98663       -0.00044        0.04540       -0.21045        1.00006        0.99966
0.021347        0.99944        0.99949        1.00005        0.24453        0.98663       -0.00045        0.04614       -0.21387        1.00006        0.99965
0.021694        0.99942        0.99947        1.00005        0.24453        0.98663       -0.00046        0.04689       -0.21735        1.00006        0.99964
0.022047        0.99939        0.99945        1.00005        0.24453        0.98663       -0.00047        0.04765       -0.22088        1.00006        0.99962
0.022405        0.99937        0.99943        1.00006        0.24453        0.98663       -0.00047        0.04842       -0.22447        1.00007        0.99961
0.022770        0.99935        0.99941        1.00006        0.24453        0.98663       -0.00048        0.04921       -0.22812        1.00007        0.99960
0.023140        0.99933        0.99939        1.00006        0.24453        0.98663       -0.00049        0.05001       -0.23183        1.00007        0.99958
0.023516        0.99930        0.99937        1.00006        0.24454        0.98663       -0.00050        0.05083       -0.23560        1.00007        0.99957
0.023899        0.99928        0.99935        1.00006        0.24454        0.98663       -0.00050        0.05165       -0.23943        1.00008        0.99955
0.024288        0.99926        0.99932        1.00007        0.24454        0.98663       -0.00051        0.05249       -0.24332        1.00008        0.99954
0.024683        0.99923        0.99930        1.00007        0.24454        0.98663       -0.00052        0.05335       -0.24728        1.00008        0.99952
0.025084        0.99921        0.99928        1.00007        0.24454        0.98663       -0.00053        0.05422       -0.25130        1.00008        0.99951
0.025492        0.99918        0.99926        1.00007        0.24454        0.98663       -0.00054        0.05510       -0.25539        1.00009        0.99949
0.025907        0.99916        0.99923        1.00008        0.24454        0.98663       -0.00055        0.05600       -0.25954        1.00009        0.99948
0.026328        0.99913        0.99921        1.00008        0.24455        0.98663       -0.00056        0.05691       -0.26376        1.00009        0.99946
0.026756        0.99911        0.99919        1.00008        0.24455        0.98663       -0.00056        0.05783       -0.26805        1.00009        0.99945
0.027192        0.99908        0.99916        1.00008        0.24455        0.98663       -0.00057        0.05877       -0.27241        1.00010        0.99943
0.027634        0.99905        0.99914        1.00008        0.24455        0.98663       -0.00058        0.05973       -0.27684        1.00010        0.99941
0.028083        0.99903        0.99911        1.00009        0.24455        0.98663       -0.00059        0.06070       -0.28134        1.00010        0.99940
0.028540        0.99900        0.99909        1.00009        0.24455        0.98663       -0.00060        0.06169       -0.28591        1.00011        0.99938
0.029004        0.99897        0.99906        1.00009        0.24456        0.98663       -0.00061        0.06269       -0.29056        1.00011        0.99936
0.029476        0.99894        0.99904        1.00009        0.24456        0.98663       -0.00062        0.06371       -0.29529        1.00011        0.99934
0.029955        0.99891        0.99901        1.00010        0.24456        0.98663       -0.00063        0.06475       -0.30009        1.00012        0.99933
0.030443        0.99887        0.99897        1.00010        0.24456        0.98663       -0.00064        0.06580       -0.30497        1.00012        0.99930
0.030938        0.99883        0.99894        1.00010        0.24457        0.98663       -0.00065        0.06688       -0.30992        1.00012        0.99928
0.031441        0.99879        0.99890        1.00011        0.24457        0.98663       -0.00066        0.06796       -0.31496        1.00013        0.99925
0.031952        0.99875        0.99886        1.00011        0.24457        0.98663       -0.00067        0.06907       -0.32008        1.00013        0.99922
0.032472        0.99870        0.99882        1.00012        0.24457        0.98663       -0.00069        0.07020       -0.32528        1.00014        0.99920
0.033000        0.99866        0.99878        1.00012        0.24458        0.98663       -0.00070        0.07134       -0.33057        1.00014        0.99917
0.033537        0.99861        0.99873        1.00012        0.24458        0.98663       -0.00071        0.07250       -0.33595        1.00015        0.99914
0.034083        0.99856        0.99869        1.00013        0.24458        0.98663       -0.00072        0.07368       -0.34141        1.00015        0.99911
0.034637        0.99852        0.99865        1.00013        0.24459        0.98663       -0.00073        0.07488       -0.34696        1.00016        0.99908
0.035200        0.99847        0.99861        1.00014        0.24459        0.98663       -0.00074        0.07610       -0.35260        1.00016        0.99905
0.035773        0.99842        0.99856        1.00014        0.24459        0.98663       -0.00075        0.07734       -0.35833        1.00017        0.99902
0.036355        0.99837        0.99852        1.00015        0.24460        0.98663       -0.00077        0.07860       -0.36415        1.00017        0.99899
0.036946        0.99832        0.99847        1.00015        0.24460        0.98663       -0.00078        0.07988       -0.37007        1.00018        0.99896
0.037547        0.99827        0.99842        1.00015        0.24460        0.98663       -0.00079        0.08118       -0.37609        1.00018        0.99893
0.038158        0.99822        0.99838        1.00016        0.24461        0.98663       -0.00081        0.08250       -0.38220        1.00019        0.99890
0.038778        0.99817        0.99833        1.00016        0.24461        0.98662       -0.00082        0.08384       -0.38841        1.00019        0.99886
0.039409        0.99811        0.99828        1.00017        0.24461        0.98662       -0.00083        0.08520       -0.39473        1.00020        0.99883
0.040050        0.99806        0.99823        1.00017        0.24462        0.98662       -0.00084        0.08659       -0.40115        1.00020        0.99880
0.040701        0.99799        0.99817        1.00018        0.24462        0.98662       -0.00086        0.08800       -0.40766        1.00021        0.99875
0.041363        0.99791        0.99810        1.00019        0.24462        0.98662       -0.00087        0.08944       -0.41429        1.00022        0.99871
0.042036        0.99784        0.99803        1.00019        0.24463        0.98662       -0.00089        0.09089       -0.42102        1.00023        0.99866
0.042720        0.99777        0.99797        1.00020        0.24463        0.98662       -0.00090        0.09237       -0.42786        1.00024        0.99862
0.043415        0.99769        0.99790        1.00021        0.24464        0.98662       -0.00092        0.09388       -0.43481        1.00024        0.99857
0.044121        0.99761        0.99783        1.00021        0.24464        0.98662       -0.00093        0.09541       -0.44188        1.00025        0.99852
0.044839        0.99753        0.99775        1.00022        0.24465        0.98662       -0.00095        0.09696       -0.44906        1.00026        0.99847
0.045568        0.99746        0.99768        1.00023        0.24465        0.98662       -0.00096        0.09854       -0.45635        1.00027        0.99843
0.046309        0.99737        0.99761        1.00023        0.24466        0.98662       -0.00098        0.10015       -0.46377        1.00028        0.99838
0.047062        0.99729        0.99753        1.00024        0.24466        0.98662       -0.00099        0.10178       -0.47131        1.00029        0.99832
0.047828        0.99721        0.99746        1.00025        0.24467        0.98662       -0.00101        0.10343       -0.47896        1.00029        0.99827
0.048606        0.99712        0.99738        1.00026        0.24468        0.98662       -0.00103        0.10512       -0.48675        1.00030        0.99822
0.049396        0.99704        0.99730        1.00026        0.24468        0.98662       -0.00104        0.10683       -0.49466        1.00031        0.99817
0.050200        0.99695        0.99722        1.00027        0.24469        0.98662       -0.00106        0.10857       -0.50270        1.00032        0.99811
0.051016        0.99684        0.99712        1.00028        0.24469        0.98662       -0.00108        0.11034       -0.51086        1.00033        0.99804
0.051846        0.99673        0.99702        1.00029        0.24470        0.98662       -0.00109        0.11214       -0.51915        1.00035        0.99798
0.052689        0.99661        0.99692        1.00030        0.24471        0.98661       -0.00111        0.11397       -0.52759        1.00036        0.99791
0.053546        0.99650        0.99681        1.00031        0.24472        0.98661       -0.00113        0.11583       -0.53615        1.00037        0.99784
0.054417        0.99638        0.99671        1.00032        0.24472        0.98661       -0.00115        0.11771       -0.54486        1.00038        0.99776
0.055302        0.99627        0.99660        1.00033        0.24473        0.98661       -0.00117        0.11963       -0.55371        1.00039        0.99769
0.056202        0.99615        0.99649        1.00034        0.24474        0.98661       -0.00119        0.12158       -0.56270        1.00041        0.99762
0.057116        0.99602        0.99638        1.00036        0.24475        0.98661       -0.00121        0.12356       -0.57184        1.00042        0.99754
0.058045        0.99590        0.99627        1.00037        0.24475        0.98661       -0.00123        0.12558       -0.58113        1.00043        0.99746
0.058989        0.99577        0.99615        1.00038        0.24476        0.98661       -0.00125        0.12762       -0.59057        1.00045        0.99739
0.059948        0.99565        0.99603        1.00039        0.24477        0.98661       -0.00127        0.12970       -0.60016        1.00046        0.99731
0.060923        0.99550        0.99590        1.00040        0.24478        0.98661       -0.00129        0.13182       -0.60991        1.00048        0.99721
0.061914        0.99534        0.99576        1.00042        0.24479        0.98661       -0.00131        0.13397       -0.61980        1.00049        0.99712
0.062921        0.99518        0.99561        1.00043        0.24480        0.98661       -0.00133        0.13616       -0.62986        1.00051        0.99702
0.063945        0.99502        0.99546        1.00045        0.24481        0.98660       -0.00135        0.13838       -0.64009        1.00053        0.99692
0.064985        0.99486        0.99532        1.00046        0.24482        0.98660       -0.00137        0.14063       -0.65048        1.00054        0.99682
0.066042        0.99469        0.99516        1.00047        0.24483        0.98660       -0.00139        0.14293       -0.66103        1.00056        0.99672
0.067116        0.99452        0.99501        1.00049        0.24484        0.98660       -0.00142        0.14526       -0.67176        1.00058        0.99661
0.068208        0.99435        0.99485        1.00051        0.24485        0.98660       -0.00144        0.14763       -0.68267        1.00060        0.99651
0.069317        0.99418        0.99469        1.00052        0.24486        0.98660       -0.00146        0.15004       -0.69375        1.00062        0.99640
0.070445        0.99399        0.99453        1.00054        0.24488        0.98660       -0.00149        0.15249       -0.70501        1.00064        0.99628
0.071590        0.99378        0.99434        1.00056        0.24489        0.98660       -0.00151        0.15498       -0.71644        1.00066        0.99615
0.072755        0.99357        0.99414        1.00058        0.24490        0.98659       -0.00154        0.15751       -0.72806        1.00068        0.99602
0.073938        0.99336        0.99395        1.00059        0.24491        0.98659       -0.00156        0.16008       -0.73987        1.00070        0.99589
0.075141        0.99314        0.99375        1.00061        0.24493        0.98659       -0.00159        0.16269       -0.75187        1.00073        0.99576
0.076363        0.99292        0.99355        1.00063        0.24494        0.98659       -0.00161        0.16535       -0.76407        1.00075        0.99562
0.077605        0.99269        0.99334        1.00065        0.24496        0.98659       -0.00164        0.16805       -0.77646        1.00077        0.99548
0.078867        0.99246        0.99313        1.00067        0.24497        0.98659       -0.00167        0.17079       -0.78906        1.00080        0.99534
0.080150        0.99223        0.99292        1.00069        0.24499        0.98659       -0.00169        0.17358       -0.80186        1.00082        0.99519
0.081454        0.99196        0.99268        1.00072        0.24500        0.98658       -0.00172        0.17642       -0.81485        1.00085        0.99503
0.082779        0.99169        0.99243        1.00074        0.24502        0.98658       -0.00175        0.17931       -0.82806        1.00088        0.99486
0.084125        0.99142        0.99218        1.00077        0.24504        0.98658       -0.00178        0.18224       -0.84148        1.00091        0.99469
0.085493        0.99114        0.99192        1.00079        0.24505        0.98658       -0.00181        0.18522       -0.85512        1.00094        0.99451
0.086884        0.99085        0.99166        1.00082        0.24507        0.98658       -0.00184        0.18824       -0.86898        1.00097        0.99434
0.088297        0.99056        0.99140        1.00085        0.24509        0.98658       -0.00187        0.19132       -0.88306        1.00100        0.99416
0.089733        0.99027        0.99113        1.00087        0.24511        0.98657       -0.00190        0.19445       -0.89738        1.00103        0.99398
0.091193        0.98994        0.99083        1.00090        0.24513        0.98657       -0.00193        0.19763       -0.91191        1.00107        0.99378
0.092676        0.98960        0.99053        1.00093        0.24515        0.98657       -0.00196        0.20086       -0.92668        1.00110        0.99357
0.094183        0.98926        0.99021        1.00096        0.24517        0.98657       -0.00199        0.20415       -0.94168        1.00114        0.99335
0.095715        0.98891        0.98989        1.00100        0.24519        0.98656       -0.00202        0.20749       -0.95693        1.00118        0.99313
0.097272        0.98855        0.98957        1.00103        0.24521        0.98656       -0.00206        0.21089       -0.97243        1.00122        0.99291
0.098854        0.98819        0.98924        1.00106        0.24524        0.98656       -0.00209        0.21434       -0.98817        1.00125        0.99269
0.100462        0.98781        0.98890        1.00109        0.24526        0.98656       -0.00212        0.21785       -1.00417        1.00129        0.99246
0.102096        0.98740        0.98852        1.00113        0.24528        0.98655       -0.00216        0.22142       -1.02041        1.00134        0.99220
0.103757        0.98698        0.98814        1.00117        0.24531        0.98655       -0.00219        0.22505       -1.03692        1.00138        0.99194
0.105444        0.98656        0.98775        1.00121        0.24533        0.98655       -0.00223        0.22874       -1.05369        1.00143        0.99168
0.107159        0.98613        0.98736        1.00125        0.24536        0.98655       -0.00227        0.23249       -1.07074        1.00148        0.99141
0.108902        0.98569        0.98696        1.00129        0.24539        0.98654       -0.00230        0.23630       -1.08806        1.00152        0.99114
0.110674        0.98523        0.98654        1.00133        0.24541        0.98654       -0.00234        0.24017       -1.10566        1.00157        0.99085
0.112474        0.98473        0.98608        1.00137        0.24544        0.98654       -0.00238        0.24412       -1.12352        1.00163        0.99054
0.114303        0.98423        0.98562        1.00142        0.24547        0.98653       -0.00242        0.24812       -1.14167        1.00168        0.99023
0.116162        0.98372        0.98516        1.00147        0.24550        0.98653       -0.00246        0.25220       -1.16012        1.00174        0.98991
0.118052        0.98320        0.98468        1.00151        0.24554        0.98653       -0.00250        0.25634       -1.17887        1.00179        0.98959
0.119972        0.98267        0.98420        1.00156        0.24557        0.98652       -0.00254        0.26054       -1.19792        1.00185        0.98926
0.121923        0.98209        0.98367        1.00161        0.24560        0.98652       -0.00258        0.26483       -1.21725        1.00191        0.98890
0.123906        0.98150        0.98313        1.00167        0.24564        0.98652       -0.00262        0.26918       -1.23689        1.00198        0.98853
0.125922        0.98089        0.98258        1.00172        0.24567        0.98651       -0.00266        0.27361       -1.25686        1.00204        0.98816
0.127970        0.98028        0.98203        1.00178        0.24571        0.98651       -0.00271        0.27811       -1.27714        1.00211        0.98778
0.130051        0.97966        0.98146        1.00184        0.24574        0.98650       -0.00275        0.28268       -1.29776        1.00218        0.98739
0.132166        0.97898        0.98084        1.00190        0.24578        0.98650       -0.00280        0.28733       -1.31867        1.00225        0.98697
0.134316        0.97829        0.98021        1.00196        0.24582        0.98649       -0.00284        0.29207       -1.33992        1.00232        0.98654
0.136501        0.97759        0.97957        1.00203        0.24586        0.98649       -0.00289        0.29688       -1.36152        1.00240        0.98611
0.138721        0.97688        0.97892        1.00209        0.24590        0.98648       -0.00294        0.30177       -1.38346        1.00248        0.98566
0.140977        0.97613        0.97824        1.00216        0.24595        0.98648       -0.00299        0.30674       -1.40575        1.00256        0.98520
0.143270        0.97534        0.97752        1.00223        0.24599        0.98647       -0.00303        0.31180       -1.42837        1.00265        0.98471
0.145601        0.97454        0.97679        1.00231        0.24603        0.98647       -0.00308        0.31695       -1.45135        1.00274        0.98421
0.147969        0.97372        0.97604        1.00238        0.24608        0.98646       -0.00313        0.32218       -1.47471        1.00283        0.98370
0.150376        0.97289        0.97528        1.00246        0.24613        0.98646       -0.00319        0.32749       -1.49844        1.00292        0.98318
0.152821        0.97199        0.97446        1.00254        0.24618        0.98645       -0.00324        0.33291       -1.52251        1.00302        0.98262
0.155307        0.97108        0.97363        1.00263        0.24623        0.98645       -0.00329        0.33841       -1.54697        1.00312        0.98205
0.157833        0.97016        0.97279        1.00271        0.24628        0.98644       -0.00334        0.34401       -1.57183        1.00322        0.98148
0.160400        0.96921        0.97192        1.00280        0.24633        0.98643       -0.00340        0.34969       -1.59709        1.00332        0.98089
0.163009        0.96819        0.97100        1.00289        0.24638        0.98643       -0.00346        0.35549       -1.62270        1.00344        0.98025
0.165661        0.96716        0.97005        1.00299        0.24644        0.98642       -0.00351        0.36138       -1.64872        1.00355        0.97961
0.168355        0.96612        0.96910        1.00309        0.24649        0.98641       -0.00357        0.36736       -1.67517        1.00367        0.97896
0.171093        0.96503        0.96811        1.00319        0.24655        0.98640       -0.00363        0.37346       -1.70203        1.00379        0.97828
0.173876        0.96389        0.96706        1.00330        0.24661        0.98640       -0.00369        0.37966       -1.72927        1.00392        0.97756
0.176704        0.96272        0.96600        1.00341        0.24667        0.98639       -0.00375        0.38596       -1.75695        1.00405        0.97684
0.179578        0.96154        0.96492        1.00352        0.24673        0.98638       -0.00381        0.39237       -1.78509        1.00418        0.97610
0.182499        0.96029        0.96378        1.00363        0.24679        0.98637       -0.00387        0.39890       -1.81362        1.00432        0.97532
0.185468        0.95901        0.96261        1.00375        0.24685        0.98636       -0.00394        0.40553       -1.84259        1.00446        0.97451
0.188484        0.95770        0.96142        1.00388        0.24692        0.98635       -0.00400        0.41228       -1.87204        1.00461        0.97370
0.191550        0.95635        0.96018        1.00401        0.24698        0.98635       -0.00407        0.41915       -1.90192        1.00476        0.97285
0.194666        0.95493        0.95889        1.00414        0.24705        0.98634       -0.00413        0.42614       -1.93223        1.00493        0.97196
0.197832        0.95350        0.95757        1.00428        0.24712        0.98633       -0.00420        0.43325       -1.96304        1.00509        0.97106
0.201050        0.95202        0.95622        1.00442        0.24719        0.98632       -0.00427        0.44048       -1.99433        1.00526        0.97013
0.204320        0.95046        0.95480        1.00456        0.24726        0.98631       -0.00434        0.44785       -2.02604        1.00543        0.96916
0.207643        0.94889        0.95336        1.00472        0.24733        0.98629       -0.00441        0.45534       -2.05827        1.00562        0.96817
0.211020        0.94726        0.95188        1.00487        0.24740        0.98628       -0.00448        0.46296       -2.09100        1.00580        0.96715
0.214453        0.94556        0.95032        1.00503        0.24748        0.98627       -0.00456        0.47072       -2.12417        1.00600        0.96608
0.217941        0.94383        0.94874        1.00520        0.24755        0.98626       -0.00463        0.47861       -2.15788        1.00620        0.96499
0.221486        0.94205        0.94711        1.00537        0.24763        0.98625       -0.00471        0.48664       -2.19208        1.00640        0.96387
0.225088        0.94019        0.94541        1.00555        0.24770        0.98623       -0.00478        0.49482       -2.22677        1.00662        0.96270
0.228749        0.93830        0.94368        1.00574        0.24778        0.98622       -0.00486        0.50314       -2.26202        1.00684        0.96151
0.232470        0.93633        0.94188        1.00593        0.24785        0.98621       -0.00494        0.51161       -2.29775        1.00707        0.96027
0.236251        0.93431        0.94003        1.00612        0.24793        0.98619       -0.00502        0.52023       -2.33401        1.00731        0.95899
0.240093        0.93225        0.93815        1.00633        0.24801        0.98618       -0.00510        0.52899       -2.37086        1.00755        0.95769
0.243999        0.93008        0.93616        1.00654        0.24808        0.98616       -0.00519        0.53794       -2.40815        1.00781        0.95632
0.247967        0.92787        0.93414        1.00676        0.24816        0.98615       -0.00527        0.54703       -2.44605        1.00807        0.95492
0.252000        0.92560        0.93206        1.00698        0.24823        0.98613       -0.00536        0.55628       -2.48448        1.00834        0.95348
0.256099        0.92324        0.92990        1.00722        0.24831        0.98611       -0.00545        0.56571       -2.52345        1.00862        0.95198
0.260265        0.92085        0.92771        1.00745        0.24838        0.98610       -0.00554        0.57529       -2.56304        1.00891        0.95046
0.264498        0.91833        0.92541        1.00771        0.24845        0.98608       -0.00563        0.58507       -2.60309        1.00922        0.94887
0.268800        0.91578        0.92307        1.00796        0.24853        0.98606       -0.00572        0.59501       -2.64379        1.00953        0.94724
0.273172        0.91313        0.92064        1.00823        0.24859        0.98604       -0.00581        0.60515       -2.68501        1.00985        0.94556
0.277615        0.91041        0.91815        1.00850        0.24866        0.98602       -0.00590        0.61546       -2.72684        1.01018        0.94382
0.282131        0.90761        0.91559        1.00879        0.24872        0.98600       -0.00600        0.62596       -2.76925        1.01053        0.94204
0.286720        0.90472        0.91294        1.00908        0.24878        0.98598       -0.00610        0.63666       -2.81222        1.01088        0.94019
0.291383        0.90176        0.91023        1.00939        0.24884        0.98596       -0.00619        0.64755       -2.85582        1.01125        0.93830
0.296123        0.89869        0.90741        1.00970        0.24889        0.98593       -0.00629        0.65865       -2.89995        1.01163        0.93633
0.300939        0.89556        0.90454        1.01003        0.24893        0.98591       -0.00639        0.66994       -2.94475        1.01203        0.93433
0.305834        0.89231        0.90156        1.01037        0.24897        0.98589       -0.00650        0.68145       -2.99006        1.01244        0.93224
0.310808        0.88900        0.89852        1.01071        0.24901        0.98586       -0.00660        0.69317       -3.03606        1.01286        0.93011
0.315864        0.88556        0.89536        1.01107        0.24903        0.98584       -0.00671        0.70512       -3.08256        1.01330        0.92789
0.321001        0.88205        0.89214        1.01145        0.24905        0.98581       -0.00681        0.71728       -3.12977        1.01375        0.92562
0.326222        0.87841        0.88881        1.01183        0.24905        0.98578       -0.00692        0.72968       -3.17748        1.01422        0.92327
0.331528        0.87470        0.88539        1.01223        0.24905        0.98576       -0.00703        0.74230       -3.22587        1.01471        0.92087
0.336921        0.87086        0.88187        1.01264        0.24903        0.98573       -0.00714        0.75516       -3.27480        1.01521        0.91837
0.342401        0.86692        0.87825        1.01307        0.24900        0.98570       -0.00725        0.76827       -3.32438        1.01573        0.91582
0.347970        0.86288        0.87454        1.01351        0.24895        0.98566       -0.00736        0.78162       -3.37454        1.01627        0.91318
0.353630        0.85872        0.87071        1.01397        0.24889        0.98563       -0.00747        0.79522       -3.42528        1.01683        0.91046
0.359381        0.85446        0.86680        1.01444        0.24881        0.98560       -0.00759        0.80907       -3.47669        1.01741        0.90767
0.365227        0.85006        0.86275        1.01494        0.24870        0.98557       -0.00770        0.82321       -3.52856        1.01801        0.90478
0.371167        0.84556        0.85862        1.01544        0.24858        0.98553       -0.00782        0.83759       -3.58115        1.01862        0.90183
0.377204        0.84093        0.85436        1.01597        0.24843        0.98549       -0.00793        0.85225       -3.63421        1.01927        0.89877
0.383340        0.83618        0.84999        1.01651        0.24825        0.98546       -0.00805        0.86719       -3.68787        1.01993        0.89563
0.389575        0.83132        0.84551        1.01707        0.24805        0.98542       -0.00817        0.88240       -3.74218        1.02062        0.89241
0.395911        0.82631        0.84090        1.01765        0.24780        0.98538       -0.00828        0.89792       -3.79688        1.02133        0.88908
0.402351        0.82119        0.83619        1.01826        0.24752        0.98534       -0.00840        0.91372       -3.85223        1.02207        0.88566
0.408895        0.81594        0.83135        1.01888        0.24720        0.98530       -0.00852        0.92981       -3.90812        1.02283        0.88214
0.415546        0.81055        0.82638        1.01953        0.24683        0.98525       -0.00863        0.94621       -3.96442        1.02362        0.87851
0.422304        0.80504        0.82130        1.02019        0.24641        0.98521       -0.00875        0.96291       -4.02132        1.02443        0.87480
0.429173        0.79939        0.81609        1.02089        0.24595        0.98516       -0.00886        0.97992       -4.07870        1.02528        0.87097
0.436154        0.79360        0.81075        1.02160        0.24541        0.98512       -0.00897        0.99725       -4.13642        1.02615        0.86703
0.443248        0.78768        0.80528        1.02235        0.24481        0.98507       -0.00908        1.01489       -4.19466        1.02706        0.86298
0.450457        0.78163        0.79970        1.02311        0.24415        0.98502       -0.00919        1.03285       -4.25340        1.02799        0.85883
0.457784        0.77543        0.79397        1.02391        0.24339        0.98497       -0.00930        1.05114       -4.31235        1.02896        0.85455
0.465230        0.76909        0.78812        1.02474        0.24254        0.98492       -0.00940        1.06975       -4.37168        1.02997        0.85015
0.472797        0.76263        0.78214        1.02559        0.24161        0.98486       -0.00950        1.08868       -4.43140        1.03100        0.84564
0.480487        0.75602        0.77604        1.02647        0.24058        0.98481       -0.00959        1.10794       -4.49147        1.03207        0.84101
0.488302        0.74927        0.76980        1.02739        0.23942        0.98476       -0.00968        1.12753       -4.55162        1.03318        0.83624
0.496244        0.74239        0.76343        1.02834        0.23813        0.98470       -0.00976        1.14744       -4.61197        1.03432        0.83135
0.504316        0.73538        0.75694        1.02933        0.23670        0.98464       -0.00983        1.16766       -4.67253        1.03551        0.82633
0.512519        0.72823        0.75033        1.03035        0.23513        0.98459       -0.00990        1.18821       -4.73322        1.03673        0.82118
0.520855        0.72095        0.74359        1.03140        0.23339        0.98453       -0.00996        1.20906       -4.79399        1.03798        0.81589
0.529327        0.71355        0.73673        1.03249        0.23147        0.98447       -0.01000        1.23022       -4.85465        1.03928        0.81047
0.537936        0.70602        0.72976        1.03363        0.22933        0.98441       -0.01004        1.25166       -4.91515        1.04062        0.80490
0.546686        0.69837        0.72267        1.03480        0.22697        0.98435       -0.01006        1.27337       -4.97551        1.04200        0.79919
0.555578        0.69061        0.71548        1.03602        0.22437        0.98429       -0.01006        1.29535       -5.03564        1.04342        0.79333
0.564614        0.68273        0.70818        1.03728        0.22151        0.98423       -0.01004        1.31757       -5.09545        1.04488        0.78733
0.573798        0.67475        0.70079        1.03859        0.21837        0.98418       -0.01001        1.34000       -5.15485        1.04637        0.78119
0.583131        0.66668        0.69330        1.03994        0.21491        0.98412       -0.00995        1.36261       -5.21371        1.04791        0.77489
0.592615        0.65852        0.68574        1.04134        0.21111        0.98407       -0.00987        1.38538       -5.27193        1.04948        0.76843
0.602254        0.65027        0.67810        1.04279        0.20693        0.98402       -0.00976        1.40827       -5.32938        1.05110        0.76183
0.612050        0.64196        0.67039        1.04429        0.20234        0.98397       -0.00962        1.43121       -5.38593        1.05274        0.75506
0.622005        0.63359        0.66264        1.04585        0.19730        0.98392       -0.00945        1.45417       -5.44143        1.05442        0.74813
0.632122        0.62517        0.65484        1.04746        0.19178        0.98388       -0.00923        1.47707       -5.49573        1.05612        0.74105
0.642403        0.61672        0.64702        1.04913        0.18572        0.98385       -0.00897        1.49984       -5.54866        1.05785        0.73380
0.652852        0.60826        0.63919        1.05086        0.17908        0.98382       -0.00867        1.52240       -5.60006        1.05960        0.72639
0.663471        0.59979        0.63136        1.05264        0.17183        0.98379       -0.00831        1.54466       -5.64972        1.06136        0.71882
0.674262        0.59134        0.62356        1.05449        0.16390        0.98378       -0.00789        1.56650       -5.69746        1.06312        0.71107
0.685229        0.58292        0.61579        1.05639        0.15525        0.98378       -0.00740        1.58780       -5.74306        1.06488        0.70317
0.696374        0.57456        0.60809        1.05837        0.14582        0.98379       -0.00685        1.60844       -5.78631        1.06663        0.69509
0.707701        0.56627        0.60048        1.06040        0.13556        0.98381       -0.00622        1.62825       -5.82696        1.06835        0.68685
0.719212        0.55809        0.59297        1.06250        0.12442        0.98385       -0.00551        1.64707       -5.86478        1.07004        0.67845
0.730910        0.55003        0.58560        1.06467        0.11230        0.98390       -0.00469        1.66462       -5.89926        1.07166        0.66987
0.742798        0.54215        0.57842        1.06690        0.09912        0.98398       -0.00378        1.68062       -5.93003        1.07320        0.66112
0.754880        0.53445        0.57143        1.06920        0.08488        0.98408       -0.00276        1.69494       -5.95706        1.07464        0.65221
0.767158        0.52695        0.56466        1.07157        0.06955        0.98419       -0.00162        1.70734       -5.98003        1.07596        0.64314
0.779636        0.51969        0.55814        1.07399        0.05306        0.98434       -0.00036        1.71752       -5.99862        1.07714        0.63389
0.792317        0.51274        0.55196        1.07648        0.03526        0.98451        0.00104        1.72476       -6.01175        1.07810        0.62449
0.805204        0.50610        0.54610        1.07903        0.01622        0.98472        0.00259        1.72898       -6.01957        1.07884        0.61492
0.818301        0.49979        0.54059        1.08164       -0.00407        0.98495        0.00427        1.72988       -6.02185        1.07933        0.60519
0.831610        0.49388        0.53551        1.08430       -0.02569        0.98522        0.00612        1.72673       -6.01766        1.07948        0.59530
0.845137        0.48840        0.53089        1.08701       -0.04865        0.98553        0.00814        1.71892       -6.00639        1.07925        0.58526
0.858883        0.48334        0.52672        1.08975       -0.07283        0.98587        0.01031        1.70644       -5.98829        1.07861        0.57507
0.872853        0.47881        0.52311        1.09253       -0.09831        0.98625        0.01266        1.68799       -5.96186        1.07744        0.56473
0.887050        0.47477        0.52004        1.09534       -0.12494        0.98666        0.01517        1.66340       -5.92715        1.07571        0.55425
0.901478        0.47127        0.51752        1.09815       -0.15265        0.98711        0.01785        1.63205       -5.88364        1.07334        0.54363
0.916140        0.46836        0.51565        1.10096       -0.18135        0.98760        0.02070        1.59269       -5.83007        1.07018        0.53287
0.931041        0.46599        0.51434        1.10375       -0.21085        0.98812        0.02369        1.54543       -5.76687        1.06624        0.52198
0.946185        0.46425        0.51370        1.10651       -0.24099        0.98866        0.02684        1.48847       -5.69220        1.06131        0.51097
0.961575        0.46306        0.51363        1.10921       -0.27155        0.98924        0.03010        1.42206       -5.60669        1.05538        0.49984
0.977215        0.46247        0.51418        1.11183       -0.30228        0.98983        0.03347        1.34455       -5.50879        1.04825        0.48860
0.993109        0.46241        0.51528        1.11434       -0.33291        0.99045        0.03693        1.25564       -5.39855        1.03987        0.47726
1.009262        0.46283        0.51685        1.11672       -0.36318        0.99107        0.04044        1.15473       -5.27561        1.03012        0.46582
1.025678        0.46371        0.51886        1.11892       -0.39263        0.99171        0.04396        1.04007       -5.13867        1.01877        0.45430
1.042361        0.46493        0.52116        1.12093       -0.42104        0.99235        0.04748        0.91214       -4.98860        1.00584        0.44269
1.059315        0.46641        0.52363        1.12269       -0.44799        0.99300        0.05093        0.76981       -4.82483        0.99114        0.43102
1.076545        0.46801        0.52611        1.12416       -0.47292        0.99364        0.05427        0.61189       -4.64693        0.97448        0.41929
1.094055        0.46957        0.52841        1.12530       -0.49551        0.99427        0.05744        0.43879       -4.45601        0.95586        0.40750
1.111850        0.47094        0.53030        1.12607       -0.51527        0.99490        0.06038        0.25010       -4.25261        0.93516        0.39568
1.129934        0.47191        0.53156        1.12641       -0.53159        0.99551        0.06302        0.04557       -4.03763        0.91229        0.38383
1.148312        0.47224        0.53186        1.12625       -0.54358        0.99611        0.06524       -0.17513       -3.81237        0.88712        0.37197
1.166990        0.47173        0.53097        1.12557       -0.55069        0.99667        0.06694       -0.41079       -3.57929        0.85973        0.36010
1.185971        0.47017        0.52861        1.12431       -0.55199        0.99718        0.06801       -0.66035       -3.34105        0.83018        0.34824
1.205261        0.46733        0.52454        1.12243       -0.54641        0.99762        0.06827       -0.92207       -3.10102        0.79861        0.33640
1.224865        0.46304        0.51855        1.11988       -0.53272        0.99793        0.06754       -1.19325       -2.86332        0.76528        0.32459
1.244787        0.45719        0.51051        1.11662       -0.50959        0.99807        0.06560       -1.47001       -2.63284        0.73063        0.31283
1.265034        0.44975        0.50042        1.11266       -0.47562        0.99793        0.06224       -1.74695       -2.41509        0.69529        0.30113
1.285610        0.44083        0.48843        1.10797       -0.42958        0.99740        0.05721       -2.01691       -2.21603        0.66016        0.28951
1.306520        0.43069        0.47488        1.10259       -0.37065        0.99633        0.05033       -2.27078       -2.04170        0.62645        0.27798
1.327771        0.41974        0.46028        1.09656       -0.29883        0.99454        0.04154       -2.49752       -1.89773        0.59568        0.26655
1.349367        0.40856        0.44532        1.08998       -0.21526        0.99187        0.03088       -2.68452       -1.78884        0.56965        0.25523
1.371315        0.39781        0.43081        1.08294       -0.12233        0.98817        0.01861       -2.81655       -1.71931        0.55061        0.24405
1.393619        0.38818        0.41754        1.07563       -0.02410        0.98342        0.00521       -2.87986       -1.69042        0.54072        0.23303
1.416287        0.38013        0.40607        1.06822        0.07471        0.97773       -0.00868       -2.86339       -1.70103        0.54187        0.22216
1.439323        0.37385        0.39663        1.06094        0.16941        0.97131       -0.02241       -2.75768       -1.74909        0.55581        0.21146
1.462733        0.36919        0.38914        1.05405        0.25499        0.96447       -0.03523       -2.55184       -1.83265        0.58458        0.20096
1.486525        0.36540        0.38286        1.04778        0.32771        0.95757       -0.04653       -2.24650       -1.94588        0.62859        0.19066
1.510703        0.36138        0.37669        1.04239        0.38417        0.95098       -0.05570       -1.84483       -2.08280        0.68790        0.18057
1.535275        0.35560        0.36918        1.03817        0.42006        0.94508       -0.06198       -1.35145       -2.23663        0.76236        0.17072
1.560246        0.34676        0.35900        1.03528        0.43403        0.94016       -0.06500       -0.78725       -2.39759        0.84919        0.16109
1.585624        0.33348        0.34482        1.03401        0.42285        0.93670       -0.06406       -0.17324       -2.55512        0.94558        0.15174
1.611414        0.31571        0.32657        1.03438        0.38878        0.93497       -0.05935        0.45635       -2.69927        1.04627        0.14263
1.637624        0.29397        0.30471        1.03653        0.33461        0.93544       -0.05111        1.06489       -2.82064        1.14549        0.13381
1.664260        0.27001        0.28090        1.04038        0.26751        0.93831       -0.04039        1.61609       -2.91447        1.23712        0.12527
1.691330        0.24592        0.25718        1.04579        0.19547        0.94364       -0.02844        2.08194       -2.98024        1.31615        0.11702
1.718839        0.22377        0.23554        1.05261        0.12566        0.95131       -0.01646        2.44052       -3.01985        1.37839        0.10907
1.746796        0.20509        0.21750        1.06057        0.06286        0.96098       -0.00533        2.68241       -3.03784        1.42158        0.10143
1.775208        0.19061        0.20382        1.06934        0.00885        0.97216        0.00452        2.80637       -3.03901        1.44479        0.09409
1.804082        0.18056        0.19475        1.07861       -0.03638        0.98434        0.01298        2.81187       -3.02705        1.44721        0.08708
1.833425        0.17469        0.19007        1.08799       -0.07366        0.99696        0.02012        2.69803       -3.00474        1.42794        0.08038
1.863246        0.17237        0.18910        1.09706       -0.10371        1.00938        0.02599        2.46262       -2.97406        1.38579        0.07400
1.893552        0.17250        0.19067        1.10534       -0.12637        1.02089        0.03054        2.10391       -2.93666        1.31963        0.06794
1.924351        0.17348        0.19296        1.11231       -0.14034        1.03072        0.03352        1.62548       -2.89456        1.22931        0.06221
1.955651        0.17328        0.19363        1.11742       -0.14352        1.03809        0.03453        1.04332       -2.85075        1.11710        0.05679
1.987460        0.16993        0.19036        1.12024       -0.13439        1.04231        0.03324        0.39150       -2.80944        0.98900        0.05169
2.019786        0.16224        0.18179        1.12048       -0.11377        1.04292        0.02976       -0.27893       -2.77527        0.85473        0.04690
2.052638        0.15044        0.16820        1.11804       -0.08536        1.03969        0.02478       -0.90858       -2.75193        0.72617        0.04243
2.086024        0.13622        0.15165        1.11319       -0.05473        1.03296        0.01941       -1.45028       -2.74008        0.61339        0.03825
2.119953        0.12165        0.13459        1.10634       -0.02641        1.02331        0.01452       -1.87867       -2.73816        0.52233        0.03437
2.154435        0.10844        0.11906        1.09792       -0.00304        1.01140        0.01066       -2.18471       -2.74375        0.45567        0.03077
2.189477        0.09744        0.10606        1.08848        0.01493        0.99806        0.00787       -2.38181       -2.75396        0.41145        0.02745
2.225089        0.08900        0.09598        1.07843        0.02769        0.98393        0.00604       -2.48096       -2.76681        0.38801        0.02440
2.261280        0.08291        0.08856        1.06816        0.03606        0.96958        0.00497       -2.49899       -2.78080        0.38236        0.02160
2.298060        0.07890        0.08347        1.05797        0.04064        0.95548        0.00447       -2.44552       -2.79499        0.39292        0.01905
2.335438        0.07653        0.08022        1.04815        0.04216        0.94202        0.00441       -2.32927       -2.80872        0.41825        0.01673
2.373424        0.07536        0.07830        1.03893        0.04126        0.92947        0.00471       -2.15619       -2.82159        0.45748        0.01463
2.412028        0.07490        0.07719        1.03051        0.03850        0.91811        0.00532       -1.93076       -2.83329        0.51000        0.01274
2.451260        0.07459        0.07631        1.02311        0.03439        0.90816        0.00626       -1.65818       -2.84358        0.57501        0.01104
2.491130        0.07385        0.07510        1.01689        0.02933        0.89980        0.00755       -1.34597       -2.85229        0.65109        0.00952
2.531648        0.07216        0.07303        1.01200        0.02361        0.89317        0.00924       -1.00501       -2.85927        0.73586        0.00817
2.572826        0.06914        0.06973        1.00853        0.01739        0.88835        0.01142       -0.64961       -2.86445        0.82595        0.00698
2.614673        0.06467        0.06509        1.00653        0.01075        0.88537        0.01419       -0.29615       -2.86781        0.91727        0.00593
2.657201        0.05895        0.05930        1.00599        0.00366        0.88417        0.01768        0.03935       -2.86942        1.00559        0.00501
2.700421        0.05240        0.05276        1.00683       -0.00400        0.88461        0.02207        0.34373       -2.86943        1.08726        0.00421
2.744343        0.04554        0.04595        1.00898       -0.01250        0.88653        0.02758        0.60773       -2.86801        1.15950        0.00352
2.788980        0.03887        0.03935        1.01226       -0.02211        0.88969        0.03444        0.82874       -2.86541        1.22121        0.00293
2.834343        0.03275        0.03329        1.01655       -0.03323        0.89386        0.04297        1.00691       -2.86183        1.27205        0.00242
2.880444        0.02735        0.02794        1.02170       -0.04619        0.89879        0.05344        1.14675       -2.85752        1.31289        0.00198
2.927295        0.02276        0.02339        1.02759       -0.06137        0.90429        0.06617        1.25295       -2.85266        1.34474        0.00162
2.974908        0.01893        0.01958        1.03410       -0.07903        0.91015        0.08142        1.33168       -2.84741        1.36908        0.00131
3.023295        0.01579        0.01644        1.04115       -0.09940        0.91621        0.09943        1.38825       -2.84193        1.38723        0.00105
3.072469        0.01323        0.01387        1.04865       -0.12265        0.92234        0.12039        1.42728       -2.83633        1.40037        0.00084
3.122443        0.01115        0.01178        1.05655       -0.14882        0.92844        0.14444        1.45201       -2.83071        1.40933        0.00000
3.173230        0.00947        0.01009        1.06480       -0.17792        0.93443        0.17168        1.46680       -2.82513        1.41533        0.00000
3.224842        0.00811        0.00871        1.07337       -0.20993        0.94025        0.20215        1.47346       -2.81965        1.41883        0.00000
3.277295        0.00700        0.00757        1.08223       -0.24472        0.94586        0.23584        1.47388       -2.81430        1.42037        0.00000
3.330600        0.00609        0.00664        1.09135       -0.28214        0.95123        0.27271        1.46949       -2.80910        1.42034        0.00000
3.384773        0.00533        0.00587        1.10073       -0.32204        0.95636        0.31272        1.46133       -2.80408        1.41904        0.00000
3.439826        0.00471        0.00523        1.11034       -0.36418        0.96124        0.35575        1.45030       -2.79923        1.41672        0.00000
3.495776        0.00418        0.00469        1.12019       -0.40847        0.96586        0.40181        1.43699       -2.79457        1.41357        0.00000
3.552635        0.00379        0.00429        1.13005       -0.45101        0.97114        0.44564        1.42962       -2.78913        1.41261        0.00000
3.610419        0.00338        0.00385        1.14040       -0.50349        0.97448        0.50165        1.41351       -2.78563        1.40833        0.00000
3.669142        0.00305        0.00352        1.15096       -0.55377        0.97831        0.55676        1.39590       -2.78153        1.40341        0.00000
3.728821        0.00278        0.00323        1.16174       -0.60493        0.98200        0.61403        1.37733       -2.77752        1.39804        0.00000
3.789471        0.00254        0.00297        1.17273       -0.65701        0.98550        0.67361        1.35796       -2.77361        1.39227        0.00000
3.851107        0.00233        0.00276        1.18393       -0.70987        0.98881        0.73544        1.33793       -2.76983        1.38612        0.00000
3.913746        0.00215        0.00256        1.19533       -0.76335        0.99193        0.79945        1.31733       -2.76617        1.37963        0.00000
3.977403        0.00198        0.00240        1.20694       -0.81725        0.99487        0.86553        1.29624       -2.76263        1.37282        0.00000
4.042096        0.00184        0.00225        1.21875       -0.87139        0.99763        0.93359        1.27470       -2.75920        1.36569        0.00000
4.107841        0.00172        0.00211        1.23077       -0.92557        1.00022        1.00351        1.25275       -2.75588        1.35825        0.00000
4.174655        0.00160        0.00199        1.24298       -0.97959        1.00264        1.07519        1.23043       -2.75266        1.35051        0.00000
4.242556        0.00150        0.00189        1.25538       -1.03326        1.00490        1.14851        1.20776       -2.74956        1.34247        0.00000
4.311562        0.00141        0.00179        1.26798       -1.08636        1.00700        1.22334        1.18473       -2.74655        1.33412        0.00000
4.381690        0.00133        0.00170        1.28077       -1.13867        1.00893        1.29955        1.16137       -2.74366        1.32546        0.00000
4.452959        0.00125        0.00162        1.29374       -1.18996        1.01070        1.37698        1.13767       -2.74087        1.31647        0.00000
4.525386        0.00119        0.00155        1.30688       -1.23999        1.01232        1.45550        1.11362       -2.73820        1.30715        0.00000
4.598992        0.00112        0.00148        1.32019       -1.28852        1.01377        1.53491        1.08921       -2.73565        1.29749        0.00000
4.673795        0.00107        0.00142        1.33367       -1.33525        1.01505        1.61503        1.06443       -2.73322        1.28746        0.00000
4.749815        0.00102        0.00137        1.34729       -1.37991        1.01617        1.69565        1.03926       -2.73091        1.27705        0.00000
4.827071        0.00097        0.00132        1.36106       -1.42218        1.01712        1.77651        1.01368       -2.72875        1.26624        0.00000
4.905584        0.00092        0.00127        1.37495       -1.46172        1.01790        1.85738        0.98767       -2.72674        1.25500        0.00000
4.985373        0.00088        0.00123        1.38895       -1.49817        1.01849        1.93794        0.96118       -2.72488        1.24331        0.00000
5.066461        0.00085        0.00119        1.40305       -1.53114        1.01891        2.01787        0.93418       -2.72320        1.23114        0.00000
5.148867        0.00081        0.00115        1.41722       -1.56021        1.01913        2.09680        0.90664       -2.72170        1.21845        0.00000
5.232614        0.00078        0.00112        1.43144       -1.58493        1.01916        2.17432        0.87851       -2.72040        1.20520        0.00000
5.317723        0.00075        0.00108        1.44569       -1.60479        1.01898        2.24997        0.84973       -2.71931        1.19135        0.00000
5.404216        0.00072        0.00105        1.45994       -1.61927        1.01860        2.32325        0.82025       -2.71845        1.17686        0.00000
5.492116        0.00070        0.00103        1.47415       -1.62780        1.01801        2.39360        0.79001       -2.71783        1.16166        0.00000
5.581446        0.00067        0.00100        1.48828       -1.62977        1.01721        2.46037        0.75893       -2.71748        1.14571        0.00000
5.672229        0.00065        0.00098        1.50230       -1.62452        1.01618        2.52287        0.72694       -2.71739        1.12893        0.00000
5.764488        0.00063        0.00095        1.51616       -1.61135        1.01493        2.58035        0.69395       -2.71759        1.11125        0.00000
5.858248        0.00061        0.00093        1.52980       -1.58956        1.01347        2.63196        0.65987       -2.71809        1.09260        0.00000
5.953533        0.00059        0.00092        1.54317       -1.55838        1.01179        2.67680        0.62461       -2.71888        1.07289        0.00000
6.050368        0.00058        0.00090        1.55619       -1.51705        1.00991        2.71390        0.58807       -2.71997        1.05202        0.00000
6.148778        0.00056        0.00088        1.56881       -1.46478        1.00785        2.74218        0.55014       -2.72134        1.02989        0.00000
6.248788        0.00055        0.00087        1.58092       -1.40086        1.00563        2.76059        0.51070       -2.72299        1.00641        0.00000
6.350425        0.00054        0.00085        1.59246       -1.32459        1.00329        2.76798        0.46967       -2.72486        0.98147        0.00000
6.453715        0.00052        0.00084        1.60332       -1.23537        1.00088        2.76319        0.42694       -2.72691        0.95495        0.00000
6.558686        0.00051        0.00083        1.61341       -1.13280        0.99846        2.74515        0.38243       -2.72906        0.92676        0.00000
6.665363        0.00051        0.00082        1.62261       -1.01663        0.99612        2.71281        0.33608       -2.73122        0.89681        0.00000
6.773776        0.00050        0.00081        1.63080       -0.88693        0.99396        2.66529        0.28785       -2.73326        0.86501        0.00000
6.883952        0.00049        0.00081        1.63788       -0.74411        0.99209        2.60188        0.23775       -2.73503        0.83132        0.00000
6.995920        0.00049        0.00080        1.64372       -0.58901        0.99066        2.52216        0.18583       -2.73635        0.79572        0.00000
7.109709        0.00048        0.00080        1.64820       -0.42295        0.98982        2.42608        0.13218       -2.73701        0.75821        0.00000
7.225349        0.00048        0.00079        1.65121       -0.24779        0.98975        2.31395        0.07698       -2.73680        0.71886        0.00000
