x               rho            P              T              ur             uphi           uz             Br             Bphi           Bz             m
0.010000        0.99999        1.00001        1.00002        1.45505        0.95757       -0.00145        0.04334       -0.06395        1.00003        0.99992
0.010163        0.99998        1.00001        1.00002        1.45506        0.95757       -0.00148        0.04405       -0.06499        1.00003        0.99992
0.010328        0.99996        0.99999        1.00002        1.45507        0.95757       -0.00150        0.04476       -0.06605        1.00003        0.99992
0.010496        0.99995        0.99997        1.00002        1.45509        0.95757       -0.00153        0.04549       -0.06712        1.00003        0.99991
0.010667        0.99993        0.99995        1.00003        1.45510        0.95756       -0.00155        0.04623       -0.06821        1.00003        0.99991
0.010840        0.99991        0.99993        1.00003        1.45512        0.95756       -0.00158        0.04698       -0.06932        1.00003        0.99991
0.011016        0.99988        0.99991        1.00003        1.45514        0.95756       -0.00160        0.04775       -0.07045        1.00004        0.99990
0.011196        0.99986        0.99989        1.00003        1.45515        0.95756       -0.00163        0.04852       -0.07159        1.00004        0.99990
0.011378        0.99984        0.99987        1.00003        1.45517        0.95756       -0.00165        0.04931       -0.07276        1.00004        0.99989
0.011563        0.99982        0.99985        1.00003        1.45519        0.95756       -0.00168        0.05012       -0.07394        1.00004        0.99989
0.011751        0.99980        0.99983        1.00003        1.45521        0.95756       -0.00171        0.05093       -0.07514        1.00004        0.99989
0.011942        0.99978        0.99981        1.00003        1.45523        0.95756       -0.00174        0.05176       -0.07637        1.00004        0.99988
0.012136        0.99975        0.99979        1.00004        1.45525        0.95756       -0.00176        0.05260       -0.07761        1.00004        0.99988
0.012334        0.99973        0.99977        1.00004        1.45526        0.95755       -0.00179        0.05346       -0.07887        1.00005        0.99987
0.012534        0.99971        0.99975        1.00004        1.45528        0.95755       -0.00182        0.05433       -0.08015        1.00005        0.99987
0.012738        0.99968        0.99972        1.00004        1.45530        0.95755       -0.00185        0.05521       -0.08146        1.00005        0.99986
0.012945        0.99966        0.99970        1.00004        1.45532        0.95755       -0.00188        0.05611       -0.08278        1.00005        0.99986
0.013156        0.99964        0.99968        1.00004        1.45534        0.95755       -0.00191        0.05702       -0.08413        1.00005        0.99985
0.013370        0.99961        0.99965        1.00004        1.45536        0.95755       -0.00194        0.05795       -0.08550        1.00005        0.99985
0.013587        0.99959        0.99963        1.00005        1.45538        0.95755       -0.00198        0.05889       -0.08689        1.00006        0.99984
0.013808        0.99956        0.99961        1.00005        1.45541        0.95755       -0.00201        0.05985       -0.08830        1.00006        0.99984
0.014033        0.99953        0.99958        1.00005        1.45543        0.95754       -0.00204        0.06083       -0.08973        1.00006        0.99983
0.014261        0.99951        0.99956        1.00005        1.45545        0.95754       -0.00207        0.06181       -0.09119        1.00006        0.99983
0.014493        0.99948        0.99953        1.00005        1.45547        0.95754       -0.00211        0.06282       -0.09268        1.00006        0.99982
0.014729        0.99945        0.99951        1.00005        1.45549        0.95754       -0.00214        0.06384       -0.09418        1.00007        0.99982
0.014968        0.99943        0.99948        1.00005        1.45552        0.95754       -0.00218        0.06488       -0.09572        1.00007        0.99981
0.015212        0.99940        0.99945        1.00006        1.45554        0.95754       -0.00221        0.06594       -0.09727        1.00007        0.99981
0.015459        0.99937        0.99943        1.00006        1.45557        0.95754       -0.00225        0.06701       -0.09885        1.00007        0.99980
0.015711        0.99934        0.99940        1.00006        1.45559        0.95753       -0.00228        0.06810       -0.10046        1.00007        0.99980
0.015966        0.99931        0.99937        1.00006        1.45561        0.95753       -0.00232        0.06921       -0.10210        1.00008        0.99979
0.016226        0.99928        0.99934        1.00006        1.45564        0.95753       -0.00236        0.07033       -0.10376        1.00008        0.99978
0.016490        0.99925        0.99931        1.00006        1.45566        0.95753       -0.00240        0.07148       -0.10544        1.00008        0.99978
0.016758        0.99922        0.99928        1.00007        1.45569        0.95753       -0.00244        0.07264       -0.10716        1.00008        0.99977
0.017031        0.99919        0.99925        1.00007        1.45572        0.95753       -0.00248        0.07382       -0.10890        1.00008        0.99977
0.017308        0.99915        0.99922        1.00007        1.45574        0.95753       -0.00252        0.07502       -0.11067        1.00009        0.99976
0.017589        0.99912        0.99919        1.00007        1.45577        0.95752       -0.00256        0.07624       -0.11247        1.00009        0.99975
0.017875        0.99909        0.99916        1.00007        1.45580        0.95752       -0.00260        0.07748       -0.11430        1.00009        0.99975
0.018166        0.99905        0.99913        1.00008        1.45583        0.95752       -0.00264        0.07874       -0.11616        1.00009        0.99974
0.018461        0.99902        0.99910        1.00008        1.45585        0.95752       -0.00268        0.08003       -0.11805        1.00010        0.99973
0.018762        0.99898        0.99906        1.00008        1.45588        0.95752       -0.00273        0.08133       -0.11997        1.00010        0.99973
0.019067        0.99895        0.99903        1.00008        1.45591        0.95752       -0.00277        0.08265       -0.12192        1.00010        0.99972
0.019377        0.99891        0.99900        1.00008        1.45594        0.95751       -0.00282        0.08400       -0.12390        1.00010        0.99971
0.019692        0.99888        0.99896        1.00009        1.45597        0.95751       -0.00286        0.08536       -0.12592        1.00011        0.99971
0.020012        0.99884        0.99893        1.00009        1.45600        0.95751       -0.00291        0.08675       -0.12797        1.00011        0.99970
0.020338        0.99878        0.99887        1.00009        1.45605        0.95751       -0.00296        0.08816       -0.13005        1.00011        0.99969
0.020669        0.99872        0.99881        1.00009        1.45611        0.95750       -0.00301        0.08960       -0.13216        1.00012        0.99968
0.021005        0.99865        0.99875        1.00010        1.45616        0.95750       -0.00306        0.09106       -0.13431        1.00012        0.99966
0.021347        0.99858        0.99868        1.00010        1.45622        0.95750       -0.00311        0.09254       -0.13649        1.00013        0.99965
0.021694        0.99852        0.99862        1.00011        1.45627        0.95749       -0.00316        0.09405       -0.13871        1.00013        0.99964
0.022047        0.99845        0.99855        1.00011        1.45633        0.95749       -0.00321        0.09558       -0.14096        1.00014        0.99962
0.022405        0.99838        0.99849        1.00011        1.45639        0.95749       -0.00326        0.09714       -0.14325        1.00014        0.99961
0.022770        0.99830        0.99842        1.00012        1.45645        0.95748       -0.00331        0.09872       -0.14558        1.00015        0.99960
0.023140        0.99823        0.99835        1.00012        1.45651        0.95748       -0.00337        0.10033       -0.14795        1.00015        0.99958
0.023516        0.99816        0.99828        1.00013        1.45657        0.95747       -0.00342        0.10196       -0.15035        1.00016        0.99957
0.023899        0.99808        0.99821        1.00013        1.45663        0.95747       -0.00348        0.10362       -0.15280        1.00016        0.99955
0.024288        0.99801        0.99814        1.00013        1.45670        0.95747       -0.00353        0.10531       -0.15528        1.00017        0.99954
0.024683        0.99793        0.99807        1.00014        1.45676        0.95746       -0.00359        0.10702       -0.15781        1.00017        0.99952
0.025084        0.99785        0.99799        1.00014        1.45683        0.95746       -0.00365        0.10876       -0.16037        1.00018        0.99951
0.025492        0.99777        0.99792        1.00015        1.45690        0.95745       -0.00371        0.11054       -0.16298        1.00018        0.99949
0.025907        0.99769        0.99784        1.00015        1.45696        0.95745       -0.00377        0.11233       -0.16563        1.00019        0.99948
0.026328        0.99760        0.99776        1.00016        1.45703        0.95745       -0.00383        0.11416       -0.16832        1.00019        0.99946
0.026756        0.99752        0.99768        1.00016        1.45710        0.95744       -0.00389        0.11602       -0.17106        1.00020        0.99945
0.027192        0.99744        0.99760        1.00017        1.45717        0.95744       -0.00396        0.11791       -0.17384        1.00021        0.99943
0.027634        0.99735        0.99752        1.00017        1.45725        0.95743       -0.00402        0.11983       -0.17666        1.00021        0.99941
0.028083        0.99726        0.99743        1.00018        1.45732        0.95743       -0.00409        0.12178       -0.17953        1.00022        0.99940
0.028540        0.99717        0.99735        1.00018        1.45739        0.95742       -0.00415        0.12377       -0.18245        1.00022        0.99938
0.029004        0.99708        0.99726        1.00019        1.45747        0.95742       -0.00422        0.12578       -0.18542        1.00023        0.99936
0.029476        0.99699        0.99718        1.00019        1.45755        0.95741       -0.00429        0.12783       -0.18843        1.00024        0.99934
0.029955        0.99689        0.99709        1.00020        1.45763        0.95741       -0.00436        0.12991       -0.19150        1.00024        0.99933
0.030443        0.99677        0.99697        1.00020        1.45773        0.95740       -0.00443        0.13203       -0.19461        1.00025        0.99930
0.030938        0.99663        0.99684        1.00021        1.45784        0.95740       -0.00451        0.13418       -0.19777        1.00026        0.99928
0.031441        0.99650        0.99671        1.00022        1.45796        0.95739       -0.00458        0.13637       -0.20098        1.00027        0.99925
0.031952        0.99636        0.99658        1.00023        1.45808        0.95738       -0.00465        0.13859       -0.20425        1.00028        0.99922
0.032472        0.99621        0.99644        1.00023        1.45820        0.95738       -0.00473        0.14085       -0.20756        1.00029        0.99920
0.033000        0.99607        0.99631        1.00024        1.45832        0.95737       -0.00481        0.14315       -0.21093        1.00030        0.99917
0.033537        0.99592        0.99617        1.00025        1.45844        0.95736       -0.00489        0.14548       -0.21436        1.00031        0.99914
0.034083        0.99577        0.99603        1.00026        1.45857        0.95735       -0.00497        0.14785       -0.21784        1.00032        0.99911
0.034637        0.99562        0.99588        1.00027        1.45869        0.95734       -0.00505        0.15026       -0.22138        1.00033        0.99908
0.035200        0.99546        0.99574        1.00027        1.45882        0.95734       -0.00513        0.15271       -0.22498        1.00034        0.99905
0.035773        0.99531        0.99559        1.00028        1.45895        0.95733       -0.00521        0.15520       -0.22863        1.00035        0.99902
0.036355        0.99515        0.99544        1.00029        1.45909        0.95732       -0.00530        0.15773       -0.23235        1.00036        0.99899
0.036946        0.99498        0.99528        1.00030        1.45922        0.95731       -0.00539        0.16030       -0.23612        1.00038        0.99896
0.037547        0.99482        0.99513        1.00031        1.45936        0.95730       -0.00547        0.16292       -0.23996        1.00039        0.99893
0.038158        0.99465        0.99497        1.00032        1.45950        0.95729       -0.00556        0.16557       -0.24386        1.00040        0.99890
0.038778        0.99448        0.99481        1.00033        1.45964        0.95729       -0.00565        0.16827       -0.24782        1.00041        0.99886
0.039409        0.99431        0.99464        1.00034        1.45979        0.95728       -0.00575        0.17101       -0.25184        1.00042        0.99883
0.040050        0.99413        0.99448        1.00035        1.45994        0.95727       -0.00584        0.17380       -0.25594        1.00044        0.99880
0.040701        0.99390        0.99426        1.00036        1.46013        0.95726       -0.00594        0.17664       -0.26009        1.00045        0.99875
0.041363        0.99367        0.99404        1.00037        1.46032        0.95724       -0.00603        0.17952       -0.26431        1.00047        0.99871
0.042036        0.99343        0.99382        1.00039        1.46052        0.95723       -0.00613        0.18246       -0.26860        1.00048        0.99866
0.042720        0.99319        0.99359        1.00040        1.46072        0.95722       -0.00623        0.18544       -0.27296        1.00050        0.99862
0.043415        0.99295        0.99336        1.00041        1.46093        0.95721       -0.00634        0.18846       -0.27739        1.00052        0.99857
0.044121        0.99270        0.99312        1.00043        1.46114        0.95719       -0.00644        0.19154       -0.28189        1.00053        0.99852
0.044839        0.99245        0.99288        1.00044        1.46135        0.95718       -0.00655        0.19467       -0.28647        1.00055        0.99847
0.045568        0.99219        0.99264        1.00046        1.46156        0.95717       -0.00665        0.19785       -0.29112        1.00057        0.99843
0.046309        0.99193        0.99239        1.00047        1.46178        0.95715       -0.00676        0.20108       -0.29584        1.00059        0.99838
0.047062        0.99166        0.99214        1.00049        1.46201        0.95714       -0.00687        0.20436       -0.30064        1.00061        0.99832
0.047828        0.99139        0.99189        1.00050        1.46223        0.95713       -0.00699        0.20770       -0.30552        1.00063        0.99827
0.048606        0.99112        0.99163        1.00052        1.46246        0.95711       -0.00710        0.21109       -0.31048        1.00064        0.99822
0.049396        0.99084        0.99136        1.00053        1.46270        0.95710       -0.00722        0.21453       -0.31552        1.00066        0.99817
0.050200        0.99055        0.99109        1.00055        1.46294        0.95708       -0.00734        0.21804       -0.32064        1.00068        0.99811
0.051016        0.99020        0.99076        1.00057        1.46324        0.95706       -0.00746        0.22161       -0.32584        1.00071        0.99804
0.051846        0.98984        0.99042        1.00059        1.46354        0.95705       -0.00758        0.22523       -0.33112        1.00073        0.99798
0.052689        0.98948        0.99008        1.00061        1.46384        0.95703       -0.00770        0.22892       -0.33649        1.00076        0.99791
0.053546        0.98911        0.98973        1.00063        1.46415        0.95701       -0.00783        0.23266       -0.34195        1.00078        0.99784
0.054417        0.98873        0.98937        1.00065        1.46447        0.95699       -0.00796        0.23647       -0.34749        1.00081        0.99776
0.055302        0.98835        0.98901        1.00067        1.46479        0.95697       -0.00809        0.24034       -0.35312        1.00084        0.99769
0.056202        0.98796        0.98865        1.00069        1.46511        0.95695       -0.00823        0.24427       -0.35885        1.00086        0.99762
0.057116        0.98757        0.98827        1.00071        1.46544        0.95693       -0.00836        0.24827       -0.36467        1.00089        0.99754
0.058045        0.98717        0.98790        1.00074        1.46578        0.95691       -0.00850        0.25233       -0.37058        1.00092        0.99746
0.058989        0.98676        0.98751        1.00076        1.46612        0.95689       -0.00864        0.25645       -0.37659        1.00095        0.99739
0.059948        0.98635        0.98712        1.00078        1.46647        0.95686       -0.00878        0.26065       -0.38270        1.00098        0.99731
0.060923        0.98587        0.98666        1.00081        1.46688        0.95684       -0.00893        0.26492       -0.38890        1.00101        0.99721
0.061914        0.98536        0.98619        1.00084        1.46730        0.95681       -0.00907        0.26927       -0.39519        1.00105        0.99712
0.062921        0.98485        0.98570        1.00086        1.46773        0.95678       -0.00923        0.27369       -0.40159        1.00108        0.99702
0.063945        0.98433        0.98521        1.00089        1.46817        0.95676       -0.00938        0.27817       -0.40809        1.00112        0.99692
0.064985        0.98380        0.98471        1.00092        1.46862        0.95673       -0.00953        0.28274       -0.41470        1.00116        0.99682
0.066042        0.98327        0.98420        1.00095        1.46907        0.95670       -0.00969        0.28737       -0.42142        1.00119        0.99672
0.067116        0.98272        0.98369        1.00098        1.46953        0.95667       -0.00985        0.29208       -0.42824        1.00123        0.99661
0.068208        0.98217        0.98316        1.00101        1.47000        0.95664       -0.01002        0.29687       -0.43518        1.00127        0.99651
0.069317        0.98160        0.98263        1.00105        1.47047        0.95661       -0.01018        0.30174       -0.44222        1.00131        0.99640
0.070445        0.98100        0.98206        1.00108        1.47098        0.95658       -0.01035        0.30669       -0.44938        1.00135        0.99628
0.071590        0.98033        0.98143        1.00112        1.47155        0.95655       -0.01052        0.31174       -0.45664        1.00140        0.99615
0.072755        0.97965        0.98078        1.00116        1.47213        0.95651       -0.01070        0.31686       -0.46403        1.00145        0.99602
0.073938        0.97896        0.98013        1.00119        1.47271        0.95647       -0.01088        0.32207       -0.47153        1.00150        0.99589
0.075141        0.97826        0.97946        1.00123        1.47331        0.95643       -0.01106        0.32737       -0.47915        1.00155        0.99576
0.076363        0.97754        0.97879        1.00127        1.47391        0.95640       -0.01124        0.33275       -0.48690        1.00160        0.99562
0.077605        0.97681        0.97810        1.00131        1.47453        0.95636       -0.01143        0.33822       -0.49477        1.00165        0.99548
0.078867        0.97608        0.97740        1.00136        1.47515        0.95632       -0.01162        0.34378       -0.50277        1.00170        0.99534
0.080150        0.97532        0.97669        1.00140        1.47579        0.95628       -0.01181        0.34943       -0.51090        1.00175        0.99519
0.081454        0.97446        0.97587        1.00145        1.47653        0.95623       -0.01201        0.35520       -0.51914        1.00181        0.99503
0.082779        0.97358        0.97504        1.00150        1.47727        0.95618       -0.01222        0.36106       -0.52752        1.00188        0.99486
0.084125        0.97269        0.97419        1.00155        1.47803        0.95614       -0.01242        0.36702       -0.53603        1.00194        0.99469
0.085493        0.97178        0.97334        1.00160        1.47880        0.95609       -0.01263        0.37307       -0.54468        1.00200        0.99451
0.086884        0.97086        0.97246        1.00165        1.47959        0.95604       -0.01284        0.37922       -0.55348        1.00207        0.99434
0.088297        0.96993        0.97158        1.00170        1.48038        0.95599       -0.01306        0.38548       -0.56241        1.00214        0.99416
0.089733        0.96898        0.97068        1.00175        1.48119        0.95593       -0.01328        0.39183       -0.57149        1.00220        0.99398
0.091193        0.96793        0.96968        1.00181        1.48209        0.95588       -0.01350        0.39831       -0.58070        1.00228        0.99378
0.092676        0.96683        0.96865        1.00188        1.48303        0.95582       -0.01373        0.40491       -0.59005        1.00236        0.99357
0.094183        0.96572        0.96759        1.00194        1.48398        0.95576       -0.01396        0.41161       -0.59955        1.00243        0.99335
0.095715        0.96459        0.96652        1.00200        1.48494        0.95569       -0.01420        0.41843       -0.60921        1.00252        0.99313
0.097272        0.96344        0.96543        1.00207        1.48593        0.95563       -0.01444        0.42535       -0.61902        1.00260        0.99291
0.098854        0.96227        0.96432        1.00213        1.48693        0.95557       -0.01468        0.43239       -0.62899        1.00268        0.99269
0.100462        0.96106        0.96317        1.00220        1.48797        0.95550       -0.01493        0.43955       -0.63912        1.00277        0.99246
0.102096        0.95973        0.96191        1.00228        1.48911        0.95542       -0.01519        0.44686       -0.64938        1.00286        0.99220
0.103757        0.95837        0.96063        1.00235        1.49027        0.95535       -0.01545        0.45428       -0.65982        1.00296        0.99194
0.105444        0.95700        0.95933        1.00243        1.49145        0.95527       -0.01571        0.46183       -0.67042        1.00306        0.99168
0.107159        0.95560        0.95800        1.00251        1.49265        0.95519       -0.01598        0.46951       -0.68119        1.00316        0.99141
0.108902        0.95418        0.95666        1.00259        1.49387        0.95511       -0.01625        0.47730       -0.69214        1.00326        0.99114
0.110674        0.95270        0.95525        1.00268        1.49515        0.95503       -0.01653        0.48524       -0.70326        1.00337        0.99085
0.112474        0.95110        0.95373        1.00277        1.49654        0.95494       -0.01681        0.49334       -0.71452        1.00348        0.99054
0.114303        0.94947        0.95218        1.00286        1.49795        0.95485       -0.01710        0.50158       -0.72597        1.00360        0.99023
0.116162        0.94781        0.95061        1.00296        1.49938        0.95475       -0.01740        0.50995       -0.73761        1.00372        0.98991
0.118052        0.94613        0.94902        1.00305        1.50083        0.95466       -0.01770        0.51845       -0.74943        1.00384        0.98959
0.119972        0.94443        0.94740        1.00315        1.50231        0.95456       -0.01800        0.52710       -0.76145        1.00397        0.98926
0.121923        0.94255        0.94562        1.00326        1.50394        0.95445       -0.01832        0.53594       -0.77362        1.00410        0.98890
0.123906        0.94064        0.94381        1.00337        1.50560        0.95434       -0.01864        0.54493       -0.78597        1.00424        0.98853
0.125922        0.93870        0.94196        1.00348        1.50729        0.95422       -0.01896        0.55406       -0.79854        1.00439        0.98816
0.127970        0.93672        0.94008        1.00359        1.50901        0.95411       -0.01929        0.56335       -0.81130        1.00453        0.98778
0.130051        0.93471        0.93818        1.00371        1.51076        0.95399       -0.01962        0.57278       -0.82427        1.00468        0.98739
0.132166        0.93252        0.93609        1.00383        1.51268        0.95386       -0.01997        0.58244       -0.83740        1.00484        0.98697
0.134316        0.93029        0.93397        1.00396        1.51463        0.95373       -0.02032        0.59225       -0.85073        1.00500        0.98654
0.136501        0.92802        0.93181        1.00409        1.51662        0.95359       -0.02068        0.60223       -0.86428        1.00517        0.98611
0.138721        0.92571        0.92962        1.00423        1.51864        0.95346       -0.02104        0.61237       -0.87806        1.00534        0.98566
0.140977        0.92330        0.92733        1.00437        1.52076        0.95331       -0.02141        0.62271       -0.89202        1.00552        0.98520
0.143270        0.92075        0.92491        1.00451        1.52300        0.95315       -0.02180        0.63326       -0.90618        1.00571        0.98471
0.145601        0.91816        0.92244        1.00466        1.52529        0.95300       -0.02218        0.64399       -0.92056        1.00590        0.98421
0.147969        0.91553        0.91994        1.00482        1.52761        0.95284       -0.02258        0.65489       -0.93517        1.00610        0.98370
0.150376        0.91283        0.91737        1.00498        1.52999        0.95267       -0.02298        0.66598       -0.95002        1.00630        0.98318
0.152821        0.90993        0.91461        1.00514        1.53256        0.95249       -0.02339        0.67734       -0.96503        1.00652        0.98262
0.155307        0.90698        0.91181        1.00532        1.53518        0.95230       -0.02382        0.68888       -0.98028        1.00674        0.98205
0.157833        0.90399        0.90896        1.00549        1.53783        0.95212       -0.02424        0.70061       -0.99578        1.00696        0.98148
0.160400        0.90093        0.90604        1.00567        1.54055        0.95192       -0.02468        0.71254       -1.01153        1.00719        0.98089
0.163009        0.89765        0.90291        1.00587        1.54348        0.95171       -0.02513        0.72476       -1.02744        1.00744        0.98025
0.165661        0.89432        0.89974        1.00606        1.54646        0.95150       -0.02559        0.73718       -1.04361        1.00770        0.97961
0.168355        0.89093        0.89651        1.00626        1.54948        0.95128       -0.02606        0.74981       -1.06004        1.00796        0.97896
0.171093        0.88742        0.89316        1.00647        1.55263        0.95105       -0.02653        0.76268       -1.07670        1.00822        0.97828
0.173876        0.88372        0.88963        1.00669        1.55595        0.95080       -0.02702        0.77585       -1.09356        1.00851        0.97756
0.176704        0.87996        0.88605        1.00691        1.55933        0.95055       -0.02752        0.78923       -1.11069        1.00880        0.97684
0.179578        0.87615        0.88241        1.00714        1.56276        0.95030       -0.02803        0.80282       -1.12810        1.00909        0.97610
0.182499        0.87210        0.87854        1.00738        1.56642        0.95002       -0.02855        0.81676       -1.14569        1.00941        0.97532
0.185468        0.86795        0.87457        1.00763        1.57017        0.94974       -0.02909        0.83094       -1.16354        1.00973        0.97451
0.188484        0.86373        0.87055        1.00789        1.57399        0.94945       -0.02963        0.84536       -1.18168        1.01006        0.97370
0.191550        0.85935        0.86635        1.00815        1.57797        0.94914       -0.03019        0.86009       -1.20004        1.01041        0.97285
0.194666        0.85478        0.86198        1.00843        1.58213        0.94881       -0.03076        0.87513       -1.21862        1.01077        0.97196
0.197832        0.85013        0.85754        1.00871        1.58635        0.94848       -0.03135        0.89043       -1.23751        1.01113        0.97106
0.201050        0.84535        0.85296        1.00900        1.59071        0.94814       -0.03194        0.90602       -1.25665        1.01152        0.97013
0.204320        0.84033        0.84815        1.00931        1.59530        0.94777       -0.03256        0.92199       -1.27599        1.01192        0.96916
0.207643        0.83523        0.84326        1.00962        1.59997        0.94739       -0.03318        0.93823       -1.29563        1.01233        0.96817
0.211020        0.82998        0.83823        1.00995        1.60477        0.94700       -0.03382        0.95477       -1.31555        1.01275        0.96715
0.214453        0.82448        0.83296        1.01029        1.60982        0.94658       -0.03448        0.97174       -1.33565        1.01320        0.96608
0.217941        0.81890        0.82760        1.01063        1.61495        0.94615       -0.03515        0.98897       -1.35607        1.01365        0.96499
0.221486        0.81313        0.82206        1.01099        1.62025        0.94571       -0.03584        1.00657       -1.37674        1.01413        0.96387
0.225088        0.80712        0.81629        1.01137        1.62578        0.94523       -0.03655        1.02459       -1.39762        1.01463        0.96270
0.228749        0.80102        0.81043        1.01175        1.63140        0.94474       -0.03727        1.04290       -1.41883        1.01513        0.96151
0.232470        0.79467        0.80432        1.01215        1.63725        0.94422       -0.03802        1.06165       -1.44023        1.01566        0.96027
0.236251        0.78812        0.79802        1.01257        1.64328        0.94368       -0.03878        1.08080       -1.46189        1.01622        0.95899
0.240093        0.78147        0.79162        1.01299        1.64941        0.94313       -0.03955        1.10026       -1.48390        1.01678        0.95769
0.243999        0.77447        0.78487        1.01344        1.65585        0.94252       -0.04035        1.12029       -1.50600        1.01738        0.95632
0.247967        0.76735        0.77801        1.01390        1.66240        0.94190       -0.04117        1.14065       -1.52845        1.01799        0.95492
0.252000        0.76000        0.77093        1.01437        1.66915        0.94125       -0.04201        1.16146       -1.55112        1.01862        0.95348
0.256099        0.75241        0.76359        1.01487        1.67612        0.94056       -0.04287        1.18277       -1.57399        1.01929        0.95198
0.260265        0.74468        0.75612        1.01537        1.68320        0.93986       -0.04375        1.20443       -1.59722        1.01996        0.95046
0.264498        0.73658        0.74829        1.01591        1.69056        0.93909       -0.04466        1.22673       -1.62050        1.02068        0.94887
0.268800        0.72835        0.74033        1.01645        1.69804        0.93831       -0.04559        1.24939       -1.64415        1.02142        0.94724
0.273172        0.71982        0.73207        1.01702        1.70573        0.93747       -0.04654        1.27264       -1.66791        1.02219        0.94556
0.277615        0.71107        0.72359        1.01761        1.71359        0.93660       -0.04751        1.29637       -1.69194        1.02298        0.94382
0.282131        0.70207        0.71485        1.01822        1.72160        0.93568       -0.04851        1.32063       -1.71617        1.02381        0.94204
0.286720        0.69278        0.70584        1.01885        1.72978        0.93471       -0.04953        1.34547       -1.74055        1.02467        0.94019
0.291383        0.68328        0.69660        1.01950        1.73809        0.93370       -0.05058        1.37082       -1.76519        1.02556        0.93830
0.296123        0.67345        0.68703        1.02019        1.74653        0.93262       -0.05165        1.39683       -1.78988        1.02649        0.93633
0.300939        0.66341        0.67727        1.02088        1.75508        0.93150       -0.05275        1.42333       -1.81488        1.02744        0.93433
0.305834        0.65302        0.66713        1.02162        1.76368        0.93029       -0.05387        1.45057       -1.83984        1.02845        0.93224
0.310808        0.64242        0.65679        1.02237        1.77238        0.92905       -0.05501        1.47831       -1.86511        1.02948        0.93011
0.315864        0.63145        0.64607        1.02316        1.78099        0.92771       -0.05618        1.50682       -1.89029        1.03057        0.92789
0.321001        0.62027        0.63513        1.02397        1.78967        0.92633       -0.05737        1.53587       -1.91575        1.03168        0.92562
0.326222        0.60872        0.62382        1.02482        1.79813        0.92484       -0.05858        1.56571       -1.94108        1.03286        0.92327
0.331528        0.59693        0.61226        1.02569        1.80655        0.92329       -0.05981        1.59614       -1.96662        1.03406        0.92087
0.336921        0.58479        0.60035        1.02661        1.81462        0.92164       -0.06105        1.62734       -1.99203        1.03533        0.91837
0.342401        0.57239        0.58815        1.02755        1.82242        0.91991       -0.06231        1.65921       -2.01752        1.03663        0.91582
0.347970        0.55967        0.57563        1.02853        1.82980        0.91808       -0.06358        1.69183       -2.04295        1.03799        0.91318
0.353630        0.54664        0.56279        1.02955        1.83649        0.91615       -0.06485        1.72519       -2.06824        1.03940        0.91046
0.359381        0.53335        0.54966        1.03059        1.84280        0.91414       -0.06612        1.75923       -2.09359        1.04086        0.90767
0.365227        0.51971        0.53618        1.03170        1.84771        0.91198       -0.06738        1.79411       -2.11850        1.04239        0.90478
0.371167        0.50583        0.52243        1.03283        1.85209        0.90974       -0.06863        1.82965       -2.14350        1.04396        0.90183
0.377204        0.49163        0.50835        1.03401        1.85472        0.90737       -0.06984        1.86599       -2.16802        1.04560        0.89877
0.383340        0.47718        0.49398        1.03524        1.85594        0.90489       -0.07102        1.90302       -2.19233        1.04730        0.89563
0.389575        0.46246        0.47934        1.03651        1.85585        0.90232       -0.07217        1.94076       -2.21648        1.04905        0.89241
0.395911        0.44750        0.46442        1.03784        1.85262        0.89960       -0.07321        1.97920       -2.23987        1.05088        0.88908
0.402351        0.43231        0.44926        1.03921        1.84762        0.89680       -0.07420        2.01828       -2.26306        1.05276        0.88566
0.408895        0.41692        0.43385        1.04064        1.83985        0.89389       -0.07508        2.05798       -2.28574        1.05470        0.88214
0.415546        0.40136        0.41826        1.04213        1.82800        0.89089       -0.07580        2.09819       -2.30762        1.05671        0.87851
0.422304        0.38564        0.40248        1.04367        1.81330        0.88783       -0.07641        2.13891       -2.32910        1.05877        0.87480
0.429173        0.36980        0.38653        1.04527        1.79462        0.88470       -0.07685        2.18007       -2.34989        1.06088        0.87097
0.436154        0.35394        0.37053        1.04693        1.77035        0.88155       -0.07703        2.22141       -2.36966        1.06306        0.86703
0.443248        0.33801        0.35445        1.04866        1.74197        0.87839       -0.07701        2.26301       -2.38881        1.06529        0.86298
0.450457        0.32206        0.33830        1.05044        1.70914        0.87525       -0.07679        2.30479       -2.40728        1.06756        0.85883
0.457784        0.30627        0.32229        1.05231        1.66934        0.87221       -0.07620        2.34626       -2.42447        1.06987        0.85455
0.465230        0.29061        0.30636        1.05424        1.62431        0.86928       -0.07533        2.38751       -2.44081        1.07222        0.85015
0.472797        0.27509        0.29056        1.05624        1.57424        0.86649       -0.07418        2.42846       -2.45630        1.07459        0.84564
0.480487        0.25977        0.27492        1.05831        1.51904        0.86387       -0.07273        2.46897       -2.47090        1.07698        0.84101
0.488302        0.24489        0.25969        1.06047        1.45770        0.86157       -0.07090        2.50840       -2.48423        1.07938        0.83624
0.496244        0.23037        0.24481        1.06270        1.39194        0.85957       -0.06877        2.54688       -2.49660        1.08178        0.83135
0.504316        0.21625        0.23030        1.06501        1.32244        0.85788       -0.06636        2.58434       -2.50807        1.08417        0.82633
0.512519        0.20257        0.21621        1.06739        1.24978        0.85653       -0.06371        2.62062       -2.51866        1.08654        0.82118
0.520855        0.18938        0.20261        1.06986        1.17466        0.85556       -0.06082        2.65555       -2.52837        1.08889        0.81589
0.529327        0.17682        0.18963        1.07241        1.09803        0.85503       -0.05773        2.68875       -2.53714        1.09120        0.81047
0.537936        0.16492        0.17729        1.07505        1.02109        0.85495       -0.05450        2.72015       -2.54505        1.09346        0.80490
0.546686        0.15360        0.16554        1.07778        0.94469        0.85527       -0.05118        2.74987       -2.55228        1.09567        0.79919
0.555578        0.14290        0.15440        1.08059        0.86958        0.85600       -0.04782        2.77785       -2.55885        1.09782        0.79333
0.564614        0.13281        0.14389        1.08348        0.79650        0.85711       -0.04444        2.80403       -2.56484        1.09992        0.78733
0.573798        0.12336        0.13402        1.08646        0.72607        0.85861       -0.04109        2.82841       -2.57029        1.10195        0.78119
0.583131        0.11452        0.12477        1.08953        0.65880        0.86047       -0.03781        2.85097       -2.57527        1.10392        0.77489
0.592615        0.10630        0.11614        1.09270        0.59509        0.86267       -0.03461        2.87174       -2.57983        1.10581        0.76843
0.602254        0.09866        0.10812        1.09595        0.53518        0.86519       -0.03153        2.89077       -2.58404        1.10764        0.76183
0.612050        0.09159        0.10068        1.09929        0.47923        0.86801       -0.02858        2.90810       -2.58794        1.10940        0.75506
0.622005        0.08507        0.09380        1.10272        0.42725        0.87110       -0.02576        2.92380       -2.59158        1.11109        0.74813
0.632122        0.07906        0.08745        1.10625        0.37921        0.87444       -0.02310        2.93795       -2.59500        1.11272        0.74105
0.642403        0.07353        0.08161        1.10988        0.33499        0.87803       -0.02058        2.95063       -2.59824        1.11428        0.73380
0.652852        0.06846        0.07623        1.11359        0.29443        0.88183       -0.01821        2.96192       -2.60134        1.11578        0.72639
0.663471        0.06381        0.07129        1.11741        0.25731        0.88584       -0.01599        2.97189       -2.60432        1.11723        0.71882
0.674262        0.05955        0.06677        1.12132        0.22343        0.89005       -0.01391        2.98063       -2.60722        1.11861        0.71107
0.685229        0.05566        0.06264        1.12533        0.19255        0.89445       -0.01196        2.98821       -2.61004        1.11994        0.70317
0.696374        0.05211        0.05886        1.12944        0.16443        0.89902       -0.01013        2.99471       -2.61281        1.12122        0.69509
0.707701        0.04888        0.05541        1.13366        0.13885        0.90376       -0.00842        3.00019       -2.61555        1.12245        0.68685
0.719212        0.04594        0.05228        1.13798        0.11557        0.90868       -0.00682        3.00472       -2.61826        1.12364        0.67845
0.730910        0.04329        0.04945        1.14240        0.09452        0.91376       -0.00533        3.00829       -2.62096        1.12477        0.66987
0.742798        0.04091        0.04692        1.14693        0.07549        0.91900       -0.00393        3.01097       -2.62366        1.12586        0.66112
0.754880        0.03876        0.04463        1.15158        0.05813        0.92441       -0.00262        3.01285       -2.62637        1.12691        0.65221
0.767158        0.03682        0.04257        1.15633        0.04225        0.92998       -0.00138        3.01398       -2.62909        1.12792        0.64314
0.779636        0.03508        0.04074        1.16120        0.02770        0.93571       -0.00021        3.01439       -2.63184        1.12889        0.63389
0.792317        0.03356        0.03914        1.16618        0.01449        0.94160        0.00089        3.01403       -2.63461        1.12982        0.62449
0.805204        0.03223        0.03775        1.17128        0.00232        0.94767        0.00194        3.01300       -2.63741        1.13070        0.61492
0.818301        0.03106        0.03654        1.17651       -0.00900        0.95389        0.00294        3.01132       -2.64024        1.13155        0.60519
0.831610        0.03006        0.03553        1.18185       -0.01952        0.96029        0.00390        3.00897       -2.64312        1.13236        0.59530
0.845137        0.02923        0.03471        1.18732       -0.02935        0.96687        0.00483        3.00595       -2.64602        1.13312        0.58526
0.858883        0.02856        0.03407        1.19292       -0.03872        0.97362        0.00573        3.00231       -2.64897        1.13384        0.57507
0.872853        0.02805        0.03362        1.19866       -0.04767        0.98055        0.00660        2.99796       -2.65196        1.13450        0.56473
0.887050        0.02770        0.03336        1.20452       -0.05637        0.98767        0.00747        2.99294       -2.65500        1.13512        0.55425
0.901478        0.02751        0.03330        1.21052       -0.06497        0.99498        0.00835        2.98721       -2.65807        1.13569        0.54363
0.916140        0.02750        0.03345        1.21666       -0.07359        1.00248        0.00923        2.98068       -2.66118        1.13618        0.53287
0.931041        0.02765        0.03382        1.22294       -0.08240        1.01018        0.01015        2.97337       -2.66433        1.13662        0.52198
0.946185        0.02802        0.03445        1.22937       -0.09162        1.01808        0.01111        2.96511       -2.66751        1.13696        0.51097
0.961575        0.02859        0.03533        1.23594       -0.10141        1.02619        0.01215        2.95589       -2.67073        1.13722        0.49984
0.977215        0.02940        0.03654        1.24266       -0.11207        1.03450        0.01328        2.94551       -2.67397        1.13736        0.48860
0.993109        0.03049        0.03810        1.24953       -0.12389        1.04301        0.01455        2.93384       -2.67722        1.13738        0.47726
1.009262        0.03188        0.04005        1.25655       -0.13719        1.05174        0.01599        2.92071       -2.68047        1.13724        0.46582
1.025678        0.03365        0.04253        1.26372       -0.15260        1.06067        0.01769        2.90572       -2.68370        1.13691        0.45430
1.042361        0.03585        0.04557        1.27104       -0.17048        1.06980        0.01968        2.88868       -2.68690        1.13635        0.44269
1.059315        0.03857        0.04931        1.27850       -0.19162        1.07912        0.02207        2.86912       -2.69002        1.13551        0.43102
1.076545        0.04196        0.05397        1.28612       -0.21715        1.08862        0.02501        2.84629       -2.69300        1.13430        0.41929
1.094055        0.04613        0.05969        1.29386       -0.24798        1.09827        0.02862        2.81966       -2.69579        1.13265        0.40750
1.111850        0.05126        0.06674        1.30174       -0.28554        1.10804        0.03309        2.78826       -2.69829        1.13043        0.39568
1.129934        0.05761        0.07546        1.30973       -0.33173        1.11789        0.03867        2.75081       -2.70034        1.12748        0.38383
1.148312        0.06557        0.08641        1.31782       -0.38941        1.12772        0.04576        2.70528       -2.70168        1.12354        0.37197
1.166990        0.07547        0.10008        1.32597       -0.46099        1.13742        0.05471        2.64976       -2.70199        1.11836        0.36010
1.185971        0.08783        0.11719        1.33416       -0.54984        1.14685        0.06600        2.58135       -2.70076        1.11155        0.34824
1.205261        0.10326        0.13862        1.34232       -0.65960        1.15575        0.08017        2.49630       -2.69718        1.10259        0.33640
1.224865        0.12247        0.16540        1.35039       -0.79366        1.16382        0.09779        2.38983       -2.69007        1.09085        0.32459
1.244787        0.14620        0.19859        1.35826       -0.95402        1.17065        0.11924        2.25611       -2.67766        1.07548        0.31283
1.265034        0.17503        0.23908        1.36583       -1.13949        1.17579        0.14456        2.08843       -2.65746        1.05553        0.30113
1.285610        0.20915        0.28716        1.37292       -1.34366        1.17887        0.17309        1.87974       -2.62622        1.02992        0.28951
1.306520        0.24789        0.34194        1.37934       -1.55355        1.17979        0.20326        1.62372       -2.58018        0.99764        0.27798
1.327771        0.28938        0.40077        1.38487       -1.75062        1.17889        0.23268        1.31612       -2.51572        0.95790        0.26655
1.349367        0.33025        0.45880        1.38925       -1.91432        1.17705        0.25851        0.95598       -2.43052        0.91031        0.25523
1.371315        0.36549        0.50883        1.39219       -2.02440        1.17555        0.27778        0.54550       -2.32444        0.85487        0.24405
1.393619        0.38934        0.54252        1.39345       -2.06561        1.17563        0.28802        0.09297       -2.20183        0.79246        0.23303
1.416287        0.39674        0.55260        1.39285       -2.02661        1.17803        0.28716       -0.38840       -2.07105        0.72474        0.22216
1.439323        0.38430        0.53428        1.39027       -1.89726        1.18263        0.27322       -0.88088       -1.94313        0.65409        0.21146
1.462733        0.35116        0.48658        1.38559       -1.67100        1.18805        0.24455       -1.35918       -1.83110        0.58402        0.20096
1.486525        0.30277        0.41753        1.37894       -1.36996        1.19172        0.20379       -1.79596       -1.74370        0.51869        0.19066
1.510703        0.24748        0.33919        1.37057       -1.03988        1.19119        0.15729       -2.16842       -1.68313        0.46171        0.18057
1.535275        0.19415        0.26421        1.36071       -0.73757        1.18526        0.11347       -2.46103       -1.64626        0.41573        0.17072
1.560246        0.14823        0.20008        1.34976       -0.49542        1.17499        0.07764       -2.68210       -1.62436        0.37994        0.16109
1.585624        0.11226        0.15021        1.33798       -0.32398        1.16162        0.05180       -2.83918       -1.61172        0.35349        0.15174
1.611414        0.08492        0.11258        1.32564       -0.20712        1.14655        0.03396       -2.95123       -1.60349        0.33373        0.14263
1.637624        0.06495        0.08528        1.31290       -0.13152        1.13051        0.02230       -3.02928       -1.59752        0.31910        0.13381
1.664260        0.05044        0.06557        1.29989       -0.08272        1.11397        0.01475       -3.08422       -1.59257        0.30800        0.12527
1.691330        0.03989        0.05132        1.28670       -0.05105        1.09716        0.00988       -3.12328       -1.58809        0.29936        0.11702
1.718839        0.03226        0.04109        1.27340       -0.03046        1.08023        0.00678       -3.15111       -1.58381        0.29246        0.10907
1.746796        0.02673        0.03369        1.26002       -0.01674        1.06328        0.00479       -3.17119       -1.57961        0.28678        0.10143
1.775208        0.02270        0.02830        1.24661       -0.00732        1.04634        0.00349       -3.18586       -1.57543        0.28194        0.09409
1.804082        0.01978        0.02439        1.23318       -0.00070        1.02947        0.00264       -3.19660       -1.57125        0.27772        0.08708
1.833425        0.01770        0.02159        1.21975        0.00403        1.01269        0.00207       -3.20442       -1.56706        0.27396        0.08038
1.863246        0.01628        0.01964        1.20633        0.00743        0.99603        0.00167       -3.20998       -1.56284        0.27055        0.07400
1.893552        0.01539        0.01836        1.19294        0.00983        0.97950        0.00137       -3.21371       -1.55860        0.26742        0.06794
1.924351        0.01497        0.01766        1.17959        0.01145        0.96311        0.00112       -3.21585       -1.55434        0.26454        0.06221
1.955651        0.01497        0.01746        1.16628        0.01243        0.94688        0.00089       -3.21649       -1.55005        0.26191        0.05679
1.987460        0.01541        0.01777        1.15302        0.01290        0.93082        0.00067       -3.21560       -1.54575        0.25953        0.05169
2.019786        0.01633        0.01861        1.13982        0.01298        0.91493        0.00043       -3.21303       -1.54143        0.25746        0.04690
2.052638        0.01782        0.02007        1.12670        0.01279        0.89923        0.00017       -3.20841       -1.53709        0.25577        0.04243
2.086024        0.02000        0.02228        1.11365        0.01247        0.88372       -0.00011       -3.20127       -1.53274        0.25458        0.03825
2.119953        0.02311        0.02543        1.10069        0.01216        0.86841       -0.00042       -3.19085       -1.52838        0.25406        0.03437
2.154435        0.02749        0.02990        1.08784        0.01201        0.85331       -0.00077       -3.17583       -1.52403        0.25454        0.03077
2.189477        0.03358        0.03611        1.07512        0.01214        0.83845       -0.00118       -3.15463       -1.51969        0.25638        0.02745
2.225089        0.04219        0.04483        1.06256        0.01272        0.82385       -0.00165       -3.12436       -1.51537        0.26027        0.02440
2.261280        0.05431        0.05703        1.05019        0.01386        0.80956       -0.00222       -3.08133       -1.51111        0.26713        0.02160
2.298060        0.07152        0.07424        1.03809        0.01572        0.79564       -0.00292       -3.01930       -1.50694        0.27848        0.01905
2.335438        0.09593        0.09845        1.02633        0.01842        0.78219       -0.00378       -2.92939       -1.50292        0.29654        0.01673
2.373424        0.13011        0.13206        1.01504        0.02202        0.76934       -0.00484       -2.79890       -1.49914        0.32457        0.01463
2.412028        0.17671        0.17749        1.00440        0.02643        0.75729       -0.00609       -2.60995       -1.49577        0.36719        0.01274
2.451260        0.23685        0.23559        0.99467        0.03123        0.74632       -0.00744       -2.34016       -1.49300        0.43039        0.01104
2.491130        0.30689        0.30265        0.98619        0.03546        0.73680       -0.00867       -1.96688       -1.49110        0.52053        0.00952
2.531648        0.37445        0.36673        0.97939        0.03760        0.72919       -0.00939       -1.47817       -1.49027        0.64155        0.00817
2.572826        0.41845        0.40786        0.97469        0.03616        0.72394       -0.00918       -0.88922       -1.49054        0.79068        0.00698
2.614673        0.41913        0.40757        0.97242        0.03082        0.72139       -0.00794       -0.25204       -1.49165        0.95536        0.00593
2.657201        0.37340        0.36319        0.97265        0.02307        0.72164       -0.00599        0.35790       -1.49326        1.11616        0.00501
2.700421        0.29845        0.29106        0.97523        0.01523        0.72449       -0.00394        0.87479       -1.49516        1.25524        0.00421
2.744343        0.21862        0.21420        0.97980        0.00899        0.72958       -0.00224        1.26623       -1.49733        1.36295        0.00352
2.788980        0.15047        0.14835        0.98591        0.00468        0.73640       -0.00097        1.53984       -1.49981        1.44017        0.00293
2.834343        0.09969        0.09901        0.99319        0.00190        0.74455       -0.00003        1.71786       -1.50259        1.49204        0.00242
2.880444        0.06457        0.06466        1.00134       -0.00001        0.75370        0.00078        1.82866       -1.50563        1.52572        0.00198
2.927295        0.04153        0.04195        1.01015       -0.00161        0.76362        0.00168        1.89379       -1.50887        1.54679        0.00162
2.974908        0.02670        0.02722        1.01947       -0.00335        0.77414        0.00288        1.93000       -1.51228        1.55974        0.00131
3.023295        0.01738        0.01788        1.02900       -0.00548        0.78490        0.00455        1.85149       -1.51573        1.53847        0.00000
3.072469        0.01150        0.01195        1.03862       -0.00836        0.79576        0.00694        1.85844       -1.51920        1.54286        0.00000
3.122443        0.00770        0.00807        1.04856       -0.01258        0.80696        0.01046        1.85830       -1.52277        1.54513        0.00000
3.173230        0.00522        0.00553        1.05879       -0.01864        0.81843        0.01555        1.85362       -1.52642        1.54600        0.00000
3.224842        0.00360        0.00385        1.06930       -0.02716        0.83011        0.02275        1.84598       -1.53016        1.54594        0.00000
3.277295        0.00252        0.00272        1.08006       -0.03890        0.84194        0.03273        1.83639       -1.53397        1.54523        0.00000
3.330600        0.00179        0.00196        1.09108       -0.05467        0.85386        0.04625        1.82548       -1.53787        1.54406        0.00000
3.384773        0.00130        0.00144        1.10233       -0.07543        0.86577        0.06416        1.81363       -1.54185        1.54254        0.00000
3.439826        0.00096        0.00107        1.11382       -0.10197        0.87762        0.08723        1.80112       -1.54591        1.54075        0.00000
3.495776        0.00073        0.00082        1.12554       -0.13517        0.88933        0.11632        1.78809       -1.55005        1.53874        0.00000
3.552635        0.00056        0.00064        1.13749       -0.17557        0.90084        0.15202        1.77464       -1.55427        1.53653        0.00000
3.610419        0.00044        0.00051        1.14966       -0.22358        0.91212        0.19480        1.76085       -1.55858        1.53413        0.00000
3.669142        0.00035        0.00041        1.16208       -0.27936        0.92315        0.24495        1.74675       -1.56298        1.53157        0.00000
3.728821        0.00029        0.00034        1.17476       -0.34269        0.93394        0.30243        1.73238       -1.56746        1.52884        0.00000
3.789471        0.00024        0.00029        1.18772       -0.41290        0.94454        0.36680        1.71774       -1.57203        1.52595        0.00000
3.851107        0.00020        0.00024        1.20100       -0.48819        0.95512        0.43660        1.70285       -1.57670        1.52289        0.00000
3.913746        0.00018        0.00021        1.21474       -0.56185        0.96631        0.50591        1.68771       -1.58145        1.51966        0.00000
3.977403        0.00017        0.00021        1.22914       -0.60185        0.98144        0.54464        1.68883       -1.58606        1.52814        0.00000
4.042096        0.00017        0.00021        1.24172       -0.63737        0.99931        0.57250        1.80192       -1.58933        1.61723        0.00000
4.107841        0.00017        0.00022        1.25451       -0.67347        1.01747        0.60081        1.91685       -1.59265        1.70777        0.00000
4.174655        0.00017        0.00022        1.26750       -0.71015        1.03592        0.62958        2.03364       -1.59602        1.79978        0.00000
4.242556        0.00017        0.00023        1.28070       -0.74743        1.05468        0.65881        2.15234       -1.59945        1.89329        0.00000
4.311562        0.00017        0.00023        1.29411       -0.78532        1.07374        0.68852        2.27297       -1.60294        1.98832        0.00000
4.381690        0.00018        0.00024        1.30775       -0.82382        1.09311        0.71872        2.39556       -1.60648        2.08490        0.00000
4.452959        0.00018        0.00024        1.32161       -0.86295        1.11279        0.74940        2.52015       -1.61007        2.18304        0.00000
4.525386        0.00018        0.00025        1.33569       -0.90272        1.13280        0.78059        2.64676       -1.61373        2.28278        0.00000
4.598992        0.00018        0.00025        1.35000       -0.94313        1.15313        0.81228        2.77543       -1.61745        2.38415        0.00000
4.673795        0.00018        0.00026        1.36454       -0.98420        1.17379        0.84449        2.90619       -1.62122        2.48716        0.00000
4.749815        0.00019        0.00027        1.37932       -1.02594        1.19479        0.87722        3.03908       -1.62506        2.59185        0.00000
4.827071        0.00019        0.00027        1.39434       -1.06836        1.21613        0.91049        3.17413       -1.62896        2.69825        0.00000
4.905584        0.00019        0.00028        1.40961       -1.11146        1.23781        0.94429        3.31138       -1.63293        2.80637        0.00000
4.985373        0.00019        0.00029        1.42512       -1.15527        1.25985        0.97865        3.45086       -1.63696        2.91625        0.00000
5.066461        0.00019        0.00029        1.44089       -1.19979        1.28225        1.01356        3.59261       -1.64105        3.02792        0.00000
5.148867        0.00020        0.00030        1.45691       -1.24504        1.30501        1.04904        3.73667       -1.64521        3.14140        0.00000
5.232614        0.00020        0.00030        1.47319       -1.29102        1.32814        1.08510        3.88306       -1.64944        3.25673        0.00000
5.317723        0.00020        0.00031        1.48974       -1.33775        1.35165        1.12175        4.03184       -1.65373        3.37394        0.00000
5.404216        0.00020        0.00032        1.50656       -1.38524        1.37554        1.15899        4.18304       -1.65810        3.49305        0.00000
5.492116        0.00020        0.00033        1.52365       -1.43350        1.39982        1.19684        4.33670       -1.66254        3.61410        0.00000
5.581446        0.00021        0.00033        1.54101       -1.48254        1.42449        1.23530        4.49286       -1.66705        3.73712        0.00000
5.672229        0.00021        0.00034        1.55867       -1.53239        1.44957        1.27439        4.65156       -1.67163        3.86214        0.00000
5.764488        0.00021        0.00035        1.57660       -1.58304        1.47505        1.31411        4.81283       -1.67629        3.98920        0.00000
5.858248        0.00021        0.00035        1.59483       -1.63452        1.50095        1.35448        4.97674       -1.68103        4.11832        0.00000
5.953533        0.00022        0.00036        1.61336       -1.68683        1.52726        1.39551        5.14330       -1.68584        4.24954        0.00000
6.050368        0.00022        0.00037        1.63219       -1.74000        1.55401        1.43720        5.31258       -1.69073        4.38289        0.00000
6.148778        0.00022        0.00038        1.65132       -1.79403        1.58119        1.47958        5.48461       -1.69569        4.51841        0.00000
6.248788        0.00022        0.00039        1.67076       -1.84894        1.60882        1.52264        5.65944       -1.70074        4.65614        0.00000
6.350425        0.00023        0.00039        1.69053       -1.90475        1.63689        1.56640        5.83711       -1.70587        4.79611        0.00000
6.453715        0.00023        0.00040        1.71061       -1.96146        1.66542        1.61088        6.01767       -1.71109        4.93836        0.00000
6.558686        0.00023        0.00041        1.73102       -2.01909        1.69441        1.65607        6.20117       -1.71639        5.08291        0.00000
6.665363        0.00023        0.00042        1.75176       -2.07766        1.72388        1.70200        6.38766       -1.72178        5.22982        0.00000
6.773776        0.00024        0.00043        1.77284       -2.13718        1.75382        1.74868        6.57717       -1.72725        5.37912        0.00000
6.883952        0.00024        0.00044        1.79426       -2.19768        1.78426        1.79612        6.76977       -1.73281        5.53085        0.00000
6.995920        0.00024        0.00045        1.81603       -2.25915        1.81518        1.84433        6.96550       -1.73846        5.68504        0.00000
7.109709        0.00025        0.00045        1.83815       -2.32163        1.84661        1.89333        7.16442       -1.74421        5.84175        0.00000
7.225349        0.00025        0.00046        1.86063       -2.38512        1.87855        1.94312        7.36657       -1.75005        6.00100        0.00000
7.342870        0.00014        0.00028        1.93678       -4.34333        1.95046        3.53919        7.51229       -1.76752        6.12134        0.00000
7.462303        0.00007        0.00015        2.26444      -10.62081        2.33305        8.69465        7.43248       -1.83315        6.08452        0.00000
7.583678        0.00004        0.00012        2.70589      -17.74440        2.92901       14.59345        7.35063       -1.90846        6.04532        0.00000
7.707027        0.00003        0.00011        3.32713      -27.86387        3.85657       23.02083        7.26629       -1.99523        6.00332        0.00000
7.832383        0.00002        0.00010        4.25510      -44.05387        5.39988       36.56179        7.17918       -2.09351        5.95822        0.00000
7.959777        0.00002        0.00010        5.76194      -73.43880        8.26068       61.22105        7.09064       -2.19411        5.91098        0.00000
8.089243        0.00001        0.00011        8.55310     -137.53761       14.66802      115.15085        7.01239       -2.23426        5.87098        0.00000
