x               rho            P              T              ur             uphi           uz             Br             Bphi           Bz             m
0.010000        0.99999        1.00001        1.00001        0.71584        0.97771       -0.00071        0.02972       -0.06337        1.00002        0.99999
0.010163        0.99999        1.00001        1.00002        0.71584        0.97771       -0.00073        0.03020       -0.06440        1.00002        0.99999
0.010328        0.99998        1.00000        1.00002        0.71584        0.97771       -0.00074        0.03069       -0.06545        1.00002        0.99999
0.010496        0.99997        0.99999        1.00002        0.71584        0.97771       -0.00075        0.03119       -0.06652        1.00002        0.99999
0.010667        0.99996        0.99998        1.00002        0.71584        0.97771       -0.00076        0.03170       -0.06760        1.00002        0.99999
0.010840        0.99995        0.99997        1.00002        0.71584        0.97771       -0.00077        0.03222       -0.06870        1.00002        0.99999
0.011016        0.99994        0.99996        1.00002        0.71584        0.97771       -0.00079        0.03274       -0.06981        1.00002        0.99999
0.011196        0.99993        0.99995        1.00002        0.71584        0.97771       -0.00080        0.03327       -0.07095        1.00003        0.99999
0.011378        0.99992        0.99994        1.00002        0.71584        0.97771       -0.00081        0.03381       -0.07210        1.00003        0.99999
0.011563        0.99991        0.99993        1.00002        0.71584        0.97771       -0.00083        0.03436       -0.07328        1.00003        0.99999
0.011751        0.99990        0.99992        1.00002        0.71585        0.97771       -0.00084        0.03492       -0.07447        1.00003        0.99999
0.011942        0.99989        0.99991        1.00002        0.71585        0.97771       -0.00085        0.03549       -0.07568        1.00003        0.99999
0.012136        0.99988        0.99990        1.00002        0.71585        0.97771       -0.00087        0.03607       -0.07691        1.00003        0.99999
0.012334        0.99986        0.99989        1.00003        0.71585        0.97771       -0.00088        0.03665       -0.07816        1.00003        0.99999
0.012534        0.99985        0.99988        1.00003        0.71585        0.97771       -0.00089        0.03725       -0.07943        1.00003        0.99999
0.012738        0.99984        0.99987        1.00003        0.71585        0.97771       -0.00091        0.03786       -0.08072        1.00003        0.99999
0.012945        0.99983        0.99986        1.00003        0.71585        0.97771       -0.00092        0.03847       -0.08203        1.00003        0.99999
0.013156        0.99982        0.99985        1.00003        0.71585        0.97771       -0.00094        0.03910       -0.08337        1.00004        0.99999
0.013370        0.99980        0.99983        1.00003        0.71585        0.97771       -0.00095        0.03973       -0.08472        1.00004        0.99999
0.013587        0.99979        0.99982        1.00003        0.71586        0.97771       -0.00097        0.04038       -0.08610        1.00004        0.99999
0.013808        0.99978        0.99981        1.00003        0.71586        0.97771       -0.00099        0.04104       -0.08750        1.00004        0.99999
0.014033        0.99977        0.99980        1.00003        0.71586        0.97771       -0.00100        0.04170       -0.08893        1.00004        0.99999
0.014261        0.99975        0.99979        1.00003        0.71586        0.97771       -0.00102        0.04238       -0.09037        1.00004        0.99999
0.014493        0.99974        0.99977        1.00003        0.71586        0.97771       -0.00103        0.04307       -0.09184        1.00004        0.99999
0.014729        0.99973        0.99976        1.00004        0.71586        0.97771       -0.00105        0.04377       -0.09333        1.00004        0.99999
0.014968        0.99971        0.99975        1.00004        0.71586        0.97771       -0.00107        0.04448       -0.09485        1.00005        0.99999
0.015212        0.99970        0.99974        1.00004        0.71586        0.97771       -0.00109        0.04521       -0.09639        1.00005        0.99999
0.015459        0.99968        0.99972        1.00004        0.71587        0.97770       -0.00110        0.04594       -0.09796        1.00005        0.99999
0.015711        0.99967        0.99971        1.00004        0.71587        0.97770       -0.00112        0.04669       -0.09956        1.00005        0.99999
0.015966        0.99965        0.99969        1.00004        0.71587        0.97770       -0.00114        0.04745       -0.10117        1.00005        0.99999
0.016226        0.99964        0.99968        1.00004        0.71587        0.97770       -0.00116        0.04822       -0.10282        1.00005        0.99999
0.016490        0.99962        0.99967        1.00004        0.71587        0.97770       -0.00118        0.04901       -0.10449        1.00005        0.99999
0.016758        0.99961        0.99965        1.00004        0.71587        0.97770       -0.00120        0.04980       -0.10619        1.00006        0.99998
0.017031        0.99959        0.99964        1.00005        0.71587        0.97770       -0.00122        0.05061       -0.10792        1.00006        0.99998
0.017308        0.99957        0.99962        1.00005        0.71588        0.97770       -0.00124        0.05144       -0.10967        1.00006        0.99998
0.017589        0.99956        0.99961        1.00005        0.71588        0.97770       -0.00126        0.05227       -0.11146        1.00006        0.99998
0.017875        0.99954        0.99959        1.00005        0.71588        0.97770       -0.00128        0.05312       -0.11327        1.00006        0.99998
0.018166        0.99952        0.99958        1.00005        0.71588        0.97770       -0.00130        0.05399       -0.11511        1.00006        0.99998
0.018461        0.99951        0.99956        1.00005        0.71588        0.97770       -0.00132        0.05486       -0.11698        1.00007        0.99998
0.018762        0.99949        0.99954        1.00005        0.71588        0.97770       -0.00134        0.05576       -0.11889        1.00007        0.99998
0.019067        0.99947        0.99953        1.00006        0.71589        0.97770       -0.00136        0.05666       -0.12082        1.00007        0.99998
0.019377        0.99945        0.99951        1.00006        0.71589        0.97770       -0.00138        0.05759       -0.12278        1.00007        0.99998
0.019692        0.99944        0.99949        1.00006        0.71589        0.97770       -0.00141        0.05852       -0.12478        1.00007        0.99998
0.020012        0.99942        0.99948        1.00006        0.71589        0.97770       -0.00143        0.05947       -0.12681        1.00007        0.99998
0.020338        0.99939        0.99945        1.00006        0.71589        0.97770       -0.00145        0.06044       -0.12887        1.00008        0.99998
0.020669        0.99936        0.99942        1.00006        0.71590        0.97770       -0.00148        0.06142       -0.13097        1.00008        0.99998
0.021005        0.99932        0.99939        1.00007        0.71590        0.97770       -0.00150        0.06242       -0.13309        1.00008        0.99998
0.021347        0.99929        0.99936        1.00007        0.71590        0.97770       -0.00152        0.06344       -0.13526        1.00009        0.99998
0.021694        0.99926        0.99933        1.00007        0.71591        0.97770       -0.00155        0.06447       -0.13746        1.00009        0.99998
0.022047        0.99922        0.99929        1.00007        0.71591        0.97770       -0.00157        0.06552       -0.13969        1.00009        0.99997
0.022405        0.99919        0.99926        1.00008        0.71591        0.97770       -0.00160        0.06659       -0.14196        1.00010        0.99997
0.022770        0.99915        0.99923        1.00008        0.71592        0.97770       -0.00163        0.06767       -0.14427        1.00010        0.99997
0.023140        0.99911        0.99920        1.00008        0.71592        0.97770       -0.00165        0.06877       -0.14661        1.00010        0.99997
0.023516        0.99908        0.99916        1.00009        0.71593        0.97770       -0.00168        0.06989       -0.14900        1.00011        0.99997
0.023899        0.99904        0.99913        1.00009        0.71593        0.97770       -0.00171        0.07102       -0.15142        1.00011        0.99997
0.024288        0.99900        0.99909        1.00009        0.71593        0.97770       -0.00173        0.07218       -0.15388        1.00011        0.99997
0.024683        0.99896        0.99905        1.00009        0.71594        0.97770       -0.00176        0.07335       -0.15638        1.00012        0.99997
0.025084        0.99892        0.99902        1.00010        0.71594        0.97769       -0.00179        0.07455       -0.15892        1.00012        0.99997
0.025492        0.99888        0.99898        1.00010        0.71595        0.97769       -0.00182        0.07576       -0.16151        1.00013        0.99997
0.025907        0.99884        0.99894        1.00010        0.71595        0.97769       -0.00185        0.07699       -0.16413        1.00013        0.99997
0.026328        0.99880        0.99891        1.00011        0.71595        0.97769       -0.00188        0.07824       -0.16680        1.00013        0.99996
0.026756        0.99876        0.99887        1.00011        0.71596        0.97769       -0.00191        0.07952       -0.16951        1.00014        0.99996
0.027192        0.99871        0.99883        1.00011        0.71596        0.97769       -0.00194        0.08081       -0.17227        1.00014        0.99996
0.027634        0.99867        0.99879        1.00012        0.71597        0.97769       -0.00197        0.08212       -0.17507        1.00015        0.99996
0.028083        0.99863        0.99875        1.00012        0.71597        0.97769       -0.00201        0.08346       -0.17791        1.00015        0.99996
0.028540        0.99858        0.99870        1.00012        0.71598        0.97769       -0.00204        0.08482       -0.18080        1.00015        0.99996
0.029004        0.99854        0.99866        1.00013        0.71598        0.97769       -0.00207        0.08620       -0.18374        1.00016        0.99996
0.029476        0.99849        0.99862        1.00013        0.71599        0.97769       -0.00210        0.08760       -0.18673        1.00016        0.99996
0.029955        0.99844        0.99857        1.00013        0.71599        0.97769       -0.00214        0.08902       -0.18977        1.00017        0.99996
0.030443        0.99838        0.99852        1.00014        0.71600        0.97769       -0.00217        0.09047       -0.19285        1.00017        0.99995
0.030938        0.99831        0.99845        1.00014        0.71600        0.97769       -0.00221        0.09194       -0.19598        1.00018        0.99995
0.031441        0.99824        0.99839        1.00015        0.71601        0.97769       -0.00225        0.09344       -0.19916        1.00019        0.99995
0.031952        0.99817        0.99833        1.00015        0.71602        0.97769       -0.00228        0.09496       -0.20240        1.00019        0.99995
0.032472        0.99810        0.99826        1.00016        0.71603        0.97768       -0.00232        0.09650       -0.20569        1.00020        0.99995
0.033000        0.99803        0.99819        1.00017        0.71603        0.97768       -0.00236        0.09807       -0.20903        1.00021        0.99994
0.033537        0.99795        0.99812        1.00017        0.71604        0.97768       -0.00240        0.09967       -0.21242        1.00021        0.99994
0.034083        0.99788        0.99805        1.00018        0.71605        0.97768       -0.00243        0.10129       -0.21588        1.00022        0.99994
0.034637        0.99780        0.99798        1.00018        0.71606        0.97768       -0.00247        0.10294       -0.21938        1.00023        0.99994
0.035200        0.99772        0.99791        1.00019        0.71606        0.97768       -0.00251        0.10461       -0.22295        1.00023        0.99994
0.035773        0.99765        0.99784        1.00019        0.71607        0.97768       -0.00255        0.10632       -0.22657        1.00024        0.99993
0.036355        0.99757        0.99777        1.00020        0.71608        0.97768       -0.00260        0.10805       -0.23025        1.00025        0.99993
0.036946        0.99748        0.99769        1.00021        0.71609        0.97768       -0.00264        0.10980       -0.23399        1.00026        0.99993
0.037547        0.99740        0.99761        1.00021        0.71610        0.97768       -0.00268        0.11159       -0.23779        1.00026        0.99993
0.038158        0.99732        0.99754        1.00022        0.71611        0.97767       -0.00273        0.11340       -0.24165        1.00027        0.99993
0.038778        0.99723        0.99746        1.00023        0.71611        0.97767       -0.00277        0.11525       -0.24558        1.00028        0.99992
0.039409        0.99714        0.99738        1.00023        0.71612        0.97767       -0.00281        0.11712       -0.24957        1.00029        0.99992
0.040050        0.99706        0.99729        1.00024        0.71613        0.97767       -0.00286        0.11903       -0.25362        1.00030        0.99992
0.040701        0.99694        0.99719        1.00025        0.71614        0.97767       -0.00291        0.12097       -0.25774        1.00031        0.99992
0.041363        0.99683        0.99708        1.00026        0.71616        0.97767       -0.00295        0.12293       -0.26192        1.00032        0.99991
0.042036        0.99671        0.99697        1.00026        0.71617        0.97767       -0.00300        0.12493       -0.26617        1.00033        0.99991
0.042720        0.99659        0.99686        1.00027        0.71618        0.97766       -0.00305        0.12697       -0.27049        1.00034        0.99991
0.043415        0.99646        0.99675        1.00028        0.71619        0.97766       -0.00310        0.12903       -0.27488        1.00035        0.99990
0.044121        0.99634        0.99663        1.00029        0.71621        0.97766       -0.00315        0.13113       -0.27935        1.00037        0.99990
0.044839        0.99621        0.99651        1.00030        0.71622        0.97766       -0.00320        0.13326       -0.28388        1.00038        0.99990
0.045568        0.99608        0.99639        1.00031        0.71623        0.97766       -0.00326        0.13543       -0.28849        1.00039        0.99989
0.046309        0.99595        0.99627        1.00032        0.71625        0.97766       -0.00331        0.13764       -0.29317        1.00040        0.99989
0.047062        0.99582        0.99615        1.00033        0.71626        0.97765       -0.00336        0.13988       -0.29793        1.00041        0.99989
0.047828        0.99568        0.99603        1.00034        0.71627        0.97765       -0.00342        0.14215       -0.30277        1.00043        0.99988
0.048606        0.99555        0.99590        1.00035        0.71629        0.97765       -0.00347        0.14446       -0.30768        1.00044        0.99988
0.049396        0.99541        0.99577        1.00036        0.71630        0.97765       -0.00353        0.14681       -0.31268        1.00045        0.99988
0.050200        0.99526        0.99563        1.00037        0.71632        0.97765       -0.00359        0.14920       -0.31775        1.00047        0.99987
0.051016        0.99509        0.99547        1.00039        0.71633        0.97764       -0.00364        0.15163       -0.32290        1.00048        0.99987
0.051846        0.99491        0.99531        1.00040        0.71635        0.97764       -0.00370        0.15410       -0.32814        1.00050        0.99986
0.052689        0.99472        0.99514        1.00042        0.71637        0.97764       -0.00376        0.15660       -0.33346        1.00052        0.99986
0.053546        0.99454        0.99497        1.00043        0.71639        0.97764       -0.00383        0.15915       -0.33886        1.00054        0.99986
0.054417        0.99435        0.99479        1.00044        0.71641        0.97764       -0.00389        0.16174       -0.34436        1.00055        0.99985
0.055302        0.99416        0.99462        1.00046        0.71643        0.97763       -0.00395        0.16437       -0.34994        1.00057        0.99985
0.056202        0.99397        0.99444        1.00047        0.71645        0.97763       -0.00402        0.16705       -0.35562        1.00059        0.99984
0.057116        0.99377        0.99426        1.00049        0.71647        0.97763       -0.00408        0.16977       -0.36138        1.00061        0.99984
0.058045        0.99357        0.99407        1.00050        0.71649        0.97763       -0.00415        0.17253       -0.36725        1.00063        0.99983
0.058989        0.99337        0.99388        1.00052        0.71651        0.97762       -0.00422        0.17534       -0.37320        1.00065        0.99983
0.059948        0.99316        0.99369        1.00053        0.71653        0.97762       -0.00428        0.17819       -0.37925        1.00067        0.99982
0.060923        0.99292        0.99347        1.00055        0.71655        0.97762       -0.00435        0.18109       -0.38540        1.00069        0.99981
0.061914        0.99267        0.99323        1.00057        0.71658        0.97761       -0.00443        0.18404       -0.39164        1.00071        0.99981
0.062921        0.99241        0.99300        1.00059        0.71660        0.97761       -0.00450        0.18703       -0.39798        1.00074        0.99980
0.063945        0.99215        0.99276        1.00061        0.71663        0.97761       -0.00457        0.19008       -0.40442        1.00076        0.99979
0.064985        0.99189        0.99251        1.00063        0.71666        0.97760       -0.00465        0.19317       -0.41097        1.00079        0.99979
0.066042        0.99162        0.99226        1.00065        0.71668        0.97760       -0.00472        0.19631       -0.41763        1.00081        0.99978
0.067116        0.99135        0.99201        1.00067        0.71671        0.97760       -0.00480        0.19951       -0.42439        1.00084        0.99977
0.068208        0.99107        0.99176        1.00069        0.71674        0.97759       -0.00488        0.20275       -0.43127        1.00087        0.99977
0.069317        0.99079        0.99149        1.00072        0.71677        0.97759       -0.00496        0.20605       -0.43825        1.00089        0.99976
0.070445        0.99049        0.99122        1.00074        0.71680        0.97758       -0.00504        0.20941       -0.44535        1.00092        0.99975
0.071590        0.99015        0.99091        1.00076        0.71683        0.97758       -0.00512        0.21282       -0.45255        1.00095        0.99974
0.072755        0.98981        0.99059        1.00079        0.71686        0.97758       -0.00520        0.21628       -0.45986        1.00099        0.99973
0.073938        0.98947        0.99027        1.00082        0.71690        0.97757       -0.00529        0.21980       -0.46730        1.00102        0.99973
0.075141        0.98911        0.98995        1.00084        0.71693        0.97757       -0.00537        0.22338       -0.47486        1.00105        0.99972
0.076363        0.98876        0.98962        1.00087        0.71697        0.97756       -0.00546        0.22701       -0.48254        1.00109        0.99971
0.077605        0.98839        0.98928        1.00090        0.71701        0.97756       -0.00555        0.23071       -0.49034        1.00112        0.99970
0.078867        0.98802        0.98894        1.00093        0.71704        0.97755       -0.00564        0.23447       -0.49827        1.00116        0.99969
0.080150        0.98765        0.98859        1.00096        0.71708        0.97755       -0.00573        0.23828       -0.50633        1.00119        0.99968
0.081454        0.98722        0.98819        1.00099        0.71712        0.97754       -0.00583        0.24216       -0.51450        1.00123        0.99967
0.082779        0.98678        0.98779        1.00102        0.71717        0.97754       -0.00592        0.24610       -0.52281        1.00128        0.99966
0.084125        0.98633        0.98738        1.00106        0.71721        0.97753       -0.00602        0.25011       -0.53125        1.00132        0.99965
0.085493        0.98588        0.98696        1.00109        0.71725        0.97752       -0.00612        0.25418       -0.53983        1.00136        0.99963
0.086884        0.98542        0.98653        1.00113        0.71730        0.97752       -0.00622        0.25832       -0.54854        1.00141        0.99962
0.088297        0.98496        0.98610        1.00116        0.71734        0.97751       -0.00632        0.26253       -0.55740        1.00145        0.99961
0.089733        0.98448        0.98566        1.00120        0.71739        0.97751       -0.00642        0.26680       -0.56640        1.00150        0.99960
0.091193        0.98396        0.98518        1.00124        0.71744        0.97750       -0.00653        0.27114       -0.57553        1.00155        0.99958
0.092676        0.98341        0.98467        1.00128        0.71750        0.97749       -0.00663        0.27556       -0.58480        1.00160        0.99957
0.094183        0.98286        0.98416        1.00132        0.71755        0.97748       -0.00674        0.28005       -0.59423        1.00165        0.99956
0.095715        0.98230        0.98364        1.00137        0.71760        0.97748       -0.00685        0.28461       -0.60380        1.00171        0.99954
0.097272        0.98172        0.98311        1.00141        0.71766        0.97747       -0.00696        0.28924       -0.61353        1.00176        0.99953
0.098854        0.98114        0.98257        1.00146        0.71772        0.97746       -0.00708        0.29395       -0.62342        1.00182        0.99951
0.100462        0.98054        0.98201        1.00150        0.71777        0.97745       -0.00719        0.29874       -0.63347        1.00188        0.99950
0.102096        0.97987        0.98140        1.00155        0.71784        0.97744       -0.00731        0.30361       -0.64365        1.00194        0.99948
0.103757        0.97920        0.98077        1.00161        0.71790        0.97744       -0.00743        0.30855       -0.65400        1.00200        0.99946
0.105444        0.97852        0.98014        1.00166        0.71797        0.97743       -0.00755        0.31358       -0.66452        1.00207        0.99944
0.107159        0.97782        0.97950        1.00171        0.71803        0.97742       -0.00767        0.31869       -0.67520        1.00214        0.99942
0.108902        0.97712        0.97884        1.00177        0.71810        0.97741       -0.00780        0.32388       -0.68607        1.00220        0.99941
0.110674        0.97638        0.97816        1.00182        0.71817        0.97740       -0.00793        0.32915       -0.69709        1.00228        0.99939
0.112474        0.97558        0.97742        1.00189        0.71825        0.97739       -0.00806        0.33451       -0.70827        1.00235        0.99937
0.114303        0.97478        0.97668        1.00195        0.71832        0.97738       -0.00819        0.33996       -0.71963        1.00243        0.99935
0.116162        0.97395        0.97592        1.00201        0.71840        0.97737       -0.00832        0.34550       -0.73118        1.00251        0.99932
0.118052        0.97312        0.97514        1.00208        0.71848        0.97735       -0.00846        0.35113       -0.74292        1.00259        0.99930
0.119972        0.97227        0.97436        1.00214        0.71856        0.97734       -0.00860        0.35685       -0.75484        1.00267        0.99928
0.121923        0.97134        0.97350        1.00222        0.71864        0.97733       -0.00874        0.36267       -0.76692        1.00276        0.99926
0.123906        0.97040        0.97262        1.00229        0.71873        0.97732       -0.00888        0.36858       -0.77919        1.00286        0.99923
0.125922        0.96943        0.97173        1.00237        0.71882        0.97730       -0.00903        0.37459       -0.79166        1.00295        0.99921
0.127970        0.96845        0.97082        1.00244        0.71891        0.97729       -0.00918        0.38069       -0.80433        1.00305        0.99918
0.130051        0.96746        0.96990        1.00252        0.71900        0.97728       -0.00933        0.38689       -0.81721        1.00314        0.99915
0.132166        0.96637        0.96889        1.00261        0.71910        0.97726       -0.00948        0.39320       -0.83025        1.00325        0.99913
0.134316        0.96527        0.96787        1.00269        0.71920        0.97725       -0.00963        0.39961       -0.84350        1.00336        0.99910
0.136501        0.96415        0.96683        1.00278        0.71930        0.97723       -0.00979        0.40613       -0.85696        1.00347        0.99907
0.138721        0.96301        0.96577        1.00287        0.71940        0.97722       -0.00995        0.41275       -0.87064        1.00358        0.99904
0.140977        0.96182        0.96467        1.00296        0.71951        0.97720       -0.01012        0.41948       -0.88452        1.00370        0.99901
0.143270        0.96056        0.96350        1.00306        0.71962        0.97718       -0.01028        0.42632       -0.89859        1.00382        0.99897
0.145601        0.95928        0.96232        1.00316        0.71973        0.97717       -0.01045        0.43327       -0.91289        1.00395        0.99894
0.147969        0.95798        0.96111        1.00327        0.71984        0.97715       -0.01062        0.44033       -0.92742        1.00407        0.99891
0.150376        0.95665        0.95988        1.00337        0.71996        0.97713       -0.01080        0.44751       -0.94218        1.00420        0.99887
0.152821        0.95522        0.95855        1.00349        0.72008        0.97711       -0.01098        0.45481       -0.95711        1.00435        0.99883
0.155307        0.95377        0.95721        1.00360        0.72021        0.97709       -0.01116        0.46223       -0.97229        1.00449        0.99879
0.157833        0.95230        0.95584        1.00372        0.72033        0.97707       -0.01134        0.46977       -0.98772        1.00463        0.99875
0.160400        0.95079        0.95444        1.00384        0.72046        0.97705       -0.01153        0.47743       -1.00339        1.00478        0.99871
0.163009        0.94918        0.95295        1.00397        0.72059        0.97703       -0.01172        0.48522       -1.01924        1.00494        0.99867
0.165661        0.94754        0.95143        1.00410        0.72073        0.97700       -0.01191        0.49314       -1.03535        1.00511        0.99863
0.168355        0.94588        0.94989        1.00423        0.72087        0.97698       -0.01210        0.50118       -1.05172        1.00527        0.99858
0.171093        0.94416        0.94829        1.00437        0.72101        0.97696       -0.01230        0.50936       -1.06832        1.00545        0.99854
0.173876        0.94235        0.94660        1.00452        0.72115        0.97693       -0.01251        0.51767       -1.08514        1.00563        0.99849
0.176704        0.94051        0.94490        1.00467        0.72130        0.97691       -0.01271        0.52612       -1.10223        1.00581        0.99844
0.179578        0.93864        0.94316        1.00482        0.72144        0.97688       -0.01292        0.53471       -1.11960        1.00600        0.99839
0.182499        0.93666        0.94132        1.00498        0.72160        0.97685       -0.01313        0.54344       -1.13717        1.00620        0.99834
0.185468        0.93463        0.93944        1.00514        0.72175        0.97682       -0.01335        0.55231       -1.15500        1.00640        0.99828
0.188484        0.93257        0.93753        1.00531        0.72191        0.97679       -0.01357        0.56132       -1.17313        1.00661        0.99822
0.191550        0.93043        0.93554        1.00549        0.72207        0.97676       -0.01379        0.57049       -1.19150        1.00683        0.99817
0.194666        0.92821        0.93347        1.00567        0.72223        0.97673       -0.01402        0.57980       -1.21010        1.00706        0.99811
0.197832        0.92595        0.93137        1.00585        0.72239        0.97670       -0.01425        0.58927       -1.22901        1.00729        0.99804
0.201050        0.92362        0.92920        1.00605        0.72256        0.97667       -0.01449        0.59889       -1.24819        1.00752        0.99798
0.204320        0.92118        0.92693        1.00625        0.72272        0.97663       -0.01473        0.60867       -1.26759        1.00777        0.99791
0.207643        0.91870        0.92463        1.00645        0.72289        0.97660       -0.01497        0.61861       -1.28731        1.00803        0.99785
0.211020        0.91615        0.92226        1.00667        0.72307        0.97656       -0.01522        0.62872       -1.30731        1.00829        0.99778
0.214453        0.91349        0.91978        1.00689        0.72324        0.97652       -0.01547        0.63899       -1.32753        1.00857        0.99770
0.217941        0.91079        0.91727        1.00711        0.72341        0.97648       -0.01572        0.64942       -1.34809        1.00885        0.99763
0.221486        0.90800        0.91467        1.00735        0.72358        0.97644       -0.01598        0.66003       -1.36891        1.00914        0.99755
0.225088        0.90510        0.91197        1.00759        0.72376        0.97640       -0.01625        0.67081       -1.38999        1.00944        0.99747
0.228749        0.90215        0.90922        1.00784        0.72393        0.97636       -0.01651        0.68177       -1.41141        1.00975        0.99739
0.232470        0.89909        0.90637        1.00810        0.72410        0.97631       -0.01679        0.69291       -1.43307        1.01007        0.99730
0.236251        0.89594        0.90344        1.00837        0.72428        0.97626       -0.01706        0.70423       -1.45502        1.01040        0.99721
0.240093        0.89274        0.90045        1.00864        0.72445        0.97622       -0.01735        0.71574       -1.47733        1.01074        0.99712
0.243999        0.88937        0.89732        1.00893        0.72462        0.97617       -0.01763        0.72743       -1.49982        1.01110        0.99703
0.247967        0.88596        0.89413        1.00923        0.72478        0.97612       -0.01792        0.73932       -1.52267        1.01146        0.99693
0.252000        0.88244        0.89085        1.00953        0.72495        0.97606       -0.01822        0.75140       -1.54581        1.01184        0.99683
0.256099        0.87880        0.88746        1.00985        0.72510        0.97601       -0.01852        0.76367       -1.56921        1.01223        0.99672
0.260265        0.87510        0.88401        1.01017        0.72526        0.97595       -0.01882        0.77615       -1.59299        1.01262        0.99662
0.264498        0.87124        0.88040        1.01052        0.72540        0.97589       -0.01913        0.78883       -1.61695        1.01304        0.99651
0.268800        0.86731        0.87673        1.01086        0.72554        0.97583       -0.01945        0.80171       -1.64130        1.01347        0.99639
0.273172        0.86325        0.87293        1.01122        0.72567        0.97577       -0.01977        0.81481       -1.66589        1.01391        0.99627
0.277615        0.85908        0.86904        1.01160        0.72579        0.97571       -0.02009        0.82812       -1.69081        1.01437        0.99615
0.282131        0.85481        0.86505        1.01198        0.72590        0.97564       -0.02042        0.84164       -1.71602        1.01484        0.99603
0.286720        0.85040        0.86092        1.01238        0.72600        0.97557       -0.02076        0.85539       -1.74150        1.01533        0.99590
0.291383        0.84589        0.85671        1.01279        0.72608        0.97550       -0.02110        0.86935       -1.76733        1.01583        0.99576
0.296123        0.84123        0.85235        1.01322        0.72615        0.97543       -0.02144        0.88354       -1.79338        1.01636        0.99562
0.300939        0.83648        0.84790        1.01365        0.72620        0.97535       -0.02179        0.89796       -1.81981        1.01689        0.99548
0.305834        0.83157        0.84330        1.01411        0.72622        0.97527       -0.02215        0.91261       -1.84643        1.01745        0.99533
0.310808        0.82656        0.83861        1.01457        0.72624        0.97519       -0.02251        0.92750       -1.87345        1.01802        0.99518
0.315864        0.82138        0.83375        1.01506        0.72621        0.97511       -0.02287        0.94262       -1.90064        1.01861        0.99502
0.321001        0.81610        0.82880        1.01556        0.72617        0.97503       -0.02324        0.95799       -1.92822        1.01922        0.99486
0.326222        0.81066        0.82369        1.01608        0.72608        0.97494       -0.02362        0.97360       -1.95598        1.01985        0.99469
0.331528        0.80510        0.81848        1.01662        0.72597        0.97485       -0.02400        0.98946       -1.98409        1.02050        0.99452
0.336921        0.79938        0.81310        1.01717        0.72581        0.97475       -0.02438        1.00556       -2.01242        1.02118        0.99434
0.342401        0.79353        0.80761        1.01774        0.72562        0.97466       -0.02477        1.02192       -2.04105        1.02187        0.99415
0.347970        0.78753        0.80197        1.01834        0.72537        0.97456       -0.02516        1.03853       -2.06993        1.02259        0.99396
0.353630        0.78138        0.79618        1.01895        0.72507        0.97445       -0.02556        1.05540       -2.09905        1.02333        0.99377
0.359381        0.77509        0.79027        1.01958        0.72473        0.97435       -0.02597        1.07254       -2.12849        1.02409        0.99356
0.365227        0.76863        0.78419        1.02024        0.72430        0.97424       -0.02637        1.08993       -2.15805        1.02488        0.99335
0.371167        0.76205        0.77798        1.02091        0.72383        0.97413       -0.02678        1.10760       -2.18796        1.02569        0.99313
0.377204        0.75529        0.77161        1.02161        0.72326        0.97401       -0.02720        1.12552       -2.21800        1.02653        0.99291
0.383340        0.74838        0.76509        1.02233        0.72261        0.97389       -0.02761        1.14372       -2.24830        1.02739        0.99268
0.389575        0.74133        0.75844        1.02308        0.72189        0.97377       -0.02803        1.16219       -2.27886        1.02828        0.99244
0.395911        0.73410        0.75161        1.02386        0.72103        0.97365       -0.02845        1.18092       -2.30949        1.02920        0.99219
0.402351        0.72673        0.74464        1.02465        0.72009        0.97352       -0.02888        1.19993       -2.34040        1.03015        0.99194
0.408895        0.71920        0.73753        1.02548        0.71903        0.97339       -0.02931        1.21922       -2.37148        1.03113        0.99167
0.415546        0.71151        0.73024        1.02634        0.71781        0.97325       -0.02973        1.23876       -2.40263        1.03214        0.99140
0.422304        0.70367        0.72282        1.02722        0.71648        0.97312       -0.03016        1.25859       -2.43402        1.03318        0.99112
0.429173        0.69567        0.71524        1.02813        0.71498        0.97297       -0.03058        1.27869       -2.46553        1.03425        0.99083
0.436154        0.68751        0.70750        1.02908        0.71328        0.97283       -0.03100        1.29905       -2.49706        1.03536        0.99053
0.443248        0.67920        0.69962        1.03006        0.71141        0.97268       -0.03142        1.31968       -2.52876        1.03650        0.99022
0.450457        0.67075        0.69158        1.03106        0.70937        0.97254       -0.03184        1.34059       -2.56059        1.03767        0.98991
0.457784        0.66214        0.68340        1.03211        0.70704        0.97239       -0.03225        1.36174       -2.59234        1.03888        0.98958
0.465230        0.65338        0.67506        1.03319        0.70448        0.97223       -0.03266        1.38314       -2.62416        1.04012        0.98924
0.472797        0.64448        0.66659        1.03431        0.70167        0.97208       -0.03305        1.40480       -2.65604        1.04140        0.98888
0.480487        0.63544        0.65797        1.03547        0.69859        0.97192       -0.03344        1.42672       -2.68795        1.04271        0.98852
0.488302        0.62626        0.64922        1.03666        0.69514        0.97176       -0.03382        1.44884       -2.71971        1.04406        0.98815
0.496244        0.61696        0.64034        1.03790        0.69134        0.97161       -0.03418        1.47119       -2.75140        1.04545        0.98776
0.504316        0.60753        0.63132        1.03918        0.68718        0.97145       -0.03452        1.49376       -2.78304        1.04688        0.98736
0.512519        0.59797        0.62219        1.04050        0.68262        0.97130       -0.03485        1.51653       -2.81459        1.04834        0.98695
0.520855        0.58830        0.61293        1.04186        0.67764        0.97114       -0.03515        1.53950       -2.84601        1.04984        0.98653
0.529327        0.57853        0.60357        1.04328        0.67214        0.97099       -0.03543        1.56262       -2.87719        1.05139        0.98609
0.537936        0.56867        0.59411        1.04474        0.66608        0.97085       -0.03568        1.58587       -2.90809        1.05296        0.98563
0.546686        0.55872        0.58456        1.04625        0.65947        0.97070       -0.03590        1.60925       -2.93876        1.05458        0.98517
0.555578        0.54869        0.57492        1.04782        0.65224        0.97057       -0.03608        1.63274       -2.96914        1.05624        0.98468
0.564614        0.53860        0.56521        1.04943        0.64436        0.97045       -0.03622        1.65631       -2.99920        1.05792        0.98419
0.573798        0.52844        0.55544        1.05110        0.63576        0.97033       -0.03631        1.67992       -3.02889        1.05965        0.98367
0.583131        0.51825        0.54562        1.05283        0.62639        0.97023       -0.03635        1.70354       -3.05816        1.06141        0.98314
0.592615        0.50802        0.53576        1.05461        0.61619        0.97014       -0.03634        1.72713       -3.08697        1.06320        0.98259
0.602254        0.49779        0.52589        1.05645        0.60509        0.97007       -0.03626        1.75065       -3.11526        1.06502        0.98203
0.612050        0.48756        0.51600        1.05835        0.59303        0.97002       -0.03611        1.77405       -3.14299        1.06687        0.98144
0.622005        0.47734        0.50613        1.06032        0.57994        0.97000       -0.03588        1.79727       -3.17011        1.06874        0.98084
0.632122        0.46717        0.49630        1.06235        0.56576        0.97000       -0.03556        1.82027       -3.19657        1.07064        0.98022
0.642403        0.45705        0.48651        1.06445        0.55040        0.97003       -0.03515        1.84298       -3.22231        1.07256        0.97958
0.652852        0.44702        0.47679        1.06661        0.53382        0.97010       -0.03464        1.86532       -3.24729        1.07449        0.97891
0.663471        0.43707        0.46716        1.06885        0.51593        0.97021       -0.03401        1.88724       -3.27145        1.07642        0.97823
0.674262        0.42725        0.45765        1.07116        0.49668        0.97036       -0.03326        1.90864       -3.29474        1.07837        0.97752
0.685229        0.41757        0.44828        1.07353        0.47600        0.97056       -0.03238        1.92946       -3.31712        1.08030        0.97680
0.696374        0.40806        0.43906        1.07599        0.45384        0.97081       -0.03137        1.94960       -3.33852        1.08223        0.97604
0.707701        0.39873        0.43003        1.07851        0.43014        0.97112       -0.03020        1.96898       -3.35891        1.08414        0.97527
0.719212        0.38960        0.42121        1.08112        0.40487        0.97150       -0.02887        1.98749       -3.37823        1.08603        0.97447
0.730910        0.38073        0.41264        1.08380        0.37789        0.97195       -0.02736        2.00496       -3.39636        1.08788        0.97364
0.742798        0.37215        0.40437        1.08656        0.34919        0.97247       -0.02567        2.02125       -3.41320        1.08967        0.97279
0.754880        0.36386        0.39638        1.08941        0.31880        0.97307       -0.02379        2.03633       -3.42882        1.09141        0.97191
0.767158        0.35587        0.38872        1.09233        0.28673        0.97375       -0.02172        2.05009       -3.44316        1.09308        0.97100
0.779636        0.34820        0.38140        1.09533        0.25298        0.97452       -0.01944        2.06242       -3.45619        1.09467        0.97007
0.792317        0.34096        0.37451        1.09841        0.21742        0.97537       -0.01693        2.07295       -3.46762        1.09615        0.96910
0.805204        0.33411        0.36804        1.10158        0.18018        0.97632       -0.01420        2.08172       -3.47758        1.09752        0.96810
0.818301        0.32765        0.36200        1.10482        0.14135        0.97735       -0.01126        2.08867       -3.48606        1.09876        0.96707
0.831610        0.32166        0.35644        1.10814        0.10090        0.97847       -0.00808        2.09350       -3.49288        1.09985        0.96601
0.845137        0.31616        0.35143        1.11154        0.05889        0.97968       -0.00465        2.09601       -3.49792        1.10077        0.96492
0.858883        0.31112        0.34690        1.11502        0.01548        0.98096       -0.00101        2.09631       -3.50134        1.10151        0.96379
0.872853        0.30663        0.34298        1.11857       -0.02932        0.98232        0.00289        2.09393       -3.50279        1.10203        0.96262
0.887050        0.30266        0.33964        1.12220       -0.07536        0.98374        0.00702        2.08892       -3.50235        1.10233        0.96142
0.901478        0.29923        0.33690        1.12589       -0.12251        0.98521        0.01138        2.08115       -3.49995        1.10238        0.96018
0.916140        0.29640        0.33483        1.12965       -0.17067        0.98672        0.01598        2.07026       -3.49533        1.10215        0.95890
0.931041        0.29412        0.33337        1.13346       -0.21966        0.98825        0.02079        2.05645       -3.48862        1.10163        0.95758
0.946185        0.29247        0.33264        1.13734       -0.26933        0.98979        0.02583        2.03917       -3.47943        1.10078        0.95622
0.961575        0.29139        0.33256        1.14126       -0.31950        0.99133        0.03106        2.01869       -3.46791        1.09961        0.95482
0.977215        0.29095        0.33321        1.14523       -0.36997        0.99284        0.03650        1.99459       -3.45369        1.09805        0.95337
0.993109        0.29111        0.33455        1.14924       -0.42054        0.99430        0.04210        1.96691       -3.43677        1.09610        0.95188
1.009262        0.29186        0.33659        1.15327       -0.47101        0.99571        0.04787        1.93561       -3.41702        1.09375        0.95034
1.025678        0.29324        0.33938        1.15732       -0.52105        0.99704        0.05378        1.90030       -3.39405        1.09094        0.94876
1.042361        0.29519        0.34284        1.16139       -0.57055        0.99829        0.05980        1.86127       -3.36796        1.08769        0.94712
1.059315        0.29772        0.34698        1.16546       -0.61921        0.99943        0.06591        1.81831       -3.33847        1.08395        0.94544
1.076545        0.30081        0.35180        1.16951       -0.66667        1.00046        0.07209        1.77123       -3.30522        1.07969        0.94370
1.094055        0.30441        0.35724        1.17355       -0.71283        1.00137        0.07830        1.72021       -3.26826        1.07491        0.94191
1.111850        0.30849        0.36327        1.17755       -0.75744        1.00217        0.08452        1.66524       -3.22738        1.06960        0.94006
1.129934        0.31301        0.36983        1.18150       -0.80028        1.00284        0.09072        1.60626       -3.18235        1.06372        0.93816
1.148312        0.31794        0.37688        1.18538       -0.84103        1.00339        0.09686        1.54318       -3.13285        1.05726        0.93619
1.166990        0.32318        0.38433        1.18919       -0.87967        1.00383        0.10293        1.47620       -3.07889        1.05020        0.93417
1.185971        0.32869        0.39210        1.19291       -0.91609        1.00417        0.10891        1.40534       -3.02031        1.04254        0.93209
1.205261        0.33440        0.40011        1.19651       -0.95019        1.00441        0.11478        1.33067       -2.95699        1.03427        0.92994
1.224865        0.34021        0.40825        1.19999       -0.98195        1.00457        0.12052        1.25225       -2.88881        1.02537        0.92773
1.244787        0.34605        0.41641        1.20332       -1.01135        1.00466        0.12613        1.17015       -2.81569        1.01583        0.92545
1.265034        0.35182        0.42447        1.20648       -1.03844        1.00470        0.13160        1.08445       -2.73759        1.00565        0.92310
1.285610        0.35743        0.43229        1.20946       -1.06330        1.00469        0.13692        0.99524       -2.65451        0.99480        0.92068
1.306520        0.36277        0.43976        1.21223       -1.08603        1.00466        0.14210        0.90259       -2.56646        0.98328        0.91819
1.327771        0.36773        0.44672        1.21478       -1.10674        1.00462        0.14715        0.80657       -2.47351        0.97109        0.91562
1.349367        0.37222        0.45303        1.21709       -1.12557        1.00457        0.15207        0.70724       -2.37578        0.95820        0.91298
1.371315        0.37610        0.45852        1.21912       -1.14260        1.00454        0.15687        0.60464       -2.27335        0.94460        0.91026
1.393619        0.37927        0.46304        1.22086       -1.15799        1.00454        0.16156        0.49882       -2.16644        0.93028        0.90746
1.416287        0.38162        0.46646        1.22229       -1.17188        1.00457        0.16614        0.38985       -2.05535        0.91522        0.90457
1.439323        0.38306        0.46863        1.22339       -1.18437        1.00466        0.17063        0.27775       -1.94038        0.89941        0.90160
1.462733        0.38342        0.46936        1.22412       -1.19545        1.00481        0.17502        0.16250       -1.82182        0.88281        0.89854
1.486525        0.38264        0.46854        1.22447       -1.20520        1.00504        0.17930        0.04415       -1.70014        0.86542        0.89540
1.510703        0.38063        0.46606        1.22442       -1.21361        1.00536        0.18348       -0.07725       -1.57585        0.84722        0.89216
1.535275        0.37724        0.46171        1.22393       -1.22049        1.00579        0.18751       -0.20174       -1.44949        0.82817        0.88883
1.560246        0.37246        0.45551        1.22299       -1.22575        1.00632        0.19137       -0.32921       -1.32170        0.80828        0.88540
1.585624        0.36612        0.44724        1.22156       -1.22895        1.00700        0.19499       -0.45965       -1.19330        0.78751        0.88187
1.611414        0.35827        0.43696        1.21964       -1.22978        1.00781        0.19828       -0.59288       -1.06501        0.76587        0.87824
1.637624        0.34879        0.42455        1.21719       -1.22748        1.00878        0.20112       -0.72876       -0.93787        0.74337        0.87451
1.664260        0.33771        0.41005        1.21420       -1.22121        1.00991        0.20334       -0.86699       -0.81289        0.72002        0.87067
1.691330        0.32505        0.39352        1.21065       -1.20989        1.01120        0.20473       -1.00717       -0.69113        0.69587        0.86673
1.718839        0.31084        0.37504        1.20651       -1.19191        1.01265        0.20496       -1.14871       -0.57398        0.67100        0.86267
1.746796        0.29520        0.35477        1.20179       -1.16539        1.01421        0.20366       -1.29073       -0.46277        0.64554        0.85850
1.775208        0.27830        0.33299        1.19647       -1.12827        1.01582        0.20037       -1.43214       -0.35880        0.61967        0.85422
1.804082        0.26038        0.31001        1.19056       -1.07816        1.01735        0.19459       -1.57143       -0.26345        0.59367        0.84982
1.833425        0.24176        0.28626        1.18406       -1.01280        1.01862        0.18577       -1.70668       -0.17801        0.56788        0.84529
1.863246        0.22283        0.26227        1.17699       -0.93061        1.01936        0.17347       -1.83556       -0.10354        0.54275        0.84065
1.893552        0.20407        0.23864        1.16939       -0.83146        1.01922        0.15752       -1.95544       -0.04072        0.51880        0.83587
1.924351        0.18599        0.21599        1.16129       -0.71738        1.01784        0.13812       -2.06364        0.01033        0.49661        0.83097
1.955651        0.16910        0.19493        1.15276       -0.59276        1.01489        0.11600       -2.15770        0.05006        0.47672        0.82594
1.987460        0.15382        0.17595        1.14385       -0.46369        1.01018        0.09224       -2.23580        0.07950        0.45960        0.82078
2.019786        0.14046        0.15937        1.13464       -0.33657        1.00372        0.06807       -2.29689        0.10006        0.44554        0.81548
2.052638        0.12921        0.14539        1.12520       -0.21686        0.99565        0.04461       -2.34038        0.11316        0.43479        0.81004
2.086024        0.12007        0.13395        1.11560       -0.10740        0.98630        0.02250       -2.36706        0.12045        0.42732        0.80447
2.119953        0.11294        0.12490        1.10592       -0.00888        0.97602        0.00200       -2.37782        0.12319        0.42306        0.79875
2.154435        0.10776        0.11813        1.09622        0.07929        0.96513       -0.01697       -2.37301        0.12223        0.42205        0.79288
2.189477        0.10431        0.11334        1.08656        0.15943        0.95393       -0.03478       -2.35389        0.11836        0.42415        0.78687
2.225089        0.10250        0.11039        1.07701        0.23352        0.94267       -0.05184       -2.32040        0.11190        0.42948        0.78071
2.261280        0.10213        0.10903        1.06761        0.30391        0.93153       -0.06859       -2.27300        0.10310        0.43805        0.77440
2.298060        0.10309        0.10912        1.05843        0.37228        0.92069       -0.08542       -2.21113        0.09193        0.45010        0.76793
2.335438        0.10523        0.11044        1.04952        0.43986        0.91026       -0.10260       -2.13435        0.07829        0.46588        0.76131
2.373424        0.10835        0.11279        1.04094        0.50718        0.90035       -0.12024       -2.04198        0.06198        0.48566        0.75453
2.412028        0.11223        0.11591        1.03276        0.57397        0.89105       -0.13831       -1.93322        0.04273        0.50977        0.74759
2.451260        0.11657        0.11949        1.02504        0.63908        0.88239       -0.15652       -1.80737        0.02029        0.53856        0.74050
2.491130        0.12098        0.12314        1.01786        0.70053        0.87441       -0.17437       -1.66408       -0.00551        0.57225        0.73324
2.531648        0.12497        0.12637        1.01127        0.75555        0.86707       -0.19114       -1.50360       -0.03465        0.61096        0.72581
2.572826        0.12798        0.12867        1.00535        0.80085        0.86033       -0.20590       -1.32695       -0.06683        0.65460        0.71823
2.614673        0.12946        0.12948        1.00017        0.83289        0.85413       -0.21762       -1.13611       -0.10139        0.70282        0.71047
2.657201        0.12889        0.12834        0.99578        0.84827        0.84842       -0.22524       -0.93414       -0.13730        0.75497        0.70255
2.700421        0.12588        0.12490        0.99223        0.84414        0.84319       -0.22778       -0.72517       -0.17321        0.81005        0.69446
2.744343        0.12025        0.11900        0.98956        0.81848        0.83850       -0.22442       -0.51439       -0.20755        0.86676        0.68621
2.788980        0.11218        0.11080        0.98776        0.77168        0.83447       -0.21500       -0.30755       -0.23887        0.92352        0.67779
2.834343        0.10204        0.10070        0.98684        0.70571        0.83128       -0.19977       -0.11081       -0.26593        0.97860        0.66920
2.880444        0.09054        0.08934        0.98675        0.62542        0.82911       -0.17986        0.07060       -0.28814        1.03040        0.66044
2.927295        0.07842        0.07744        0.98746        0.53703        0.82810       -0.15686        0.23207       -0.30533        1.07746        0.65152
2.974908        0.06646        0.06572        0.98887        0.44754        0.82831       -0.13272        0.37133       -0.31803        1.11891        0.64243
3.023295        0.05526        0.05476        0.99092        0.36292        0.82966       -0.10922        0.48766       -0.32698        1.15431        0.63317
3.072469        0.04522        0.04492        0.99352        0.28733        0.83205       -0.08766        0.58198       -0.33306        1.18370        0.62375
3.122443        0.03653        0.03641        0.99659        0.22288        0.83531       -0.06882        0.65634       -0.33707        1.20749        0.61417
3.173230        0.02923        0.02923        1.00006        0.16991        0.83929       -0.05295        0.71341       -0.33968        1.22632        0.60443
3.224842        0.02321        0.02330        1.00387        0.12757        0.84383       -0.03993        0.75605       -0.34139        1.24090        0.59453
3.277295        0.01834        0.01849        1.00795        0.09444        0.84884       -0.02941        0.78695       -0.34253        1.25194        0.58448
3.330600        0.01445        0.01463        1.01227        0.06889        0.85421       -0.02099        0.80847       -0.34333        1.26011        0.57428
3.384773        0.01136        0.01155        1.01679        0.04941        0.85988       -0.01424        0.82258       -0.34393        1.26594        0.56392
3.439826        0.00893        0.00912        1.02148        0.03458        0.86581       -0.00873        0.83100       -0.34442        1.26995        0.55343
3.495776        0.00702        0.00720        1.02632        0.02329        0.87195       -0.00412        0.83497       -0.34485        1.27248        0.54280
3.552635        0.00552        0.00569        1.03129        0.01459        0.87827       -0.00007        0.83557       -0.34524        1.27387        0.53203
3.610419        0.00435        0.00451        1.03636        0.00773        0.88475        0.00369        0.83360       -0.34563        1.27436        0.52113
3.669142        0.00344        0.00358        1.04154        0.00214        0.89138        0.00743        0.82965       -0.34601        1.27414        0.51011
3.728821        0.00272        0.00285        1.04681       -0.00266        0.89815        0.01136        0.82420       -0.34639        1.27335        0.49897
3.789471        0.00216        0.00227        1.05217       -0.00704        0.90504        0.01573        0.81763       -0.34678        1.27212        0.48772
3.851107        0.00172        0.00182        1.05759       -0.01132        0.91203        0.02076        0.81018       -0.34717        1.27052        0.47637
3.913746        0.00138        0.00146        1.06309       -0.01577        0.91913        0.02669        0.80207       -0.34756        1.26863        0.46493
3.977403        0.00110        0.00118        1.06865       -0.02062        0.92633        0.03377        0.79345       -0.34796        1.26649        0.45340
4.042096        0.00089        0.00096        1.07426       -0.02609        0.93360        0.04230        0.78443       -0.34837        1.26414        0.44179
4.107841        0.00072        0.00078        1.07991       -0.03241        0.94095        0.05259        0.77511       -0.34878        1.26162        0.43011
4.174655        0.00058        0.00063        1.08561       -0.03979        0.94837        0.06498        0.76554       -0.34919        1.25894        0.41837
4.242556        0.00048        0.00052        1.09138       -0.04841        0.95588        0.07986        0.76342       -0.34961        1.25933        0.00000
4.311562        0.00039        0.00043        1.09719       -0.05859        0.96347        0.09770        0.75346       -0.35004        1.25637        0.00000
4.381690        0.00032        0.00035        1.10302       -0.07057        0.97108        0.11898        0.74336       -0.35048        1.25329        0.00000
4.452959        0.00026        0.00029        1.10886       -0.08462        0.97870        0.14428        0.73315       -0.35091        1.25009        0.00000
4.525386        0.00022        0.00025        1.11469       -0.10102        0.98631        0.17424        0.72284       -0.35135        1.24677        0.00000
4.598992        0.00018        0.00021        1.12049       -0.12013        0.99389        0.20966        0.71244       -0.35180        1.24334        0.00000
4.673795        0.00015        0.00017        1.12625       -0.14244        1.00139        0.25157        0.70196       -0.35224        1.23980        0.00000
4.749815        0.00013        0.00014        1.13194       -0.16855        1.00879        0.30134        0.69141       -0.35269        1.23614        0.00000
4.827071        0.00011        0.00012        1.13752       -0.19949        1.01601        0.36111        0.68079       -0.35315        1.23238        0.00000
4.905584        0.00009        0.00010        1.14293       -0.23696        1.02294        0.43442        0.67012       -0.35361        1.22850        0.00000
4.985373        0.00007        0.00008        1.14803       -0.28467        1.02938        0.52865        0.65940       -0.35407        1.22452        0.00000
5.066461        0.00006        0.00007        1.15241       -0.35405        1.03465        0.66615        0.64865       -0.35455        1.22043        0.00000
5.148867        0.00005        0.00006        1.15757       -0.40768        1.04106        0.77972        0.63727       -0.35502        1.21512        0.00000
5.232614        0.00005        0.00006        1.16492       -0.40706        1.05081        0.79352        0.62519       -0.35547        1.20873        0.00000
5.317723        0.00005        0.00006        1.17238       -0.40643        1.06073        0.80754        0.61291       -0.35594        1.20224        0.00000
5.404216        0.00005        0.00006        1.17996       -0.40580        1.07080        0.82179        0.60043       -0.35641        1.19565        0.00000
5.492116        0.00005        0.00006        1.18767       -0.40515        1.08104        0.83628        0.58775       -0.35689        1.18894        0.00000
5.581446        0.00005        0.00005        1.19551       -0.40449        1.09145        0.85099        0.57487       -0.35738        1.18213        0.00000
5.672229        0.00005        0.00005        1.20347       -0.40382        1.10203        0.86595        0.56177       -0.35788        1.17521        0.00000
5.764488        0.00004        0.00005        1.21156       -0.40314        1.11277        0.88115        0.54846       -0.35838        1.16817        0.00000
5.858248        0.00004        0.00005        1.21978       -0.40244        1.12370        0.89660        0.53494       -0.35889        1.16102        0.00000
5.953533        0.00004        0.00005        1.22813       -0.40174        1.13480        0.91230        0.52119       -0.35941        1.15375        0.00000
6.050368        0.00004        0.00005        1.23662       -0.40102        1.14608        0.92826        0.50723       -0.35994        1.14637        0.00000
6.148778        0.00004        0.00005        1.24525       -0.40030        1.15754        0.94447        0.49303       -0.36048        1.13886        0.00000
6.248788        0.00004        0.00005        1.25402       -0.39956        1.16919        0.96095        0.47860       -0.36103        1.13123        0.00000
6.350425        0.00004        0.00005        1.26293       -0.39881        1.18103        0.97769        0.46394       -0.36158        1.12348        0.00000
6.453715        0.00004        0.00005        1.27199       -0.39805        1.19307        0.99471        0.44904       -0.36215        1.11560        0.00000
6.558686        0.00004        0.00005        1.28069       -0.40144        1.20428        1.02294        0.43482       -0.36269        1.10801        0.00000
6.665363        0.00004        0.00005        1.28785       -0.41598        1.21248        1.08233        0.42338       -0.36311        1.10159        0.00000
6.773776        0.00003        0.00004        1.29500       -0.42961        1.22065        1.14199        0.41194       -0.36354        1.09503        0.00000
6.883952        0.00003        0.00004        1.30214       -0.44226        1.22879        1.20179        0.40051       -0.36396        1.08833        0.00000
6.995920        0.00003        0.00004        1.30925       -0.45383        1.23690        1.26150        0.38908       -0.36438        1.08150        0.00000
7.109709        0.00003        0.00004        1.31634       -0.46425        1.24496        1.32091        0.37766       -0.36480        1.07453        0.00000
7.225349        0.00003        0.00004        1.32340       -0.47343        1.25299        1.37978        0.36626       -0.36521        1.06743        0.00000
7.342870        0.00003        0.00003        1.33042       -0.48129        1.26096        1.43786        0.35488       -0.36561        1.06019        0.00000
7.462303        0.00002        0.00003        1.33739       -0.48775        1.26889        1.49489        0.34352       -0.36602        1.05282        0.00000
7.583678        0.00002        0.00003        1.34430       -0.49275        1.27677        1.55058        0.33218       -0.36641        1.04532        0.00000
7.707027        0.00002        0.00003        1.35116       -0.49621        1.28459        1.60466        0.32089       -0.36680        1.03768        0.00000
7.832383        0.00002        0.00003        1.35794       -0.49809        1.29236        1.65682        0.30962       -0.36718        1.02991        0.00000
7.959777        0.00002        0.00003        1.36465       -0.49832        1.30008        1.70673        0.29840       -0.36756        1.02201        0.00000
8.089243        0.00002        0.00003        1.37127       -0.49686        1.30773        1.75406        0.28722       -0.36793        1.01399        0.00000
8.220816        0.00002        0.00003        1.37780       -0.49366        1.31533        1.79844        0.27610       -0.36829        1.00584        0.00000
8.354528        0.00002        0.00003        1.38423       -0.48869        1.32288        1.83948        0.26502       -0.36865        0.99756        0.00000
8.490415        0.00002        0.00003        1.39054       -0.48193        1.33037        1.87675        0.25401       -0.36899        0.98916        0.00000
8.628513        0.00002        0.00003        1.39673       -0.47334        1.33782        1.90980        0.24305       -0.36933        0.98063        0.00000
8.768856        0.00002        0.00003        1.40280       -0.46292        1.34523        1.93812        0.23216       -0.36966        0.97199        0.00000
8.911482        0.00002        0.00003        1.40872       -0.45066        1.35261        1.96116        0.22134       -0.36998        0.96323        0.00000
9.056428        0.00002        0.00003        1.41450       -0.43654        1.35998        1.97830        0.21059       -0.37028        0.95435        0.00000
9.203732        0.00002        0.00002        1.42012       -0.42059        1.36734        1.98881        0.19992       -0.37058        0.94536        0.00000
9.353432        0.00002        0.00002        1.42557       -0.40280        1.37474        1.99188        0.18933       -0.37086        0.93626        0.00000
9.505566        0.00002        0.00002        1.43085       -0.38319        1.38218        1.98650        0.17882       -0.37113        0.92705        0.00000
9.660175        0.00002        0.00002        1.43594       -0.36176        1.38973        1.97147        0.16840       -0.37139        0.91773        0.00000
9.817298        0.00002        0.00003        1.44083       -0.33851        1.39744        1.94523        0.15806       -0.37164        0.90830        0.00000
9.976978        0.00002        0.00003        1.44551       -0.31341        1.40539        1.90568        0.14781       -0.37186        0.89876        0.00000
10.139254        0.00002        0.00003        1.44998       -0.28637        1.41372        1.84982        0.13764       -0.37208        0.88911        0.00000
10.304170        0.00002        0.00003        1.45422       -0.25717        1.42262        1.77287        0.12756       -0.37227        0.87935        0.00000
10.471768        0.00002        0.00003        1.45822       -0.22523        1.43250        1.66599        0.11755       -0.37244        0.86946        0.00000
10.642092        0.00002        0.00003        1.46198       -0.18870        1.44432        1.50740        0.10758       -0.37258        0.85941        0.00000
