x               rho            P              T            ur           uphi        uz         Br           Bphi        Bz
0.010000        0.99987        0.99988        1.000        1.000        1.00       -0.0       -0.010       -0.01       -0.0
0.010163        0.99987        0.99988        1.000        1.000        1.00       -0.0       -0.010       -0.01       -0.0
0.010328        0.99986        0.99987        1.000        1.000        1.00       -0.0       -0.010       -0.01       -0.0
0.010496        0.99985        0.99987        1.000        1.000        1.00       -0.0       -0.010       -0.01       -0.0
0.010667        0.99985        0.99986        1.000        1.000        1.00       -0.0       -0.011       -0.01       -0.0
0.010840        0.99984        0.99985        1.000        1.000        1.00       -0.0       -0.011       -0.01       -0.0
0.011016        0.99983        0.99985        1.000        1.000        1.00       -0.0       -0.011       -0.01       -0.0
0.011196        0.99983        0.99984        1.000        1.000        1.00       -0.0       -0.011       -0.01       -0.0
0.011378        0.99982        0.99983        1.000        1.000        1.00       -0.0       -0.011       -0.01       -0.0
0.011563        0.99981        0.99983        1.000        1.000        1.00       -0.0       -0.012       -0.01       -0.0
0.011751        0.99980        0.99982        1.000        1.000        1.00       -0.0       -0.012       -0.01       -0.0
0.011942        0.99980        0.99981        1.000        1.000        1.00       -0.0       -0.012       -0.01       -0.0
0.012136        0.99979        0.99981        1.000        1.000        1.00       -0.0       -0.012       -0.01       -0.0
0.012334        0.99978        0.99980        1.000        1.000        1.00       -0.0       -0.012       -0.01       -0.0
0.012534        0.99977        0.99979        1.000        1.000        1.00       -0.0       -0.013       -0.01       -0.0
0.012738        0.99976        0.99979        1.000        1.000        1.00       -0.0       -0.013       -0.01       -0.0
0.012945        0.99976        0.99978        1.000        1.000        1.00       -0.0       -0.013       -0.01       -0.0
0.013156        0.99975        0.99977        1.000        1.000        1.00       -0.0       -0.013       -0.01       -0.0
0.013370        0.99974        0.99976        1.000        1.000        1.00       -0.0       -0.013       -0.01       -0.0
0.013587        0.99973        0.99976        1.000        1.000        1.00       -0.0       -0.014       -0.01       -0.0
0.013808        0.99972        0.99975        1.000        1.000        1.00       -0.0       -0.014       -0.01       -0.0
0.014033        0.99971        0.99974        1.000        1.000        1.00       -0.0       -0.014       -0.01       -0.0
0.014261        0.99970        0.99973        1.000        1.000        1.00       -0.0       -0.014       -0.01       -0.0
0.014493        0.99970        0.99972        1.000        1.000        1.00       -0.0       -0.014       -0.01       -0.0
0.014729        0.99969        0.99971        1.000        1.000        1.00       -0.0       -0.015       -0.01       -0.0
0.014968        0.99968        0.99971        1.000        1.000        1.00       -0.0       -0.015       -0.01       -0.0
0.015212        0.99967        0.99970        1.000        1.000        1.00       -0.0       -0.015       -0.02       -0.0
0.015459        0.99966        0.99969        1.000        1.000        1.00       -0.0       -0.015       -0.02       -0.0
0.015711        0.99965        0.99968        1.000        1.000        1.00       -0.0       -0.016       -0.02       -0.0
0.015966        0.99964        0.99967        1.000        1.000        1.00       -0.0       -0.016       -0.02       -0.0
0.016226        0.99963        0.99966        1.000        1.000        1.00       -0.0       -0.016       -0.02       -0.0
0.016490        0.99962        0.99965        1.000        1.000        1.00       -0.0       -0.016       -0.02       -0.0
0.016758        0.99961        0.99964        1.000        1.000        1.00       -0.0       -0.017       -0.02       -0.0
0.017031        0.99960        0.99963        1.000        1.000        1.00       -0.0       -0.017       -0.02       -0.0
0.017308        0.99959        0.99962        1.000        1.000        1.00       -0.0       -0.017       -0.02       -0.0
0.017589        0.99957        0.99961        1.000        1.000        1.00       -0.0       -0.018       -0.02       -0.0
0.017875        0.99956        0.99960        1.000        1.000        1.00       -0.0       -0.018       -0.02       -0.0
0.018166        0.99955        0.99959        1.000        1.000        1.00       -0.0       -0.018       -0.02       -0.0
0.018461        0.99954        0.99958        1.000        1.000        1.00       -0.0       -0.018       -0.02       -0.0
0.018762        0.99953        0.99957        1.000        1.000        1.00       -0.0       -0.019       -0.02       -0.0
0.019067        0.99952        0.99956        1.000        1.000        1.00       -0.0       -0.019       -0.02       -0.0
0.019377        0.99950        0.99955        1.000        1.000        1.00       -0.0       -0.019       -0.02       -0.0
0.019692        0.99949        0.99954        1.000        1.000        1.00       -0.0       -0.020       -0.02       -0.0
0.020012        0.99948        0.99953        1.000        1.000        1.00       -0.0       -0.020       -0.02       -0.0
0.020338        0.99946        0.99951        1.000        1.000        1.00       -0.0       -0.020       -0.02       -0.0
0.020669        0.99944        0.99949        1.000        1.000        1.00       -0.0       -0.021       -0.02       -0.0
0.021005        0.99942        0.99947        1.000        1.000        1.00       -0.0       -0.021       -0.02       -0.0
0.021347        0.99939        0.99945        1.000        1.000        1.00       -0.0       -0.021       -0.02       -0.0
0.021694        0.99937        0.99943        1.000        1.000        1.00       -0.0       -0.022       -0.02       -0.0
0.022047        0.99935        0.99941        1.000        1.000        1.00       -0.0       -0.022       -0.02       -0.0
0.022405        0.99933        0.99939        1.000        1.000        1.00       -0.0       -0.022       -0.02       -0.0
0.022770        0.99930        0.99936        1.000        1.000        1.00       -0.0       -0.023       -0.02       -0.0
0.023140        0.99928        0.99934        1.000        1.000        1.00       -0.0       -0.023       -0.02       -0.0
0.023516        0.99925        0.99932        1.000        1.000        1.00       -0.0       -0.024       -0.02       -0.0
0.023899        0.99923        0.99930        1.000        1.000        1.00       -0.0       -0.024       -0.02       -0.0
0.024288        0.99920        0.99927        1.000        1.000        1.00       -0.0       -0.024       -0.02       -0.0
0.024683        0.99918        0.99925        1.000        1.000        1.00       -0.0       -0.025       -0.02       -0.0
0.025084        0.99915        0.99923        1.000        1.000        1.00       -0.0       -0.025       -0.03       -0.0
0.025492        0.99912        0.99920        1.000        1.000        1.00       -0.0       -0.025       -0.03       -0.0
0.025907        0.99910        0.99918        1.000        1.000        1.00       -0.0       -0.026       -0.03       -0.0
0.026328        0.99907        0.99915        1.000        1.000        1.00       -0.0       -0.026       -0.03       -0.0
0.026756        0.99904        0.99913        1.000        1.000        1.00       -0.0       -0.027       -0.03       -0.0
0.027192        0.99901        0.99910        1.000        1.000        1.00       -0.0       -0.027       -0.03       -0.0
0.027634        0.99898        0.99907        1.000        1.000        1.00       -0.0       -0.028       -0.03       -0.0
0.028083        0.99896        0.99905        1.000        1.001        1.00       -0.0       -0.028       -0.03       -0.0
0.028540        0.99893        0.99902        1.000        1.001        1.00       -0.0       -0.029       -0.03       -0.0
0.029004        0.99890        0.99899        1.000        1.001        1.00       -0.0       -0.029       -0.03       -0.0
0.029476        0.99886        0.99896        1.000        1.001        1.00       -0.0       -0.029       -0.03       -0.0
0.029955        0.99883        0.99894        1.000        1.001        1.00       -0.0       -0.030       -0.03       -0.0
0.030443        0.99879        0.99890        1.000        1.001        1.00       -0.0       -0.030       -0.03       -0.0
0.030938        0.99875        0.99886        1.000        1.001        1.00       -0.0       -0.031       -0.03       -0.0
0.031441        0.99870        0.99882        1.000        1.001        1.00       -0.0       -0.031       -0.03       -0.0
0.031952        0.99866        0.99877        1.000        1.001        1.00       -0.0       -0.032       -0.03       -0.0
0.032472        0.99861        0.99873        1.000        1.001        1.00       -0.0       -0.032       -0.03       -0.0
0.033000        0.99856        0.99869        1.000        1.001        1.00       -0.0       -0.033       -0.03       -0.0
0.033537        0.99851        0.99864        1.000        1.001        1.00       -0.0       -0.034       -0.03       -0.0
0.034083        0.99846        0.99860        1.000        1.001        1.00       -0.0       -0.034       -0.03       -0.0
0.034637        0.99841        0.99855        1.000        1.001        1.00       -0.0       -0.035       -0.03       -0.0
0.035200        0.99836        0.99850        1.000        1.001        1.00       -0.0       -0.035       -0.04       -0.0
0.035773        0.99831        0.99846        1.000        1.001        1.00       -0.0       -0.036       -0.04       -0.0
0.036355        0.99825        0.99841        1.000        1.001        1.00       -0.0       -0.036       -0.04       -0.0
0.036946        0.99820        0.99836        1.000        1.001        1.00       -0.0       -0.037       -0.04       -0.0
0.037547        0.99815        0.99831        1.000        1.001        1.00       -0.0       -0.038       -0.04       -0.0
0.038158        0.99809        0.99826        1.000        1.001        1.00       -0.0       -0.038       -0.04       -0.0
0.038778        0.99803        0.99821        1.000        1.001        1.00       -0.0       -0.039       -0.04       -0.0
0.039409        0.99798        0.99815        1.000        1.001        1.00       -0.0       -0.039       -0.04       -0.0
0.040050        0.99792        0.99810        1.000        1.001        1.00       -0.0       -0.040       -0.04       -0.0
0.040701        0.99784        0.99803        1.000        1.001        1.00       -0.0       -0.041       -0.04       -0.0
0.041363        0.99776        0.99796        1.000        1.001        1.00       -0.0       -0.041       -0.04       -0.0
0.042036        0.99769        0.99789        1.000        1.001        1.00       -0.0       -0.042       -0.04       -0.0
0.042720        0.99761        0.99782        1.000        1.001        1.00       -0.0       -0.043       -0.04       -0.0
0.043415        0.99752        0.99774        1.000        1.001        1.00       -0.0       -0.043       -0.04       -0.0
0.044121        0.99744        0.99767        1.000        1.001        1.00       -0.0       -0.044       -0.04       -0.0
0.044839        0.99736        0.99759        1.000        1.001        1.00       -0.0       -0.045       -0.04       -0.0
0.045568        0.99727        0.99751        1.000        1.001        1.00       -0.0       -0.046       -0.05       -0.0
0.046309        0.99719        0.99743        1.000        1.001        1.00       -0.0       -0.046       -0.05       -0.0
0.047062        0.99710        0.99735        1.000        1.001        1.00       -0.0       -0.047       -0.05       -0.0
0.047828        0.99701        0.99727        1.000        1.001        1.00       -0.0       -0.048       -0.05       -0.0
0.048606        0.99692        0.99719        1.000        1.001        1.00       -0.0       -0.049       -0.05       -0.0
0.049396        0.99683        0.99710        1.000        1.002        1.00       -0.0       -0.049       -0.05       -0.0
0.050200        0.99673        0.99702        1.000        1.002        1.00       -0.0       -0.050       -0.05       -0.1
0.051016        0.99661        0.99691        1.000        1.002        1.00       -0.0       -0.051       -0.05       -0.1
0.051846        0.99649        0.99680        1.000        1.002        1.00       -0.0       -0.052       -0.05       -0.1
0.052689        0.99637        0.99669        1.000        1.002        1.00       -0.0       -0.053       -0.05       -0.1
0.053546        0.99625        0.99658        1.000        1.002        1.00       -0.0       -0.054       -0.05       -0.1
0.054417        0.99613        0.99647        1.000        1.002        1.00       -0.0       -0.054       -0.05       -0.1
0.055302        0.99600        0.99635        1.000        1.002        1.00       -0.0       -0.055       -0.06       -0.1
0.056202        0.99587        0.99623        1.000        1.002        1.00       -0.0       -0.056       -0.06       -0.1
0.057116        0.99574        0.99612        1.000        1.002        1.00       -0.0       -0.057       -0.06       -0.1
0.058045        0.99561        0.99599        1.000        1.002        1.00       -0.0       -0.058       -0.06       -0.1
0.058989        0.99547        0.99587        1.000        1.002        1.00       -0.0       -0.059       -0.06       -0.1
0.059948        0.99534        0.99575        1.000        1.002        1.00       -0.1       -0.060       -0.06       -0.1
0.060923        0.99518        0.99560        1.000        1.002        1.00       -0.1       -0.061       -0.06       -0.1
0.061914        0.99501        0.99545        1.000        1.002        1.00       -0.1       -0.062       -0.06       -0.1
0.062921        0.99484        0.99529        1.000        1.002        1.00       -0.1       -0.063       -0.06       -0.1
0.063945        0.99467        0.99514        1.000        1.003        1.00       -0.1       -0.064       -0.06       -0.1
0.064985        0.99449        0.99498        1.000        1.003        1.00       -0.1       -0.065       -0.06       -0.1
0.066042        0.99431        0.99481        1.001        1.003        1.00       -0.1       -0.066       -0.07       -0.1
0.067116        0.99413        0.99465        1.001        1.003        1.00       -0.1       -0.067       -0.07       -0.1
0.068208        0.99395        0.99448        1.001        1.003        1.00       -0.1       -0.068       -0.07       -0.1
0.069317        0.99376        0.99431        1.001        1.003        1.00       -0.1       -0.069       -0.07       -0.1
0.070445        0.99356        0.99413        1.001        1.003        1.00       -0.1       -0.070       -0.07       -0.1
0.071590        0.99334        0.99393        1.001        1.003        1.00       -0.1       -0.072       -0.07       -0.1
0.072755        0.99311        0.99372        1.001        1.003        1.00       -0.1       -0.073       -0.07       -0.1
0.073938        0.99288        0.99351        1.001        1.003        1.00       -0.1       -0.074       -0.07       -0.1
0.075141        0.99265        0.99330        1.001        1.004        1.00       -0.1       -0.075       -0.08       -0.1
0.076363        0.99241        0.99308        1.001        1.004        1.00       -0.1       -0.076       -0.08       -0.1
0.077605        0.99217        0.99286        1.001        1.004        1.00       -0.1       -0.078       -0.08       -0.1
0.078867        0.99193        0.99264        1.001        1.004        1.00       -0.1       -0.079       -0.08       -0.1
0.080150        0.99168        0.99241        1.001        1.004        1.00       -0.1       -0.080       -0.08       -0.1
0.081454        0.99139        0.99215        1.001        1.004        1.00       -0.1       -0.081       -0.08       -0.1
0.082779        0.99110        0.99188        1.001        1.004        1.00       -0.1       -0.083       -0.08       -0.1
0.084125        0.99080        0.99161        1.001        1.004        1.00       -0.1       -0.084       -0.08       -0.1
0.085493        0.99050        0.99134        1.001        1.005        1.00       -0.1       -0.085       -0.09       -0.1
0.086884        0.99020        0.99106        1.001        1.005        1.00       -0.1       -0.087       -0.09       -0.1
0.088297        0.98989        0.99078        1.001        1.005        1.00       -0.1       -0.088       -0.09       -0.1
0.089733        0.98957        0.99049        1.001        1.005        1.00       -0.1       -0.090       -0.09       -0.1
0.091193        0.98922        0.99017        1.001        1.005        1.00       -0.1       -0.091       -0.09       -0.1
0.092676        0.98886        0.98984        1.001        1.005        1.00       -0.1       -0.093       -0.09       -0.1
0.094183        0.98849        0.98950        1.001        1.005        1.00       -0.1       -0.094       -0.09       -0.1
0.095715        0.98811        0.98916        1.001        1.006        1.00       -0.1       -0.096       -0.10       -0.1
0.097272        0.98773        0.98881        1.001        1.006        1.00       -0.1       -0.097       -0.10       -0.1
0.098854        0.98735        0.98846        1.001        1.006        1.00       -0.1       -0.099       -0.10       -0.1
0.100462        0.98694        0.98809        1.001        1.006        1.00       -0.1       -0.100       -0.10       -0.1
0.102096        0.98650        0.98768        1.001        1.006        1.00       -0.1       -0.102       -0.10       -0.1
0.103757        0.98605        0.98727        1.001        1.007        1.00       -0.1       -0.104       -0.10       -0.1
0.105444        0.98560        0.98686        1.001        1.007        1.00       -0.1       -0.105       -0.11       -0.1
0.107159        0.98513        0.98644        1.001        1.007        1.00       -0.1       -0.107       -0.11       -0.1
0.108902        0.98466        0.98600        1.001        1.007        1.00       -0.1       -0.109       -0.11       -0.1
0.110674        0.98417        0.98555        1.001        1.008        1.00       -0.1       -0.110       -0.11       -0.1
0.112474        0.98364        0.98507        1.001        1.008        1.00       -0.1       -0.112       -0.11       -0.1
0.114303        0.98309        0.98458        1.002        1.008        1.00       -0.1       -0.114       -0.11       -0.1
0.116162        0.98255        0.98407        1.002        1.008        1.00       -0.1       -0.116       -0.12       -0.1
0.118052        0.98199        0.98356        1.002        1.009        1.00       -0.1       -0.118       -0.12       -0.1
0.119972        0.98142        0.98305        1.002        1.009        1.00       -0.1       -0.120       -0.12       -0.1
0.121923        0.98080        0.98248        1.002        1.009        1.00       -0.1       -0.122       -0.12       -0.1
0.123906        0.98016        0.98190        1.002        1.009        1.00       -0.1       -0.124       -0.12       -0.1
0.125922        0.97952        0.98131        1.002        1.010        1.00       -0.1       -0.126       -0.13       -0.1
0.127970        0.97886        0.98071        1.002        1.010        1.00       -0.1       -0.128       -0.13       -0.1
0.130051        0.97819        0.98010        1.002        1.010        1.00       -0.1       -0.130       -0.13       -0.1
0.132166        0.97746        0.97943        1.002        1.011        1.00       -0.1       -0.132       -0.13       -0.1
0.134316        0.97672        0.97876        1.002        1.011        1.00       -0.1       -0.134       -0.13       -0.1
0.136501        0.97597        0.97807        1.002        1.011        1.00       -0.1       -0.136       -0.14       -0.1
0.138721        0.97520        0.97737        1.002        1.012        1.00       -0.1       -0.138       -0.14       -0.1
0.140977        0.97440        0.97664        1.002        1.012        1.00       -0.1       -0.141       -0.14       -0.1
0.143270        0.97355        0.97586        1.002        1.012        1.00       -0.1       -0.143       -0.14       -0.1
0.145601        0.97269        0.97508        1.002        1.013        1.00       -0.1       -0.145       -0.15       -0.1
0.147969        0.97182        0.97428        1.003        1.013        1.00       -0.1       -0.147       -0.15       -0.1
0.150376        0.97092        0.97346        1.003        1.014        1.00       -0.1       -0.150       -0.15       -0.1
0.152821        0.96996        0.97258        1.003        1.014        1.00       -0.1       -0.152       -0.15       -0.2
0.155307        0.96898        0.97168        1.003        1.015        1.00       -0.1       -0.155       -0.15       -0.2
0.157833        0.96798        0.97077        1.003        1.015        1.00       -0.1       -0.157       -0.16       -0.2
0.160400        0.96696        0.96984        1.003        1.015        1.00       -0.1       -0.160       -0.16       -0.2
0.163009        0.96587        0.96884        1.003        1.016        1.00       -0.1       -0.162       -0.16       -0.2
0.165661        0.96476        0.96783        1.003        1.016        1.00       -0.1       -0.165       -0.16       -0.2
0.168355        0.96364        0.96680        1.003        1.017        1.00       -0.1       -0.168       -0.17       -0.2
0.171093        0.96247        0.96573        1.003        1.017        1.00       -0.1       -0.170       -0.17       -0.2
0.173876        0.96124        0.96461        1.004        1.018        1.00       -0.1       -0.173       -0.17       -0.2
0.176704        0.95999        0.96346        1.004        1.019        1.00       -0.2       -0.176       -0.18       -0.2
0.179578        0.95872        0.96230        1.004        1.019        1.00       -0.2       -0.179       -0.18       -0.2
0.182499        0.95737        0.96107        1.004        1.020        1.00       -0.2       -0.181       -0.18       -0.2
0.185468        0.95599        0.95981        1.004        1.020        1.00       -0.2       -0.184       -0.18       -0.2
0.188484        0.95458        0.95852        1.004        1.021        1.00       -0.2       -0.187       -0.19       -0.2
0.191550        0.95312        0.95718        1.004        1.022        1.00       -0.2       -0.190       -0.19       -0.2
0.194666        0.95160        0.95579        1.004        1.022        1.00       -0.2       -0.193       -0.19       -0.2
0.197832        0.95005        0.95437        1.005        1.023        1.00       -0.2       -0.197       -0.20       -0.2
0.201050        0.94846        0.95291        1.005        1.024        1.00       -0.2       -0.200       -0.20       -0.2
0.204320        0.94678        0.95138        1.005        1.024        1.00       -0.2       -0.203       -0.20       -0.2
0.207643        0.94508        0.94983        1.005        1.025        1.00       -0.2       -0.206       -0.21       -0.2
0.211020        0.94333        0.94822        1.005        1.026        1.00       -0.2       -0.209       -0.21       -0.2
0.214453        0.94150        0.94654        1.005        1.026        1.00       -0.2       -0.213       -0.21       -0.2
0.217941        0.93963        0.94484        1.006        1.027        1.00       -0.2       -0.216       -0.22       -0.2
0.221486        0.93770        0.94307        1.006        1.028        1.00       -0.2       -0.220       -0.22       -0.2
0.225088        0.93570        0.94123        1.006        1.029        1.00       -0.2       -0.223       -0.22       -0.2
0.228749        0.93366        0.93937        1.006        1.030        1.00       -0.2       -0.227       -0.23       -0.2
0.232470        0.93153        0.93742        1.006        1.031        1.00       -0.2       -0.230       -0.23       -0.2
0.236251        0.92934        0.93541        1.007        1.031        1.00       -0.2       -0.234       -0.23       -0.2
0.240093        0.92712        0.93337        1.007        1.032        1.00       -0.2       -0.238       -0.24       -0.2
0.243999        0.92477        0.93122        1.007        1.033        1.00       -0.2       -0.241       -0.24       -0.2
0.247967        0.92239        0.92904        1.007        1.034        1.00       -0.2       -0.245       -0.25       -0.2
0.252000        0.91993        0.92678        1.007        1.035        1.00       -0.2       -0.249       -0.25       -0.2
0.256099        0.91738        0.92444        1.008        1.036        1.00       -0.2       -0.253       -0.25       -0.3
0.260265        0.91478        0.92206        1.008        1.037        1.00       -0.2       -0.257       -0.26       -0.3
0.264498        0.91206        0.91957        1.008        1.038        1.00       -0.2       -0.261       -0.26       -0.3
0.268800        0.90930        0.91703        1.009        1.039        1.00       -0.2       -0.265       -0.27       -0.3
0.273172        0.90643        0.91439        1.009        1.040        1.00       -0.2       -0.270       -0.27       -0.3
0.277615        0.90348        0.91169        1.009        1.041        1.00       -0.2       -0.274       -0.27       -0.3
0.282131        0.90044        0.90890        1.009        1.042        1.00       -0.2       -0.278       -0.28       -0.3
0.286720        0.89731        0.90602        1.010        1.043        1.00       -0.2       -0.282       -0.28       -0.3
0.291383        0.89410        0.90308        1.010        1.044        1.00       -0.3       -0.287       -0.29       -0.3
0.296123        0.89077        0.90002        1.010        1.045        1.00       -0.3       -0.291       -0.29       -0.3
0.300939        0.88737        0.89689        1.011        1.046        1.00       -0.3       -0.296       -0.30       -0.3
0.305834        0.88384        0.89365        1.011        1.048        1.00       -0.3       -0.301       -0.30       -0.3
0.310808        0.88023        0.89033        1.011        1.049        1.00       -0.3       -0.305       -0.31       -0.3
0.315864        0.87649        0.88689        1.012        1.050        1.00       -0.3       -0.310       -0.31       -0.3
0.321001        0.87267        0.88338        1.012        1.051        1.00       -0.3       -0.315       -0.31       -0.3
0.326222        0.86872        0.87974        1.013        1.052        1.00       -0.3       -0.320       -0.32       -0.3
0.331528        0.86467        0.87601        1.013        1.053        1.00       -0.3       -0.325       -0.32       -0.3
0.336921        0.86049        0.87216        1.014        1.054        1.00       -0.3       -0.330       -0.33       -0.3
0.342401        0.85620        0.86821        1.014        1.055        1.00       -0.3       -0.335       -0.33       -0.3
0.347970        0.85179        0.86415        1.015        1.056        1.00       -0.3       -0.340       -0.34       -0.3
0.353630        0.84725        0.85996        1.015        1.057        1.00       -0.3       -0.345       -0.35       -0.3
0.359381        0.84260        0.85568        1.016        1.058        1.00       -0.3       -0.350       -0.35       -0.4
0.365227        0.83779        0.85125        1.016        1.059        1.00       -0.3       -0.356       -0.36       -0.4
0.371167        0.83288        0.84672        1.017        1.060        1.00       -0.3       -0.361       -0.36       -0.4
0.377204        0.82782        0.84204        1.017        1.060        1.00       -0.3       -0.367       -0.37       -0.4
0.383340        0.82262        0.83725        1.018        1.061        1.00       -0.3       -0.372       -0.37       -0.4
0.389575        0.81730        0.83234        1.018        1.062        1.00       -0.3       -0.378       -0.38       -0.4
0.395911        0.81182        0.82727        1.019        1.062        1.00       -0.3       -0.383       -0.38       -0.4
0.402351        0.80621        0.82209        1.020        1.062        1.00       -0.4       -0.389       -0.39       -0.4
0.408895        0.80046        0.81677        1.020        1.062        1.00       -0.4       -0.395       -0.39       -0.4
0.415546        0.79454        0.81130        1.021        1.062        1.00       -0.4       -0.401       -0.40       -0.4
0.422304        0.78849        0.80570        1.022        1.062        1.00       -0.4       -0.406       -0.41       -0.4
0.429173        0.78229        0.79996        1.023        1.062        1.00       -0.4       -0.412       -0.41       -0.4
0.436154        0.77593        0.79407        1.023        1.061        1.00       -0.4       -0.418       -0.42       -0.4
0.443248        0.76942        0.78804        1.024        1.060        1.00       -0.4       -0.424       -0.42       -0.4
0.450457        0.76277        0.78188        1.025        1.059        1.00       -0.4       -0.431       -0.43       -0.4
0.457784        0.75595        0.77555        1.026        1.058        1.00       -0.4       -0.437       -0.44       -0.4
0.465230        0.74897        0.76909        1.027        1.056        1.00       -0.4       -0.443       -0.44       -0.4
0.472797        0.74185        0.76248        1.028        1.054        1.00       -0.4       -0.449       -0.45       -0.4
0.480487        0.73458        0.75573        1.029        1.051        1.00       -0.4       -0.455       -0.46       -0.5
0.488302        0.72714        0.74882        1.030        1.047        1.00       -0.4       -0.462       -0.46       -0.5
0.496244        0.71956        0.74178        1.031        1.044        1.00       -0.4       -0.468       -0.47       -0.5
0.504316        0.71183        0.73459        1.032        1.039        1.00       -0.4       -0.474       -0.47       -0.5
0.512519        0.70395        0.72727        1.033        1.034        1.00       -0.4       -0.481       -0.48       -0.5
0.520855        0.69593        0.71980        1.034        1.028        1.00       -0.4       -0.487       -0.49       -0.5
0.529327        0.68776        0.71221        1.036        1.021        1.00       -0.4       -0.493       -0.49       -0.5
0.537936        0.67947        0.70449        1.037        1.013        1.00       -0.4       -0.500       -0.50       -0.5
0.546686        0.67104        0.69664        1.038        1.004        1.00       -0.4       -0.506       -0.51       -0.5
0.555578        0.66249        0.68868        1.040        0.994        1.00       -0.4       -0.512       -0.51       -0.5
0.564614        0.65383        0.68061        1.041        0.982        1.00       -0.4       -0.518       -0.52       -0.5
0.573798        0.64505        0.67244        1.042        0.969        1.00       -0.4       -0.525       -0.52       -0.5
0.583131        0.63619        0.66417        1.044        0.954        1.00       -0.4       -0.531       -0.53       -0.5
0.592615        0.62723        0.65583        1.046        0.937        1.00       -0.4       -0.537       -0.54       -0.5
0.602254        0.61821        0.64742        1.047        0.919        1.00       -0.4       -0.543       -0.54       -0.5
0.612050        0.60912        0.63896        1.049        0.898        1.00       -0.4       -0.549       -0.55       -0.5
0.622005        0.60000        0.63046        1.051        0.875        1.00       -0.4       -0.554       -0.55       -0.6
0.632122        0.59085        0.62195        1.053        0.849        1.00       -0.4       -0.560       -0.56       -0.6
0.642403        0.58170        0.61344        1.055        0.820        1.00       -0.4       -0.566       -0.57       -0.6
0.652852        0.57257        0.60496        1.057        0.788        1.00       -0.4       -0.571       -0.57       -0.6
0.663471        0.56349        0.59653        1.059        0.752        1.00       -0.3       -0.576       -0.58       -0.6
0.674262        0.55447        0.58818        1.061        0.712        1.00       -0.3       -0.581       -0.58       -0.6
0.685229        0.54556        0.57994        1.063        0.669        1.00       -0.3       -0.585       -0.59       -0.6
0.696374        0.53677        0.57183        1.065        0.621        1.00       -0.3       -0.590       -0.59       -0.6
0.707701        0.52814        0.56390        1.068        0.568        1.00       -0.2       -0.594       -0.59       -0.6
0.719212        0.51971        0.55618        1.070        0.510        1.00       -0.2       -0.597       -0.60       -0.6
0.730910        0.51154        0.54874        1.073        0.446        1.00       -0.1       -0.600       -0.60       -0.6
0.742798        0.50367        0.54162        1.075        0.377        1.00       -0.1       -0.603       -0.60       -0.6
0.754880        0.49612        0.53485        1.078        0.302        1.00       -0.0       -0.605       -0.61       -0.6
0.767158        0.48894        0.52846        1.081        0.220        1.00        0.0       -0.607       -0.61       -0.6
0.779636        0.48216        0.52252        1.084        0.132        1.00        0.1       -0.609       -0.61       -0.6
0.792317        0.47592        0.51715        1.087        0.037        1.00        0.2       -0.609       -0.61       -0.6
0.805204        0.47020        0.51234        1.090       -0.064        1.00        0.3       -0.609       -0.61       -0.6
0.818301        0.46503        0.50813        1.093       -0.172        1.00        0.3       -0.608       -0.61       -0.6
0.831610        0.46052        0.50463        1.096       -0.287        1.00        0.4       -0.607       -0.61       -0.6
0.845137        0.45672        0.50191        1.099       -0.408        1.00        0.6       -0.604       -0.60       -0.6
0.858883        0.45360        0.49992        1.102       -0.534        1.00        0.7       -0.601       -0.60       -0.6
0.872853        0.45130        0.49883        1.105       -0.666        1.00        0.8       -0.597       -0.60       -0.6
0.887050        0.44980        0.49861        1.109       -0.802        1.00        0.9       -0.591       -0.59       -0.6
0.901478        0.44911        0.49926        1.112       -0.941        1.00        1.1       -0.585       -0.58       -0.6
0.916140        0.44931        0.50088        1.115       -1.083        1.01        1.2       -0.577       -0.58       -0.6
0.931041        0.45030        0.50334        1.118       -1.225        1.01        1.3       -0.568       -0.57       -0.6
0.946185        0.45214        0.50673        1.121       -1.367        1.01        1.5       -0.558       -0.56       -0.6
0.961575        0.45471        0.51086        1.123       -1.507        1.01        1.6       -0.546       -0.55       -0.5
0.977215        0.45798        0.51571        1.126       -1.642        1.01        1.8       -0.533       -0.53       -0.5
0.993109        0.46180        0.52110        1.128       -1.772        1.01        1.9       -0.518       -0.52       -0.5
1.009262        0.46603        0.52683        1.130       -1.893        1.01        2.1       -0.502       -0.50       -0.5
1.025678        0.47047        0.53266        1.132       -2.003        1.01        2.2       -0.484       -0.48       -0.5
1.042361        0.47490        0.53831        1.134       -2.101        1.01        2.3       -0.465       -0.46       -0.5
1.059315        0.47903        0.54341        1.134       -2.182        1.02        2.5       -0.444       -0.44       -0.4
1.076545        0.48251        0.54752        1.135       -2.244        1.02        2.6       -0.422       -0.42       -0.4
1.094055        0.48503        0.55026        1.134       -2.284        1.02        2.6       -0.399       -0.40       -0.4
1.111850        0.48623        0.55119        1.134       -2.298        1.02        2.7       -0.376       -0.38       -0.4
1.129934        0.48574        0.54987        1.132       -2.281        1.02        2.7       -0.352       -0.35       -0.4
1.148312        0.48315        0.54579        1.130       -2.225        1.02        2.7       -0.328       -0.33       -0.3
1.166990        0.47831        0.53880        1.126       -2.127        1.02        2.6       -0.305       -0.30       -0.3
1.185971        0.47113        0.52883        1.122       -1.982        1.02        2.5       -0.282       -0.28       -0.3
1.205261        0.46172        0.51604        1.118       -1.783        1.02        2.3       -0.262       -0.26       -0.3
1.224865        0.45046        0.50091        1.112       -1.531        1.02        2.0       -0.245       -0.24       -0.2
1.244787        0.43804        0.48429        1.106       -1.229        1.01        1.6       -0.231       -0.23       -0.2
1.265034        0.42538        0.46728        1.099       -0.886        1.01        1.2       -0.220       -0.22       -0.2
1.285610        0.41356        0.45116        1.091       -0.519        1.01        0.8       -0.213       -0.21       -0.2
1.306520        0.40364        0.43713        1.083       -0.145        1.00        0.3       -0.210       -0.21       -0.2
1.327771        0.39640        0.42609        1.075        0.215        0.99       -0.2       -0.211       -0.21       -0.2
1.349367        0.39220        0.41846        1.067        0.546        0.98       -0.6       -0.215       -0.22       -0.2
1.371315        0.39091        0.41410        1.059        0.835        0.97       -1.0       -0.222       -0.22       -0.2
1.393619        0.39164        0.41213        1.052        1.074        0.97       -1.4       -0.231       -0.23       -0.2
1.416287        0.39287        0.41103        1.046        1.256        0.96       -1.7       -0.243       -0.24       -0.2
1.439323        0.39271        0.40890        1.041        1.372        0.95       -1.9       -0.255       -0.26       -0.3
1.462733        0.38885        0.40349        1.038        1.412        0.95       -1.9       -0.269       -0.27       -0.3
1.486525        0.37953        0.39304        1.036        1.375        0.94       -1.9       -0.282       -0.28       -0.3
1.510703        0.36384        0.37668        1.035        1.264        0.94       -1.8       -0.294       -0.29       -0.3
1.535275        0.34190        0.35448        1.037        1.090        0.94       -1.5       -0.305       -0.30       -0.3
1.560246        0.31576        0.32840        1.040        0.876        0.94       -1.2       -0.313       -0.31       -0.3
1.585624        0.28788        0.30083        1.045        0.650        0.95       -0.8       -0.318       -0.32       -0.3
1.611414        0.26103        0.27445        1.051        0.433        0.95       -0.5       -0.322       -0.32       -0.3
1.637624        0.23741        0.25145        1.059        0.240        0.96       -0.2       -0.323       -0.32       -0.3
1.664260        0.21832        0.23315        1.068        0.078        0.98        0.1       -0.323       -0.32       -0.3
1.691330        0.20428        0.22010        1.077       -0.054        0.99        0.4       -0.322       -0.32       -0.3
1.718839        0.19546        0.21254        1.087       -0.159        1.00        0.6       -0.320       -0.32       -0.3
1.746796        0.19150        0.21015        1.097       -0.242        1.02        0.7       -0.318       -0.32       -0.3
1.775208        0.19165        0.21218        1.107       -0.304        1.03        0.8       -0.315       -0.31       -0.3
1.804082        0.19475        0.21734        1.116       -0.348        1.04        0.9       -0.311       -0.31       -0.3
1.833425        0.19892        0.22351        1.124       -0.369        1.05        1.0       -0.308       -0.31       -0.3
1.863246        0.20161        0.22768        1.129       -0.364        1.06        1.0       -0.304       -0.30       -0.3
1.893552        0.20005        0.22658        1.133       -0.329        1.07        0.9       -0.301       -0.30       -0.3
1.924351        0.19244        0.21807        1.133       -0.266        1.07        0.8       -0.299       -0.30       -0.3
1.955651        0.17898        0.20242        1.131       -0.185        1.06        0.7       -0.297       -0.30       -0.3
1.987460        0.16176        0.18216        1.126       -0.098        1.06        0.5       -0.297       -0.30       -0.3
2.019786        0.14364        0.16075        1.119       -0.017        1.05        0.4       -0.298       -0.30       -0.3
2.052638        0.12704        0.14106        1.110        0.051        1.03        0.3       -0.299       -0.30       -0.3
2.086024        0.11324        0.12462        1.100        0.105        1.02        0.3       -0.301       -0.30       -0.3
2.119953        0.10261        0.11183        1.090        0.145        1.00        0.2       -0.303       -0.30       -0.3
2.154435        0.09513        0.10264        1.079        0.170        0.99        0.2       -0.305       -0.30       -0.3
2.189477        0.09031        0.09646        1.068        0.184        0.97        0.2       -0.307       -0.31       -0.3
2.225089        0.08780        0.09285        1.057        0.186        0.96        0.2       -0.308       -0.31       -0.3
2.261280        0.08706        0.09118        1.047        0.178        0.94        0.2       -0.310       -0.31       -0.3
2.298060        0.08759        0.09091        1.038        0.164        0.93        0.3       -0.312       -0.31       -0.3
2.335438        0.08877        0.09138        1.029        0.144        0.92        0.3       -0.313       -0.31       -0.3
2.373424        0.08986        0.09185        1.022        0.121        0.91        0.3       -0.315       -0.31       -0.3
2.412028        0.09009        0.09154        1.016        0.096        0.90        0.4       -0.316       -0.32       -0.3
2.451260        0.08871        0.08973        1.012        0.071        0.90        0.5       -0.316       -0.32       -0.3
2.491130        0.08522        0.08596        1.009        0.045        0.89        0.5       -0.317       -0.32       -0.3
2.531648        0.07956        0.08013        1.007        0.017        0.89        0.7       -0.317       -0.32       -0.3
2.572826        0.07209        0.07263        1.007       -0.012        0.89        0.8       -0.317       -0.32       -0.3
2.614673        0.06353        0.06411        1.009       -0.046        0.89        1.0       -0.317       -0.32       -0.3
2.657201        0.05467        0.05533        1.012       -0.084        0.89        1.3       -0.317       -0.32       -0.3
2.700421        0.04619        0.04694        1.016       -0.130        0.90        1.6       -0.316       -0.32       -0.3
2.744343        0.03854        0.03938        1.022       -0.185        0.90        2.0       -0.316       -0.32       -0.3
2.788980        0.03193        0.03282        1.028       -0.251        0.91        2.5       -0.315       -0.31       -0.3
2.834343        0.02640        0.02732        1.035       -0.329        0.91        3.1       -0.314       -0.31       -0.3
2.880444        0.02185        0.02278        1.042       -0.420        0.92        3.8       -0.313       -0.31       -0.3
2.927295        0.01818        0.01910        1.051       -0.527        0.93        4.6       -0.313       -0.31       -0.3
2.974908        0.01521        0.01612        1.059       -0.649        0.93        5.6       -0.312       -0.31       -0.3
3.023295        0.01283        0.01371        1.069       -0.786        0.94        6.7       -0.311       -0.31       -0.3
3.072469        0.01091        0.01176        1.078       -0.940        0.95        8.0       -0.310       -0.31       -0.3
3.122443        0.00935        0.01018        1.088       -1.110        0.95        9.4       -0.309       -0.31       -0.3
3.173230        0.00809        0.00889        1.099       -1.294        0.96       11.0       -0.309       -0.31       -0.3
3.224842        0.00705        0.00782        1.109       -1.495        0.96       12.7       -0.308       -0.31       -0.3
3.277295        0.00622        0.00696        1.120       -1.711        0.97       14.5       -0.307       -0.31       -0.3
3.330600        0.00562        0.00635        1.131       -1.926        0.97       16.3       -0.306       -0.31       -0.3
3.384773        0.00495        0.00565        1.143       -2.192        0.98       18.6       -0.306       -0.31       -0.3
3.439826        0.00442        0.00510        1.156       -2.460        0.98       20.9       -0.305       -0.31       -0.3
3.495776        0.00397        0.00464        1.168       -2.738        0.99       23.4       -0.304       -0.30       -0.3
3.552635        0.00359        0.00424        1.182       -3.028        0.99       26.1       -0.304       -0.30       -0.3
3.610419        0.00327        0.00390        1.195       -3.331        1.00       28.8       -0.303       -0.30       -0.3
3.669142        0.00298        0.00361        1.209       -3.646        1.00       31.7       -0.302       -0.30       -0.3
3.728821        0.00274        0.00335        1.224       -3.973        1.00       34.8       -0.301       -0.30       -0.3
3.789471        0.00252        0.00312        1.239       -4.313        1.01       38.0       -0.301       -0.30       -0.3
3.851107        0.00233        0.00292        1.254       -4.665        1.01       41.3       -0.300       -0.30       -0.3
3.913746        0.00216        0.00274        1.270       -5.031        1.01       44.8       -0.299       -0.30       -0.3
3.977403        0.00201        0.00258        1.286       -5.409        1.02       48.5       -0.299       -0.30       -0.3
4.042096        0.00187        0.00244        1.303       -5.801        1.02       52.3       -0.298       -0.30       -0.3
4.107841        0.00175        0.00231        1.320       -6.207        1.02       56.3       -0.297       -0.30       -0.3
4.174655        0.00164        0.00219        1.338       -6.628        1.03       60.5       -0.296       -0.30       -0.3
4.242556        0.00154        0.00209        1.357       -7.065        1.03       64.9       -0.295       -0.30       -0.3
4.311562        0.00145        0.00199        1.376       -7.518        1.04       69.5       -0.294       -0.29       -0.3
4.381690        0.00136        0.00190        1.395       -7.990        1.04       74.3       -0.294       -0.29       -0.3
4.452959        0.00128        0.00182        1.416       -8.481        1.04       79.3       -0.293       -0.29       -0.3
4.525386        0.00121        0.00174        1.437       -8.993        1.05       84.6       -0.292       -0.29       -0.3
4.598992        0.00115        0.00167        1.459       -9.530        1.05       90.2       -0.291       -0.29       -0.3
4.673795        0.00109        0.00161        1.481      -10.093        1.06       96.0       -0.289       -0.29       -0.3
4.749815        0.00103        0.00155        1.505      -10.686        1.06      102.1       -0.288       -0.29       -0.3
4.827071        0.00098        0.00149        1.529      -11.314        1.06      108.6       -0.287       -0.29       -0.3
4.905584        0.00093        0.00144        1.555      -11.982        1.07      115.5       -0.285       -0.29       -0.3
4.985373        0.00088        0.00139        1.581      -12.699        1.08      122.9       -0.284       -0.28       -0.3
5.066461        0.00084        0.00135        1.609      -13.473        1.08      130.8       -0.282       -0.28       -0.3
5.148867        0.00080        0.00130        1.638      -14.319        1.09      139.3       -0.280       -0.28       -0.3
5.232614        0.00076        0.00126        1.669      -15.256        1.10      148.6       -0.278       -0.28       -0.3
5.317723        0.00072        0.00122        1.701      -16.311        1.11      158.8       -0.275       -0.27       -0.3
5.404216        0.00068        0.00119        1.735      -17.529        1.13      170.3       -0.271       -0.27       -0.3
5.492116        0.00065        0.00115        1.771      -18.979        1.15      183.4       -0.267       -0.27       -0.3
5.581446        0.00062        0.00112        1.810      -20.787        1.17      199.1       -0.261       -0.26       -0.3
5.672229        0.00059        0.00108        1.853      -23.206        1.22      219.0       -0.252       -0.25       -0.3
5.764488        0.00055        0.00105        1.901      -26.852        1.30      246.8       -0.236       -0.24       -0.2
5.858248        0.00052        0.00102        1.958      -33.934        1.52      296.4       -0.193       -0.19       -0.2
5.953533        0.00049        0.00096        1.990      -38.558        1.77      334.7       -0.144       -0.14       -0.1
6.050368        0.00045        0.00091        2.015      -41.436        1.95      363.2       -0.107       -0.11       -0.1
6.148778        0.00042        0.00086        2.059      -39.771        1.76      364.4       -0.140       -0.14       -0.1
6.248788        0.00039        0.00084        2.122      -35.390        1.47      348.0       -0.193       -0.19       -0.2
6.350425        0.00037        0.00082        2.180      -33.404        1.36      345.2       -0.211       -0.21       -0.2
6.453715        0.00036        0.00080        2.235      -32.394        1.31      348.0       -0.220       -0.22       -0.2
6.558686        0.00034        0.00078        2.289      -31.804        1.27      353.2       -0.226       -0.23       -0.2
6.665363        0.00033        0.00077        2.342      -31.484        1.24      360.0       -0.229       -0.23       -0.2
6.773776        0.00032        0.00076        2.394      -31.327        1.22      367.8       -0.232       -0.23       -0.2
6.883952        0.00030        0.00074        2.447      -31.274        1.20      376.3       -0.233       -0.23       -0.2
6.995920        0.00029        0.00073        2.500      -31.304        1.19      385.4       -0.234       -0.23       -0.2
7.109709        0.00028        0.00072        2.553      -31.386        1.18      394.9       -0.235       -0.23       -0.2
7.225349        0.00027        0.00071        2.607      -31.509        1.17      404.9       -0.235       -0.24       -0.2
7.342870        0.00026        0.00070        2.661      -31.663        1.16      415.2       -0.235       -0.24       -0.2
7.462303        0.00026        0.00069        2.716      -31.839        1.15      425.8       -0.235       -0.24       -0.2
7.583678        0.00025        0.00069        2.772      -32.033        1.14      436.7       -0.235       -0.24       -0.2
7.707027        0.00024        0.00068        2.829      -32.239        1.14      447.8       -0.235       -0.23       -0.2
7.832383        0.00023        0.00067        2.886      -32.455        1.13      459.2       -0.234       -0.23       -0.2
7.959777        0.00023        0.00066        2.944      -32.677        1.12      470.8       -0.234       -0.23       -0.2
8.089243        0.00022        0.00066        3.003      -32.904        1.12      482.7       -0.233       -0.23       -0.2
8.220816        0.00021        0.00065        3.063      -33.132        1.11      494.8       -0.233       -0.23       -0.2
8.354528        0.00021        0.00064        3.124      -33.362        1.11      507.1       -0.232       -0.23       -0.2
8.490415        0.00020        0.00064        3.186      -33.591        1.10      519.7       -0.231       -0.23       -0.2
8.628513        0.00019        0.00063        3.249      -33.818        1.10      532.4       -0.230       -0.23       -0.2
8.768856        0.00019        0.00063        3.313      -34.042        1.10      545.3       -0.230       -0.23       -0.2
8.911482        0.00018        0.00062        3.379      -34.262        1.09      558.5       -0.229       -0.23       -0.2
9.056428        0.00018        0.00061        3.445      -34.477        1.09      571.8       -0.228       -0.23       -0.2
9.203732        0.00017        0.00061        3.512      -34.687        1.08      585.4       -0.227       -0.23       -0.2
9.353432        0.00017        0.00060        3.581      -34.890        1.08      599.1       -0.226       -0.23       -0.2
9.505566        0.00016        0.00060        3.651      -35.087        1.07      613.0       -0.225       -0.22       -0.2
9.660175        0.00016        0.00059        3.722      -35.276        1.07      627.1       -0.224       -0.22       -0.2
9.817298        0.00016        0.00059        3.794      -35.456        1.07      641.4       -0.223       -0.22       -0.2
9.976978        0.00015        0.00058        3.867      -35.629        1.06      655.9       -0.222       -0.22       -0.2
10.139254        0.00015        0.00058        3.941      -35.792        1.06      670.5       -0.221       -0.22       -0.2
10.304170        0.00014        0.00058        4.017      -35.946        1.05      685.3       -0.219       -0.22       -0.2
10.471768        0.00014        0.00057        4.094      -36.091        1.05      700.3       -0.218       -0.22       -0.2
10.642092        0.00014        0.00057        4.172      -36.224        1.05      715.5       -0.217       -0.22       -0.2
10.815187        0.00013        0.00056        4.251      -36.347        1.04      730.7       -0.216       -0.22       -0.2
10.991097        0.00013        0.00056        4.331      -36.460        1.04      746.2       -0.215       -0.21       -0.2
11.169868        0.00013        0.00056        4.413      -36.561        1.04      761.8       -0.214       -0.21       -0.2
11.351547        0.00012        0.00055        4.496      -36.651        1.03      777.5       -0.212       -0.21       -0.2
11.536181        0.00012        0.00055        4.580      -36.729        1.03      793.4       -0.211       -0.21       -0.2
11.723818        0.00012        0.00054        4.665      -36.795        1.02      809.4       -0.210       -0.21       -0.2
11.914507        0.00011        0.00054        4.752      -36.849        1.02      825.6       -0.209       -0.21       -0.2
12.108298        0.00011        0.00054        4.839      -36.891        1.02      841.8       -0.207       -0.21       -0.2
12.305240        0.00011        0.00053        4.928      -36.920        1.01      858.2       -0.206       -0.21       -0.2
12.505386        0.00011        0.00053        5.018      -36.937        1.01      874.7       -0.205       -0.20       -0.2
12.708787        0.00010        0.00053        5.110      -36.941        1.01      891.3       -0.204       -0.20       -0.2
12.915497        0.00010        0.00052        5.202      -36.933        1.00      908.0       -0.202       -0.20       -0.2
13.125568        0.00010        0.00052        5.295      -36.911        1.00      924.8       -0.201       -0.20       -0.2
13.339057        0.00010        0.00052        5.390      -36.877        0.99      941.7       -0.200       -0.20       -0.2
13.556018        0.00009        0.00051        5.485      -36.830        0.99      958.6       -0.199       -0.20       -0.2
13.776508        0.00009        0.00051        5.582      -36.770        0.99      975.7       -0.197       -0.20       -0.2
14.000584        0.00009        0.00051        5.680      -36.697        0.98      992.8       -0.196       -0.20       -0.2
14.228305        0.00009        0.00050        5.779      -36.611        0.98     1010.0       -0.195       -0.19       -0.2
14.459729        0.00009        0.00050        5.879      -36.513        0.98     1027.2       -0.193       -0.19       -0.2
14.694918        0.00008        0.00050        5.979      -36.402        0.97     1044.5       -0.192       -0.19       -0.2
14.933932        0.00008        0.00049        6.081      -36.279        0.97     1061.8       -0.191       -0.19       -0.2
15.176834        0.00008        0.00049        6.184      -36.143        0.97     1079.2       -0.190       -0.19       -0.2
15.423686        0.00008        0.00049        6.287      -35.995        0.96     1096.6       -0.188       -0.19       -0.2
15.674554        0.00008        0.00049        6.392      -35.834        0.96     1114.0       -0.187       -0.19       -0.2
15.929502        0.00007        0.00048        6.497      -35.662        0.96     1131.4       -0.186       -0.19       -0.2
16.188597        0.00007        0.00048        6.603      -35.478        0.95     1148.9       -0.184       -0.18       -0.2
16.451906        0.00007        0.00048        6.710      -35.283        0.95     1166.3       -0.183       -0.18       -0.2
16.719498        0.00007        0.00047        6.818      -35.076        0.95     1183.8       -0.182       -0.18       -0.2
16.991442        0.00007        0.00047        6.926      -34.858        0.94     1201.2       -0.181       -0.18       -0.2
17.267809        0.00007        0.00047        7.035      -34.629        0.94     1218.7       -0.179       -0.18       -0.2
17.548671        0.00007        0.00047        7.145      -34.390        0.94     1236.1       -0.178       -0.18       -0.2
17.834102        0.00006        0.00046        7.255      -34.140        0.93     1253.5       -0.177       -0.18       -0.2
18.124175        0.00006        0.00046        7.366      -33.881        0.93     1270.8       -0.176       -0.18       -0.2
18.418967        0.00006        0.00046        7.477      -33.611        0.93     1288.2       -0.174       -0.17       -0.2
18.718553        0.00006        0.00045        7.589      -33.333        0.92     1305.5       -0.173       -0.17       -0.2
19.023012        0.00006        0.00045        7.701      -33.045        0.92     1322.7       -0.172       -0.17       -0.2
19.332423        0.00006        0.00045        7.814      -32.748        0.92     1339.9       -0.171       -0.17       -0.2
19.646866        0.00006        0.00045        7.927      -32.443        0.91     1357.0       -0.169       -0.17       -0.2
19.966425        0.00006        0.00044        8.041      -32.130        0.91     1374.1       -0.168       -0.17       -0.2
20.291180        0.00005        0.00044        8.155      -31.809        0.91     1391.1       -0.167       -0.17       -0.2
20.621218        0.00005        0.00044        8.269      -31.481        0.90     1408.0       -0.166       -0.17       -0.2
20.956624        0.00005        0.00044        8.383      -31.146        0.90     1424.8       -0.165       -0.16       -0.2
21.297485        0.00005        0.00043        8.497      -30.804        0.90     1441.6       -0.164       -0.16       -0.2
21.643891        0.00005        0.00043        8.612      -30.456        0.90     1458.2       -0.162       -0.16       -0.2
21.995931        0.00005        0.00043        8.726      -30.101        0.89     1474.8       -0.161       -0.16       -0.2
22.353696        0.00005        0.00043        8.841      -29.741        0.89     1491.3       -0.160       -0.16       -0.2
22.717281        0.00005        0.00042        8.956      -29.376        0.89     1507.7       -0.159       -0.16       -0.2
23.086780        0.00005        0.00042        9.071      -29.006        0.88     1524.0       -0.158       -0.16       -0.2
23.462288        0.00005        0.00042        9.185      -28.631        0.88     1540.1       -0.157       -0.16       -0.2
23.843905        0.00004        0.00042        9.300      -28.252        0.88     1556.2       -0.156       -0.16       -0.2
24.231728        0.00004        0.00041        9.414      -27.869        0.88     1572.1       -0.154       -0.15       -0.2
24.625859        0.00004        0.00041        9.529      -27.483        0.87     1587.9       -0.153       -0.15       -0.2
25.026401        0.00004        0.00041        9.643      -27.093        0.87     1603.6       -0.152       -0.15       -0.2
25.433458        0.00004        0.00041        9.757      -26.701        0.87     1619.2       -0.151       -0.15       -0.2
25.847135        0.00004        0.00040        9.870      -26.306        0.87     1634.7       -0.150       -0.15       -0.2
26.267541        0.00004        0.00040        9.983      -25.909        0.86     1650.0       -0.149       -0.15       -0.1
26.694785        0.00004        0.00040       10.096      -25.510        0.86     1665.2       -0.148       -0.15       -0.1
27.128978        0.00004        0.00040       10.209      -25.110        0.86     1680.3       -0.147       -0.15       -0.1
27.570233        0.00004        0.00040       10.321      -24.708        0.86     1695.2       -0.146       -0.15       -0.1
28.018666        0.00004        0.00039       10.432      -24.305        0.85     1710.0       -0.145       -0.15       -0.1
28.474392        0.00004        0.00039       10.544      -23.901        0.85     1724.6       -0.144       -0.14       -0.1
28.937530        0.00004        0.00039       10.654      -23.498        0.85     1739.1       -0.143       -0.14       -0.1
29.408202        0.00004        0.00039       10.764      -23.094        0.85     1753.5       -0.142       -0.14       -0.1
29.886529        0.00004        0.00038       10.874      -22.690        0.84     1767.7       -0.141       -0.14       -0.1
30.372636        0.00003        0.00038       10.983      -22.287        0.84     1781.8       -0.140       -0.14       -0.1
30.866649        0.00003        0.00038       11.091      -21.884        0.84     1795.7       -0.139       -0.14       -0.1
31.368698        0.00003        0.00038       11.198      -21.482        0.84     1809.5       -0.138       -0.14       -0.1
31.878913        0.00003        0.00038       11.305      -21.081        0.84     1823.1       -0.137       -0.14       -0.1
32.397426        0.00003        0.00037       11.411      -20.682        0.83     1836.6       -0.136       -0.14       -0.1
32.924373        0.00003        0.00037       11.517      -20.284        0.83     1849.9       -0.136       -0.14       -0.1
33.459891        0.00003        0.00037       11.621      -19.888        0.83     1863.1       -0.135       -0.13       -0.1
34.004119        0.00003        0.00037       11.725      -19.494        0.83     1876.1       -0.134       -0.13       -0.1
34.557199        0.00003        0.00037       11.828      -19.102        0.83     1889.0       -0.133       -0.13       -0.1
35.119275        0.00003        0.00036       11.930      -18.712        0.82     1901.7       -0.132       -0.13       -0.1
35.690493        0.00003        0.00036       12.031      -18.326        0.82     1914.3       -0.131       -0.13       -0.1
36.271003        0.00003        0.00036       12.132      -17.941        0.82     1926.7       -0.130       -0.13       -0.1
36.860954        0.00003        0.00036       12.231      -17.560        0.82     1939.0       -0.129       -0.13       -0.1
37.460500        0.00003        0.00036       12.329      -17.181        0.82     1951.1       -0.129       -0.13       -0.1
38.069799        0.00003        0.00035       12.427      -16.805        0.82     1963.0       -0.128       -0.13       -0.1
38.689007        0.00003        0.00035       12.523      -16.433        0.81     1974.8       -0.127       -0.13       -0.1
39.318288        0.00003        0.00035       12.619      -16.064        0.81     1986.4       -0.126       -0.13       -0.1
39.957803        0.00003        0.00035       12.713      -15.699        0.81     1997.9       -0.125       -0.13       -0.1
40.607720        0.00003        0.00035       12.806      -15.337        0.81     2009.2       -0.125       -0.12       -0.1
41.268208        0.00003        0.00034       12.899      -14.979        0.81     2020.4       -0.124       -0.12       -0.1
41.939440        0.00003        0.00034       12.990      -14.624        0.81     2031.4       -0.123       -0.12       -0.1
42.621588        0.00003        0.00034       13.080      -14.274        0.81     2042.3       -0.122       -0.12       -0.1
43.314832        0.00003        0.00034       13.169      -13.927        0.80     2053.0       -0.122       -0.12       -0.1
44.019352        0.00003        0.00034       13.257      -13.585        0.80     2063.6       -0.121       -0.12       -0.1
44.735331        0.00003        0.00034       13.343      -13.246        0.80     2074.0       -0.120       -0.12       -0.1
45.462955        0.00002        0.00033       13.429      -12.911        0.80     2084.2       -0.119       -0.12       -0.1
46.202414        0.00002        0.00033       13.513      -12.581        0.80     2094.3       -0.119       -0.12       -0.1
46.953900        0.00002        0.00033       13.597      -12.255        0.80     2104.3       -0.118       -0.12       -0.1
47.717609        0.00002        0.00033       13.678      -11.933        0.80     2114.1       -0.117       -0.12       -0.1
48.493741        0.00002        0.00033       13.759      -11.616        0.80     2123.7       -0.116       -0.12       -0.1
49.282496        0.00002        0.00033       13.839      -11.302        0.79     2133.2       -0.116       -0.12       -0.1
50.084080        0.00002        0.00032       13.917      -10.994        0.79     2142.6       -0.115       -0.12       -0.1
50.898702        0.00002        0.00032       13.994      -10.689        0.79     2151.8       -0.114       -0.11       -0.1
51.726574        0.00002        0.00032       14.070      -10.389        0.79     2160.8       -0.114       -0.11       -0.1
52.567911        0.00002        0.00032       14.144      -10.094        0.79     2169.7       -0.113       -0.11       -0.1
53.422933        0.00002        0.00032       14.218       -9.802        0.79     2178.5       -0.112       -0.11       -0.1
54.291862        0.00002        0.00032       14.289       -9.516        0.79     2187.1       -0.112       -0.11       -0.1
55.174924        0.00002        0.00031       14.360       -9.233        0.79     2195.5       -0.111       -0.11       -0.1
56.072349        0.00002        0.00031       14.429       -8.955        0.79     2203.9       -0.110       -0.11       -0.1
56.984371        0.00002        0.00031       14.497       -8.682        0.79     2212.0       -0.110       -0.11       -0.1
57.911226        0.00002        0.00031       14.564       -8.413        0.79     2220.1       -0.109       -0.11       -0.1
58.853158        0.00002        0.00031       14.630       -8.148        0.78     2227.9       -0.108       -0.11       -0.1
59.810410        0.00002        0.00031       14.694       -7.888        0.78     2235.7       -0.108       -0.11       -0.1
60.783231        0.00002        0.00030       14.756       -7.632        0.78     2243.3       -0.107       -0.11       -0.1
61.771876        0.00002        0.00030       14.818       -7.381        0.78     2250.7       -0.107       -0.11       -0.1
62.776601        0.00002        0.00030       14.878       -7.133        0.78     2258.1       -0.106       -0.11       -0.1
63.797668        0.00002        0.00030       14.937       -6.891        0.78     2265.2       -0.105       -0.11       -0.1
64.835343        0.00002        0.00030       14.994       -6.652        0.78     2272.3       -0.105       -0.10       -0.1
65.889896        0.00002        0.00030       15.050       -6.418        0.78     2279.2       -0.104       -0.10       -0.1
66.961601        0.00002        0.00029       15.105       -6.188        0.78     2285.9       -0.104       -0.10       -0.1
68.050737        0.00002        0.00029       15.158       -5.962        0.78     2292.6       -0.103       -0.10       -0.1
69.157588        0.00002        0.00029       15.210       -5.740        0.78     2299.0       -0.102       -0.10       -0.1
70.282443        0.00002        0.00029       15.260       -5.522        0.78     2305.4       -0.102       -0.10       -0.1
71.425593        0.00002        0.00029       15.309       -5.309        0.78     2311.6       -0.101       -0.10       -0.1
72.587337        0.00002        0.00029       15.357       -5.099        0.78     2317.7       -0.101       -0.10       -0.1
73.767976        0.00002        0.00029       15.404       -4.894        0.78     2323.7       -0.100       -0.10       -0.1
74.967819        0.00002        0.00028       15.449       -4.692        0.78     2329.5       -0.100       -0.10       -0.1
76.187177        0.00002        0.00028       15.492       -4.495        0.78     2335.1       -0.099       -0.10       -0.1
77.426368        0.00002        0.00028       15.535       -4.301        0.78     2340.7       -0.099       -0.10       -0.1
78.685715        0.00002        0.00028       15.575       -4.112        0.78     2346.1       -0.098       -0.10       -0.1
79.965545        0.00002        0.00028       15.615       -3.926        0.78     2351.4       -0.097       -0.10       -0.1
81.266192        0.00002        0.00028       15.653       -3.743        0.78     2356.6       -0.097       -0.10       -0.1
82.587994        0.00002        0.00028       15.690       -3.565        0.78     2361.6       -0.096       -0.10       -0.1
83.931295        0.00002        0.00027       15.725       -3.390        0.78     2366.5       -0.096       -0.10       -0.1
85.296445        0.00002        0.00027       15.759       -3.219        0.78     2371.3       -0.095       -0.10       -0.1
86.683799        0.00002        0.00027       15.792       -3.051        0.78     2375.9       -0.095       -0.09       -0.1
88.093719        0.00002        0.00027       15.823       -2.887        0.78     2380.4       -0.094       -0.09       -0.1
89.526571        0.00002        0.00027       15.853       -2.727        0.78     2384.8       -0.094       -0.09       -0.1
90.982729        0.00002        0.00027       15.881       -2.570        0.78     2389.1       -0.093       -0.09       -0.1
92.462571        0.00002        0.00027       15.908       -2.416        0.78     2393.2       -0.093       -0.09       -0.1
93.966483        0.00002        0.00026       15.934       -2.266        0.78     2397.3       -0.092       -0.09       -0.1
95.494856        0.00002        0.00026       15.959       -2.119        0.78     2401.2       -0.092       -0.09       -0.1
97.048089        0.00002        0.00026       15.981       -1.975        0.78     2404.9       -0.091       -0.09       -0.1
98.626585        0.00002        0.00026       16.003       -1.835        0.78     2408.6       -0.091       -0.09       -0.1
100.230755        0.00002        0.00026       16.023       -1.697        0.78     2412.1       -0.090       -0.09       -0.1
101.861017        0.00002        0.00026       16.042       -1.563        0.78     2415.5       -0.090       -0.09       -0.1
103.517796        0.00002        0.00026       16.060       -1.432        0.78     2418.8       -0.089       -0.09       -0.1
105.201522        0.00002        0.00025       16.076       -1.304        0.78     2422.0       -0.089       -0.09       -0.1
106.912634        0.00002        0.00025       16.091       -1.178        0.78     2425.0       -0.088       -0.09       -0.1
108.651577        0.00002        0.00025       16.105       -1.056        0.78     2428.0       -0.088       -0.09       -0.1
110.418805        0.00002        0.00025       16.117       -0.937        0.78     2430.8       -0.087       -0.09       -0.1
112.214777        0.00002        0.00025       16.128       -0.820        0.78     2433.5       -0.087       -0.09       -0.1
114.039960        0.00002        0.00025       16.137       -0.706        0.78     2436.1       -0.086       -0.09       -0.1
115.894830        0.00002        0.00025       16.146       -0.595        0.78     2438.5       -0.086       -0.09       -0.1
117.779870        0.00002        0.00024       16.153       -0.487        0.78     2440.9       -0.085       -0.09       -0.1
119.695570        0.00002        0.00024       16.158       -0.381        0.78     2443.1       -0.085       -0.08       -0.1
121.642429        0.00001        0.00024       16.162       -0.278        0.78     2445.2       -0.084       -0.08       -0.1
123.620954        0.00001        0.00024       16.165       -0.178        0.78     2447.2       -0.084       -0.08       -0.1
125.631660        0.00001        0.00024       16.167       -0.080        0.78     2449.1       -0.083       -0.08       -0.1
127.675070        0.00001        0.00024       16.168        0.016        0.78     2450.9       -0.083       -0.08       -0.1
129.751717        0.00001        0.00024       16.167        0.109        0.78     2452.5       -0.082       -0.08       -0.1
131.862140        0.00001        0.00024       16.165        0.199        0.78     2454.1       -0.082       -0.08       -0.1
134.006890        0.00001        0.00023       16.161        0.288        0.78     2455.5       -0.081       -0.08       -0.1
136.186524        0.00001        0.00023       16.157        0.374        0.78     2456.9       -0.081       -0.08       -0.1
138.401610        0.00001        0.00023       16.151        0.457        0.79     2458.1       -0.081       -0.08       -0.1
140.652724        0.00001        0.00023       16.143        0.539        0.79     2459.2       -0.080       -0.08       -0.1
142.940453        0.00001        0.00023       16.135        0.618        0.79     2460.2       -0.080       -0.08       -0.1
145.265393        0.00001        0.00023       16.125        0.696        0.79     2461.1       -0.079       -0.08       -0.1
147.628147        0.00001        0.00023       16.115        0.771        0.79     2461.9       -0.079       -0.08       -0.1
150.029332        0.00001        0.00022       16.102        0.844        0.79     2462.6       -0.078       -0.08       -0.1
152.469573        0.00001        0.00022       16.089        0.915        0.79     2463.1       -0.078       -0.08       -0.1
154.949504        0.00001        0.00022       16.075        0.984        0.79     2463.6       -0.077       -0.08       -0.1
157.469771        0.00001        0.00022       16.059        1.051        0.79     2464.0       -0.077       -0.08       -0.1
160.031031        0.00001        0.00022       16.042        1.116        0.79     2464.2       -0.076       -0.08       -0.1
162.633950        0.00001        0.00022       16.024        1.180        0.79     2464.4       -0.076       -0.08       -0.1
165.279206        0.00001        0.00022       16.005        1.242        0.80     2464.4       -0.076       -0.08       -0.1
167.967487        0.00001        0.00022       15.984        1.301        0.80     2464.3       -0.075       -0.08       -0.1
170.699493        0.00001        0.00021       15.963        1.359        0.80     2464.2       -0.075       -0.07       -0.1
173.475936        0.00001        0.00021       15.940        1.416        0.80     2463.9       -0.074       -0.07       -0.1
176.297538        0.00001        0.00021       15.916        1.470        0.80     2463.6       -0.074       -0.07       -0.1
179.165033        0.00001        0.00021       15.891        1.524        0.80     2463.1       -0.073       -0.07       -0.1
182.079168        0.00001        0.00021       15.865        1.575        0.80     2462.5       -0.073       -0.07       -0.1
185.040702        0.00001        0.00021       15.838        1.625        0.80     2461.9       -0.073       -0.07       -0.1
188.050406        0.00001        0.00021       15.809        1.673        0.81     2461.1       -0.072       -0.07       -0.1
191.109062        0.00001        0.00021       15.780        1.720        0.81     2460.2       -0.072       -0.07       -0.1
194.217468        0.00001        0.00020       15.749        1.765        0.81     2459.2       -0.071       -0.07       -0.1
197.376433        0.00001        0.00020       15.718        1.809        0.81     2458.2       -0.071       -0.07       -0.1
200.586778        0.00001        0.00020       15.685        1.852        0.81     2457.0       -0.070       -0.07       -0.1
203.849340        0.00001        0.00020       15.651        1.893        0.81     2455.7       -0.070       -0.07       -0.1
207.164968        0.00001        0.00020       15.616        1.933        0.81     2454.4       -0.069       -0.07       -0.1
210.534524        0.00001        0.00020       15.580        1.971        0.81     2452.9       -0.069       -0.07       -0.1
213.958887        0.00001        0.00020       15.544        2.008        0.82     2451.4       -0.069       -0.07       -0.1
217.438948        0.00001        0.00019       15.506        2.044        0.82     2449.7       -0.068       -0.07       -0.1
220.975611        0.00001        0.00019       15.467        2.079        0.82     2448.0       -0.068       -0.07       -0.1
224.569800        0.00001        0.00019       15.427        2.113        0.82     2446.1       -0.067       -0.07       -0.1
228.222447        0.00001        0.00019       15.386        2.145        0.82     2444.2       -0.067       -0.07       -0.1
231.934506        0.00001        0.00019       15.344        2.176        0.82     2442.2       -0.066       -0.07       -0.1
235.706941        0.00001        0.00019       15.301        2.207        0.83     2440.1       -0.066       -0.07       -0.1
239.540736        0.00001        0.00019       15.257        2.236        0.83     2437.9       -0.066       -0.07       -0.1
243.436887        0.00001        0.00019       15.212        2.264        0.83     2435.6       -0.065       -0.07       -0.1
247.396410        0.00001        0.00018       15.167        2.291        0.83     2433.2       -0.065       -0.06       -0.1
251.420335        0.00001        0.00018       15.120        2.317        0.83     2430.7       -0.064       -0.06       -0.1
255.509709        0.00001        0.00018       15.072        2.342        0.84     2428.1       -0.064       -0.06       -0.1
259.665597        0.00001        0.00018       15.024        2.366        0.84     2425.4       -0.063       -0.06       -0.1
263.889081        0.00001        0.00018       14.974        2.389        0.84     2422.7       -0.063       -0.06       -0.1
268.181261        0.00001        0.00018       14.924        2.412        0.84     2419.8       -0.063       -0.06       -0.1
272.543253        0.00001        0.00018       14.873        2.433        0.84     2416.9       -0.062       -0.06       -0.1
276.976194        0.00001        0.00018       14.821        2.454        0.84     2413.8       -0.062       -0.06       -0.1
281.481236        0.00001        0.00017       14.768        2.474        0.85     2410.7       -0.061       -0.06       -0.1
286.059554        0.00001        0.00017       14.714        2.493        0.85     2407.5       -0.061       -0.06       -0.1
290.712338        0.00001        0.00017       14.659        2.511        0.85     2404.2       -0.061       -0.06       -0.1
295.440800        0.00001        0.00017       14.604        2.528        0.85     2400.9       -0.060       -0.06       -0.1
300.246171        0.00001        0.00017       14.547        2.545        0.86     2397.4       -0.060       -0.06       -0.1
305.129702        0.00001        0.00017       14.490        2.561        0.86     2393.8       -0.059       -0.06       -0.1
310.092664        0.00001        0.00017       14.432        2.577        0.86     2390.2       -0.059       -0.06       -0.1
315.136348        0.00001        0.00017       14.374        2.591        0.86     2386.5       -0.058       -0.06       -0.1
320.262069        0.00001        0.00016       14.314        2.606        0.86     2382.7       -0.058       -0.06       -0.1
325.471161        0.00001        0.00016       14.254        2.619        0.87     2378.8       -0.058       -0.06       -0.1
330.764978        0.00001        0.00016       14.193        2.632        0.87     2374.8       -0.057       -0.06       -0.1
336.144900        0.00001        0.00016       14.131        2.645        0.87     2370.8       -0.057       -0.06       -0.1
341.612327        0.00001        0.00016       14.068        2.656        0.87     2366.6       -0.056       -0.06       -0.1
347.168682        0.00001        0.00016       14.005        2.668        0.88     2362.4       -0.056       -0.06       -0.1
352.815412        0.00001        0.00016       13.941        2.679        0.88     2358.1       -0.055       -0.06       -0.1
358.553986        0.00001        0.00015       13.876        2.689        0.88     2353.7       -0.055       -0.05       -0.1
364.385898        0.00001        0.00015       13.811        2.699        0.88     2349.2       -0.055       -0.05       -0.1
370.312668        0.00001        0.00015       13.745        2.708        0.89     2344.7       -0.054       -0.05       -0.1
376.335836        0.00001        0.00015       13.678        2.717        0.89     2340.0       -0.054       -0.05       -0.1
382.456972        0.00001        0.00015       13.611        2.726        0.89     2335.3       -0.053       -0.05       -0.1
388.677669        0.00001        0.00015       13.543        2.734        0.90     2330.5       -0.053       -0.05       -0.1
394.999546        0.00001        0.00015       13.474        2.742        0.90     2325.7       -0.052       -0.05       -0.1
401.424249        0.00001        0.00015       13.404        2.750        0.90     2320.7       -0.052       -0.05       -0.1
407.953450        0.00001        0.00014       13.334        2.757        0.90     2315.7       -0.052       -0.05       -0.1
414.588850        0.00001        0.00014       13.264        2.764        0.91     2310.6       -0.051       -0.05       -0.1
421.332174        0.00001        0.00014       13.193        2.771        0.91     2305.4       -0.051       -0.05       -0.1
428.185180        0.00001        0.00014       13.121        2.777        0.91     2300.1       -0.050       -0.05       -0.1
435.149650        0.00001        0.00014       13.048        2.784        0.92     2294.7       -0.050       -0.05       -0.0
442.227398        0.00001        0.00014       12.975        2.790        0.92     2289.3       -0.049       -0.05       -0.0
449.420266        0.00001        0.00014       12.902        2.795        0.92     2283.8       -0.049       -0.05       -0.0
456.730127        0.00001        0.00014       12.827        2.801        0.93     2278.2       -0.048       -0.05       -0.0
464.158883        0.00001        0.00013       12.753        2.807        0.93     2272.6       -0.048       -0.05       -0.0
471.708469        0.00001        0.00013       12.678        2.812        0.93     2266.9       -0.048       -0.05       -0.0
479.380850        0.00001        0.00013       12.602        2.817        0.94     2261.0       -0.047       -0.05       -0.0
487.178022        0.00001        0.00013       12.525        2.822        0.94     2255.2       -0.047       -0.05       -0.0
495.102016        0.00001        0.00013       12.449        2.828        0.94     2249.2       -0.046       -0.05       -0.0
503.154895        0.00001        0.00013       12.371        2.833        0.95     2243.2       -0.046       -0.05       -0.0
511.338754        0.00001        0.00013       12.294        2.838        0.95     2237.0       -0.045       -0.05       -0.0
519.655724        0.00001        0.00012       12.215        2.843        0.95     2230.9       -0.045       -0.04       -0.0
528.107971        0.00001        0.00012       12.137        2.848        0.96     2224.6       -0.044       -0.04       -0.0
536.697695        0.00001        0.00012       12.057        2.853        0.96     2218.3       -0.044       -0.04       -0.0
545.427131        0.00001        0.00012       11.978        2.858        0.97     2211.8       -0.044       -0.04       -0.0
554.298552        0.00001        0.00012       11.898        2.863        0.97     2205.4       -0.043       -0.04       -0.0
563.314267        0.00001        0.00012       11.817        2.869        0.97     2198.8       -0.043       -0.04       -0.0
572.476624        0.00001        0.00012       11.736        2.874        0.98     2192.2       -0.042       -0.04       -0.0
581.788007        0.00001        0.00011       11.655        2.880        0.98     2185.5       -0.042       -0.04       -0.0
591.250841        0.00001        0.00011       11.573        2.886        0.99     2178.7       -0.041       -0.04       -0.0
600.867589        0.00001        0.00011       11.491        2.892        0.99     2171.8       -0.041       -0.04       -0.0
610.640754        0.00001        0.00011       11.408        2.898        0.99     2164.9       -0.040       -0.04       -0.0
620.572881        0.00001        0.00011       11.325        2.905        1.00     2157.9       -0.040       -0.04       -0.0
630.666554        0.00001        0.00011       11.242        2.912        1.00     2150.8       -0.039       -0.04       -0.0
640.924402        0.00001        0.00011       11.158        2.919        1.01     2143.6       -0.039       -0.04       -0.0
651.349095        0.00001        0.00011       11.074        2.927        1.01     2136.4       -0.038       -0.04       -0.0
661.943346        0.00001        0.00010       10.989        2.935        1.02     2129.1       -0.038       -0.04       -0.0
672.709914        0.00001        0.00010       10.905        2.944        1.02     2121.7       -0.037       -0.04       -0.0
683.651600        0.00001        0.00010       10.820        2.953        1.03     2114.3       -0.037       -0.04       -0.0
694.771255        0.00001        0.00010       10.734        2.963        1.03     2106.8       -0.036       -0.04       -0.0
706.071771        0.00001        0.00010       10.648        2.973        1.04     2099.2       -0.036       -0.04       -0.0
717.556092        0.00001        0.00010       10.562        2.984        1.04     2091.5       -0.035       -0.04       -0.0
729.227206        0.00001        0.00010       10.476        2.996        1.05     2083.8       -0.035       -0.03       -0.0
741.088152        0.00001        0.00009       10.389        3.008        1.05     2076.0       -0.034       -0.03       -0.0
753.142017        0.00001        0.00009       10.302        3.021        1.06     2068.1       -0.034       -0.03       -0.0
765.391939        0.00001        0.00009       10.215        3.035        1.06     2060.1       -0.033       -0.03       -0.0
777.841107        0.00001        0.00009       10.128        3.050        1.07     2052.0       -0.033       -0.03       -0.0
790.492762        0.00001        0.00009       10.040        3.066        1.07     2043.9       -0.032       -0.03       -0.0
803.350198        0.00001        0.00009        9.952        3.083        1.08     2035.7       -0.032       -0.03       -0.0
816.416760        0.00001        0.00008        9.864        3.102        1.08     2027.5       -0.031       -0.03       -0.0
829.695852        0.00001        0.00008        9.775        3.121        1.09     2019.1       -0.031       -0.03       -0.0
843.190929        0.00001        0.00008        9.686        3.142        1.10     2010.7       -0.030       -0.03       -0.0
856.905505        0.00001        0.00008        9.598        3.165        1.10     2002.2       -0.030       -0.03       -0.0
870.843150        0.00001        0.00008        9.508        3.189        1.11     1993.6       -0.029       -0.03       -0.0
885.007491        0.00001        0.00008        9.419        3.215        1.11     1985.0       -0.028       -0.03       -0.0
899.402217        0.00001        0.00008        9.329        3.242        1.12     1976.2       -0.028       -0.03       -0.0
914.031075        0.00001        0.00007        9.239        3.272        1.13     1967.4       -0.027       -0.03       -0.0
928.897872        0.00001        0.00007        9.149        3.304        1.13     1958.5       -0.027       -0.03       -0.0
944.006479        0.00001        0.00007        9.059        3.338        1.14     1949.6       -0.026       -0.03       -0.0
959.360829        0.00001        0.00007        8.969        3.376        1.15     1940.5       -0.026       -0.03       -0.0
974.964918        0.00001        0.00007        8.878        3.415        1.15     1931.4       -0.025       -0.02       -0.0
990.822810        0.00001        0.00007        8.787        3.459        1.16     1922.1       -0.024       -0.02       -0.0
1006.938631        0.00001        0.00006        8.697        3.505        1.17     1912.8       -0.024       -0.02       -0.0
1023.316578        0.00001        0.00006        8.606        3.556        1.18     1903.4       -0.023       -0.02       -0.0
1039.960914        0.00001        0.00006        8.514        3.610        1.18     1894.0       -0.022       -0.02       -0.0
1056.875971        0.00001        0.00006        8.423        3.670        1.19     1884.4       -0.022       -0.02       -0.0
1074.066153        0.00001        0.00006        8.331        3.734        1.20     1874.8       -0.021       -0.02       -0.0
1091.535935        0.00001        0.00006        8.240        3.805        1.21     1865.0       -0.021       -0.02       -0.0
1109.289865        0.00001        0.00005        8.148        3.882        1.21     1855.2       -0.020       -0.02       -0.0
1127.332564        0.00001        0.00005        8.056        3.967        1.22     1845.3       -0.019       -0.02       -0.0
1145.668729        0.00001        0.00005        7.964        4.060        1.23     1835.2       -0.019       -0.02       -0.0
1164.303133        0.00001        0.00005        7.872        4.162        1.24     1825.1       -0.018       -0.02       -0.0
1183.240627        0.00001        0.00005        7.779        4.275        1.25     1814.9       -0.017       -0.02       -0.0
1202.486142        0.00001        0.00004        7.687        4.401        1.26     1804.6       -0.016       -0.02       -0.0
1222.044687        0.00001        0.00004        7.594        4.541        1.27     1794.2       -0.016       -0.02       -0.0
1241.921353        0.00001        0.00004        7.502        4.699        1.28     1783.7       -0.015       -0.02       -0.0
1262.121315        0.00001        0.00004        7.409        4.877        1.29     1773.1       -0.014       -0.01       -0.0
1282.649831        0.00000        0.00004        7.316        5.079        1.29     1762.4       -0.014       -0.01       -0.0
1303.512245        0.00000        0.00003        7.223        5.311        1.30     1751.5       -0.013       -0.01       -0.0
1324.713988        0.00000        0.00003        7.130        5.576        1.31     1740.6       -0.012       -0.01       -0.0
1346.260579        0.00000        0.00003        7.037        5.891        1.33     1729.5       -0.011       -0.01       -0.0
1368.157628        0.00000        0.00003        6.944        6.261        1.34     1718.3       -0.010       -0.01       -0.0
1390.410834        0.00000        0.00003        6.850        6.707        1.35     1707.0       -0.010       -0.01       -0.0
1413.025991        0.00000        0.00002        6.757        7.263        1.36     1695.6       -0.009       -0.01       -0.0
1436.008985        0.00000        0.00002        6.663        7.964        1.37     1684.0       -0.008       -0.01       -0.0
1459.365799        0.00000        0.00002        6.569        8.933        1.38     1672.3       -0.007       -0.01       -0.0
