x               rho            P              T            ur           uphi        uz         Br           Bphi        Bz
0.010000        0.99999        1.00001        1.000        1.000        1.00       -0.0       -0.010       -0.01       -0.0
0.010163        0.99998        1.00000        1.000        1.000        1.00       -0.0       -0.010       -0.01       -0.0
0.010328        0.99994        0.99996        1.000        1.000        1.00       -0.0       -0.010       -0.01       -0.0
0.010496        0.99991        0.99993        1.000        1.000        1.00       -0.0       -0.010       -0.01       -0.0
0.010667        0.99987        0.99990        1.000        1.000        1.00       -0.0       -0.011       -0.01       -0.0
0.010840        0.99984        0.99986        1.000        1.000        1.00       -0.0       -0.011       -0.01       -0.0
0.011016        0.99980        0.99983        1.000        1.000        1.00       -0.0       -0.011       -0.01       -0.0
0.011196        0.99976        0.99979        1.000        1.000        1.00       -0.0       -0.011       -0.01       -0.0
0.011378        0.99972        0.99975        1.000        1.000        1.00       -0.0       -0.011       -0.01       -0.0
0.011563        0.99969        0.99972        1.000        1.000        1.00       -0.0       -0.012       -0.01       -0.0
0.011751        0.99965        0.99968        1.000        1.000        1.00       -0.0       -0.012       -0.01       -0.0
0.011942        0.99961        0.99964        1.000        1.000        1.00       -0.0       -0.012       -0.01       -0.0
0.012136        0.99957        0.99960        1.000        1.000        1.00       -0.0       -0.012       -0.01       -0.0
0.012334        0.99953        0.99956        1.000        1.000        1.00       -0.0       -0.012       -0.01       -0.0
0.012534        0.99949        0.99952        1.000        1.000        1.00       -0.0       -0.013       -0.01       -0.0
0.012738        0.99944        0.99948        1.000        1.000        1.00       -0.0       -0.013       -0.01       -0.0
0.012945        0.99940        0.99944        1.000        1.000        1.00       -0.0       -0.013       -0.01       -0.0
0.013156        0.99936        0.99940        1.000        1.000        1.00       -0.0       -0.013       -0.01       -0.0
0.013370        0.99931        0.99935        1.000        1.000        1.00       -0.0       -0.013       -0.01       -0.0
0.013587        0.99927        0.99931        1.000        1.000        1.00       -0.0       -0.014       -0.01       -0.0
0.013808        0.99922        0.99927        1.000        1.000        1.00       -0.0       -0.014       -0.01       -0.0
0.014033        0.99918        0.99922        1.000        1.000        1.00       -0.0       -0.014       -0.01       -0.0
0.014261        0.99913        0.99918        1.000        1.000        1.00       -0.0       -0.014       -0.01       -0.0
0.014493        0.99908        0.99913        1.000        1.000        1.00       -0.0       -0.014       -0.01       -0.0
0.014729        0.99903        0.99908        1.000        1.000        1.00       -0.0       -0.015       -0.01       -0.0
0.014968        0.99898        0.99903        1.000        1.000        1.00       -0.0       -0.015       -0.01       -0.0
0.015212        0.99893        0.99899        1.000        1.000        1.00       -0.0       -0.015       -0.02       -0.0
0.015459        0.99888        0.99894        1.000        1.000        1.00       -0.0       -0.015       -0.02       -0.0
0.015711        0.99883        0.99889        1.000        1.000        1.00       -0.0       -0.016       -0.02       -0.0
0.015966        0.99878        0.99883        1.000        1.000        1.00       -0.0       -0.016       -0.02       -0.0
0.016226        0.99872        0.99878        1.000        1.000        1.00       -0.0       -0.016       -0.02       -0.0
0.016490        0.99867        0.99873        1.000        1.000        1.00       -0.0       -0.016       -0.02       -0.0
0.016758        0.99861        0.99868        1.000        1.000        1.00       -0.0       -0.017       -0.02       -0.0
0.017031        0.99856        0.99862        1.000        1.000        1.00       -0.0       -0.017       -0.02       -0.0
0.017308        0.99850        0.99857        1.000        1.000        1.00       -0.0       -0.017       -0.02       -0.0
0.017589        0.99844        0.99851        1.000        1.000        1.00       -0.0       -0.018       -0.02       -0.0
0.017875        0.99838        0.99845        1.000        1.000        1.00       -0.0       -0.018       -0.02       -0.0
0.018166        0.99832        0.99839        1.000        1.000        1.00       -0.0       -0.018       -0.02       -0.0
0.018461        0.99826        0.99833        1.000        1.000        1.00       -0.0       -0.018       -0.02       -0.0
0.018762        0.99820        0.99827        1.000        1.000        1.00       -0.0       -0.019       -0.02       -0.0
0.019067        0.99814        0.99821        1.000        1.000        1.00       -0.0       -0.019       -0.02       -0.0
0.019377        0.99807        0.99815        1.000        1.000        1.00       -0.0       -0.019       -0.02       -0.0
0.019692        0.99801        0.99809        1.000        1.000        1.00       -0.0       -0.020       -0.02       -0.0
0.020012        0.99794        0.99802        1.000        1.000        1.00       -0.0       -0.020       -0.02       -0.0
0.020338        0.99784        0.99793        1.000        1.000        1.00       -0.0       -0.020       -0.02       -0.0
0.020669        0.99772        0.99781        1.000        1.000        1.00       -0.0       -0.021       -0.02       -0.0
0.021005        0.99761        0.99770        1.000        1.000        1.00       -0.0       -0.021       -0.02       -0.0
0.021347        0.99749        0.99758        1.000        1.000        1.00       -0.0       -0.021       -0.02       -0.0
0.021694        0.99736        0.99746        1.000        1.000        1.00       -0.0       -0.022       -0.02       -0.0
0.022047        0.99724        0.99734        1.000        1.000        1.00       -0.0       -0.022       -0.02       -0.0
0.022405        0.99711        0.99722        1.000        1.000        1.00       -0.0       -0.022       -0.02       -0.0
0.022770        0.99699        0.99710        1.000        1.000        1.00       -0.0       -0.023       -0.02       -0.0
0.023140        0.99686        0.99697        1.000        1.000        1.00       -0.0       -0.023       -0.02       -0.0
0.023516        0.99672        0.99684        1.000        1.000        1.00       -0.0       -0.023       -0.02       -0.0
0.023899        0.99659        0.99671        1.000        1.000        1.00       -0.0       -0.024       -0.02       -0.0
0.024288        0.99645        0.99658        1.000        1.000        1.00       -0.0       -0.024       -0.02       -0.0
0.024683        0.99632        0.99645        1.000        1.000        1.00       -0.0       -0.025       -0.02       -0.0
0.025084        0.99617        0.99631        1.000        1.000        1.00       -0.0       -0.025       -0.03       -0.0
0.025492        0.99603        0.99617        1.000        1.000        1.00       -0.0       -0.025       -0.03       -0.0
0.025907        0.99589        0.99603        1.000        1.000        1.00       -0.0       -0.026       -0.03       -0.0
0.026328        0.99574        0.99589        1.000        1.000        1.00       -0.0       -0.026       -0.03       -0.0
0.026756        0.99559        0.99574        1.000        1.000        1.00       -0.0       -0.027       -0.03       -0.0
0.027192        0.99544        0.99559        1.000        1.000        1.00       -0.0       -0.027       -0.03       -0.0
0.027634        0.99528        0.99544        1.000        1.000        1.00       -0.0       -0.028       -0.03       -0.0
0.028083        0.99512        0.99529        1.000        1.000        1.00       -0.0       -0.028       -0.03       -0.0
0.028540        0.99496        0.99513        1.000        1.001        1.00       -0.0       -0.028       -0.03       -0.0
0.029004        0.99480        0.99498        1.000        1.001        1.00       -0.0       -0.029       -0.03       -0.0
0.029476        0.99463        0.99482        1.000        1.001        1.00       -0.0       -0.029       -0.03       -0.0
0.029955        0.99447        0.99465        1.000        1.001        1.00       -0.0       -0.030       -0.03       -0.0
0.030443        0.99425        0.99444        1.000        1.001        1.00       -0.0       -0.030       -0.03       -0.0
0.030938        0.99401        0.99421        1.000        1.001        1.00       -0.0       -0.031       -0.03       -0.0
0.031441        0.99376        0.99397        1.000        1.001        1.00       -0.0       -0.031       -0.03       -0.0
0.031952        0.99351        0.99372        1.000        1.001        1.00       -0.0       -0.032       -0.03       -0.0
0.032472        0.99325        0.99348        1.000        1.001        1.00       -0.0       -0.032       -0.03       -0.0
0.033000        0.99300        0.99323        1.000        1.001        1.00       -0.0       -0.033       -0.03       -0.0
0.033537        0.99273        0.99297        1.000        1.001        1.00       -0.0       -0.033       -0.03       -0.0
0.034083        0.99247        0.99271        1.000        1.001        1.00       -0.0       -0.034       -0.03       -0.0
0.034637        0.99220        0.99245        1.000        1.001        1.00       -0.0       -0.035       -0.03       -0.0
0.035200        0.99192        0.99218        1.000        1.001        1.00       -0.0       -0.035       -0.04       -0.0
0.035773        0.99164        0.99191        1.000        1.001        1.00       -0.0       -0.036       -0.04       -0.0
0.036355        0.99135        0.99163        1.000        1.001        1.00       -0.0       -0.036       -0.04       -0.0
0.036946        0.99107        0.99135        1.000        1.001        1.00       -0.0       -0.037       -0.04       -0.0
0.037547        0.99077        0.99107        1.000        1.001        1.00       -0.0       -0.037       -0.04       -0.0
0.038158        0.99047        0.99078        1.000        1.001        1.00       -0.0       -0.038       -0.04       -0.0
0.038778        0.99017        0.99048        1.000        1.001        1.00       -0.0       -0.039       -0.04       -0.0
0.039409        0.98986        0.99018        1.000        1.001        1.00       -0.0       -0.039       -0.04       -0.0
0.040050        0.98955        0.98988        1.000        1.001        1.00       -0.0       -0.040       -0.04       -0.0
0.040701        0.98914        0.98949        1.000        1.001        1.00       -0.0       -0.041       -0.04       -0.0
0.041363        0.98873        0.98908        1.000        1.001        1.00       -0.0       -0.041       -0.04       -0.0
0.042036        0.98831        0.98867        1.000        1.001        1.00       -0.0       -0.042       -0.04       -0.0
0.042720        0.98788        0.98826        1.000        1.001        1.00       -0.0       -0.043       -0.04       -0.0
0.043415        0.98744        0.98783        1.000        1.001        1.00       -0.0       -0.043       -0.04       -0.0
0.044121        0.98700        0.98740        1.000        1.001        1.00       -0.0       -0.044       -0.04       -0.0
0.044839        0.98655        0.98696        1.000        1.001        1.00       -0.0       -0.045       -0.04       -0.0
0.045568        0.98609        0.98652        1.000        1.001        1.00       -0.0       -0.045       -0.05       -0.0
0.046309        0.98562        0.98607        1.000        1.001        1.00       -0.0       -0.046       -0.05       -0.0
0.047062        0.98515        0.98561        1.000        1.002        1.00       -0.0       -0.047       -0.05       -0.0
0.047828        0.98467        0.98514        1.000        1.002        1.00       -0.0       -0.048       -0.05       -0.0
0.048606        0.98418        0.98467        1.000        1.002        1.00       -0.0       -0.048       -0.05       -0.0
0.049396        0.98368        0.98418        1.001        1.002        1.00       -0.0       -0.049       -0.05       -0.0
0.050200        0.98316        0.98368        1.001        1.002        1.00       -0.1       -0.050       -0.05       -0.0
0.051016        0.98254        0.98307        1.001        1.002        1.00       -0.1       -0.051       -0.05       -0.1
0.051846        0.98190        0.98246        1.001        1.002        1.00       -0.1       -0.052       -0.05       -0.1
0.052689        0.98126        0.98183        1.001        1.002        1.00       -0.1       -0.052       -0.05       -0.1
0.053546        0.98060        0.98119        1.001        1.002        1.00       -0.1       -0.053       -0.05       -0.1
0.054417        0.97993        0.98054        1.001        1.002        1.00       -0.1       -0.054       -0.05       -0.1
0.055302        0.97926        0.97988        1.001        1.002        1.00       -0.1       -0.055       -0.05       -0.1
0.056202        0.97857        0.97922        1.001        1.002        1.00       -0.1       -0.056       -0.06       -0.1
0.057116        0.97787        0.97854        1.001        1.002        1.00       -0.1       -0.057       -0.06       -0.1
0.058045        0.97715        0.97784        1.001        1.002        1.00       -0.1       -0.058       -0.06       -0.1
0.058989        0.97643        0.97714        1.001        1.002        0.99       -0.1       -0.059       -0.06       -0.1
0.059948        0.97570        0.97643        1.001        1.002        0.99       -0.1       -0.059       -0.06       -0.1
0.060923        0.97484        0.97559        1.001        1.003        0.99       -0.1       -0.060       -0.06       -0.1
0.061914        0.97394        0.97472        1.001        1.003        0.99       -0.1       -0.061       -0.06       -0.1
0.062921        0.97303        0.97384        1.001        1.003        0.99       -0.1       -0.062       -0.06       -0.1
0.063945        0.97211        0.97294        1.001        1.003        0.99       -0.1       -0.063       -0.06       -0.1
0.064985        0.97117        0.97203        1.001        1.003        0.99       -0.1       -0.064       -0.06       -0.1
0.066042        0.97021        0.97110        1.001        1.003        0.99       -0.1       -0.065       -0.07       -0.1
0.067116        0.96924        0.97016        1.001        1.003        0.99       -0.1       -0.066       -0.07       -0.1
0.068208        0.96826        0.96920        1.001        1.003        0.99       -0.1       -0.067       -0.07       -0.1
0.069317        0.96725        0.96822        1.001        1.003        0.99       -0.1       -0.069       -0.07       -0.1
0.070445        0.96619        0.96719        1.001        1.003        0.99       -0.1       -0.070       -0.07       -0.1
0.071590        0.96500        0.96603        1.001        1.003        0.99       -0.1       -0.071       -0.07       -0.1
0.072755        0.96379        0.96485        1.001        1.003        0.99       -0.1       -0.072       -0.07       -0.1
0.073938        0.96256        0.96366        1.001        1.003        0.99       -0.1       -0.073       -0.07       -0.1
0.075141        0.96131        0.96244        1.001        1.004        0.99       -0.1       -0.074       -0.07       -0.1
0.076363        0.96004        0.96121        1.001        1.004        0.99       -0.1       -0.075       -0.08       -0.1
0.077605        0.95875        0.95995        1.001        1.004        0.99       -0.1       -0.076       -0.08       -0.1
0.078867        0.95743        0.95868        1.001        1.004        0.99       -0.1       -0.078       -0.08       -0.1
0.080150        0.95609        0.95737        1.001        1.004        0.99       -0.1       -0.079       -0.08       -0.1
0.081454        0.95456        0.95589        1.001        1.004        0.99       -0.1       -0.080       -0.08       -0.1
0.082779        0.95301        0.95437        1.001        1.004        0.99       -0.1       -0.081       -0.08       -0.1
0.084125        0.95142        0.95283        1.001        1.004        0.99       -0.1       -0.083       -0.08       -0.1
0.085493        0.94982        0.95127        1.002        1.004        0.99       -0.1       -0.084       -0.08       -0.1
0.086884        0.94818        0.94968        1.002        1.004        0.99       -0.1       -0.085       -0.09       -0.1
0.088297        0.94652        0.94807        1.002        1.004        0.99       -0.1       -0.087       -0.09       -0.1
0.089733        0.94484        0.94643        1.002        1.005        0.99       -0.1       -0.088       -0.09       -0.1
0.091193        0.94298        0.94462        1.002        1.005        0.99       -0.1       -0.089       -0.09       -0.1
0.092676        0.94104        0.94273        1.002        1.005        0.99       -0.1       -0.091       -0.09       -0.1
0.094183        0.93907        0.94081        1.002        1.005        0.99       -0.1       -0.092       -0.09       -0.1
0.095715        0.93706        0.93886        1.002        1.005        0.99       -0.1       -0.094       -0.09       -0.1
0.097272        0.93503        0.93688        1.002        1.005        0.99       -0.1       -0.095       -0.10       -0.1
0.098854        0.93296        0.93486        1.002        1.005        0.99       -0.1       -0.096       -0.10       -0.1
0.100462        0.93081        0.93277        1.002        1.005        0.98       -0.1       -0.098       -0.10       -0.1
0.102096        0.92845        0.93048        1.002        1.005        0.98       -0.1       -0.099       -0.10       -0.1
0.103757        0.92606        0.92815        1.002        1.005        0.98       -0.1       -0.101       -0.10       -0.1
0.105444        0.92363        0.92578        1.002        1.005        0.98       -0.1       -0.103       -0.10       -0.1
0.107159        0.92116        0.92338        1.002        1.005        0.98       -0.1       -0.104       -0.10       -0.1
0.108902        0.91865        0.92093        1.002        1.005        0.98       -0.1       -0.106       -0.11       -0.1
0.110674        0.91603        0.91838        1.003        1.005        0.98       -0.1       -0.107       -0.11       -0.1
0.112474        0.91321        0.91562        1.003        1.005        0.98       -0.1       -0.109       -0.11       -0.1
0.114303        0.91034        0.91283        1.003        1.005        0.98       -0.1       -0.111       -0.11       -0.1
0.116162        0.90742        0.90998        1.003        1.005        0.98       -0.1       -0.112       -0.11       -0.1
0.118052        0.90445        0.90709        1.003        1.005        0.98       -0.1       -0.114       -0.11       -0.1
0.119972        0.90144        0.90416        1.003        1.005        0.98       -0.1       -0.116       -0.12       -0.1
0.121923        0.89815        0.90094        1.003        1.005        0.98       -0.1       -0.117       -0.12       -0.1
0.123906        0.89478        0.89766        1.003        1.005        0.98       -0.1       -0.119       -0.12       -0.1
0.125922        0.89136        0.89433        1.003        1.005        0.98       -0.1       -0.121       -0.12       -0.1
0.127970        0.88789        0.89094        1.003        1.005        0.98       -0.1       -0.123       -0.12       -0.1
0.130051        0.88436        0.88749        1.004        1.005        0.97       -0.1       -0.125       -0.12       -0.1
0.132166        0.88052        0.88374        1.004        1.005        0.97       -0.1       -0.126       -0.13       -0.1
0.134316        0.87660        0.87992        1.004        1.005        0.97       -0.1       -0.128       -0.13       -0.1
0.136501        0.87263        0.87604        1.004        1.004        0.97       -0.1       -0.130       -0.13       -0.1
0.138721        0.86859        0.87209        1.004        1.004        0.97       -0.1       -0.132       -0.13       -0.1
0.140977        0.86437        0.86798        1.004        1.004        0.97       -0.1       -0.134       -0.13       -0.1
0.143270        0.85992        0.86363        1.004        1.003        0.97       -0.1       -0.136       -0.14       -0.1
0.145601        0.85540        0.85921        1.004        1.003        0.97       -0.1       -0.138       -0.14       -0.1
0.147969        0.85081        0.85472        1.005        1.003        0.97       -0.1       -0.140       -0.14       -0.1
0.150376        0.84610        0.85012        1.005        1.002        0.97       -0.2       -0.142       -0.14       -0.1
0.152821        0.84107        0.84520        1.005        1.002        0.96       -0.2       -0.144       -0.14       -0.1
0.155307        0.83596        0.84020        1.005        1.001        0.96       -0.2       -0.146       -0.15       -0.1
0.157833        0.83077        0.83512        1.005        1.000        0.96       -0.2       -0.148       -0.15       -0.1
0.160400        0.82545        0.82992        1.005        1.000        0.96       -0.2       -0.150       -0.15       -0.1
0.163009        0.81980        0.82438        1.006        0.999        0.96       -0.2       -0.152       -0.15       -0.2
0.165661        0.81405        0.81875        1.006        0.998        0.96       -0.2       -0.154       -0.15       -0.2
0.168355        0.80821        0.81303        1.006        0.997        0.96       -0.2       -0.156       -0.16       -0.2
0.171093        0.80217        0.80711        1.006        0.996        0.95       -0.2       -0.158       -0.16       -0.2
0.173876        0.79584        0.80091        1.006        0.994        0.95       -0.2       -0.160       -0.16       -0.2
0.176704        0.78941        0.79460        1.007        0.993        0.95       -0.2       -0.163       -0.16       -0.2
0.179578        0.78287        0.78819        1.007        0.992        0.95       -0.2       -0.165       -0.16       -0.2
0.182499        0.77600        0.78144        1.007        0.990        0.95       -0.2       -0.167       -0.17       -0.2
0.185468        0.76895        0.77453        1.007        0.988        0.95       -0.2       -0.169       -0.17       -0.2
0.188484        0.76180        0.76750        1.007        0.986        0.95       -0.2       -0.171       -0.17       -0.2
0.191550        0.75439        0.76023        1.008        0.984        0.94       -0.2       -0.173       -0.17       -0.2
0.194666        0.74671        0.75268        1.008        0.981        0.94       -0.2       -0.176       -0.18       -0.2
0.197832        0.73891        0.74501        1.008        0.979        0.94       -0.2       -0.178       -0.18       -0.2
0.201050        0.73090        0.73714        1.009        0.976        0.94       -0.2       -0.180       -0.18       -0.2
0.204320        0.72257        0.72894        1.009        0.973        0.94       -0.2       -0.182       -0.18       -0.2
0.207643        0.71410        0.72061        1.009        0.970        0.93       -0.2       -0.184       -0.18       -0.2
0.211020        0.70543        0.71208        1.009        0.966        0.93       -0.2       -0.187       -0.19       -0.2
0.214453        0.69644        0.70321        1.010        0.962        0.93       -0.2       -0.189       -0.19       -0.2
0.217941        0.68729        0.69420        1.010        0.958        0.93       -0.2       -0.191       -0.19       -0.2
0.221486        0.67792        0.68496        1.010        0.954        0.92       -0.2       -0.193       -0.19       -0.2
0.225088        0.66825        0.67542        1.011        0.949        0.92       -0.2       -0.195       -0.20       -0.2
0.228749        0.65842        0.66572        1.011        0.944        0.92       -0.2       -0.197       -0.20       -0.2
0.232470        0.64831        0.65574        1.011        0.938        0.92       -0.2       -0.200       -0.20       -0.2
0.236251        0.63797        0.64552        1.012        0.932        0.91       -0.2       -0.202       -0.20       -0.2
0.240093        0.62746        0.63513        1.012        0.925        0.91       -0.2       -0.204       -0.20       -0.2
0.243999        0.61663        0.62442        1.013        0.918        0.91       -0.2       -0.206       -0.21       -0.2
0.247967        0.60562        0.61352        1.013        0.911        0.91       -0.2       -0.208       -0.21       -0.2
0.252000        0.59439        0.60240        1.013        0.902        0.90       -0.2       -0.210       -0.21       -0.2
0.256099        0.58292        0.59103        1.014        0.894        0.90       -0.2       -0.212       -0.21       -0.2
0.260265        0.57126        0.57948        1.014        0.885        0.90       -0.2       -0.214       -0.21       -0.2
0.264498        0.55937        0.56768        1.015        0.874        0.90       -0.2       -0.216       -0.22       -0.2
0.268800        0.54728        0.55568        1.015        0.864        0.89       -0.2       -0.218       -0.22       -0.2
0.273172        0.53501        0.54350        1.016        0.853        0.89       -0.2       -0.220       -0.22       -0.2
0.277615        0.52255        0.53111        1.016        0.841        0.89       -0.2       -0.221       -0.22       -0.2
0.282131        0.50993        0.51855        1.017        0.828        0.89       -0.2       -0.223       -0.22       -0.2
0.286720        0.49714        0.50583        1.017        0.815        0.88       -0.2       -0.225       -0.22       -0.2
0.291383        0.48420        0.49294        1.018        0.801        0.88       -0.2       -0.227       -0.23       -0.2
0.296123        0.47116        0.47994        1.019        0.786        0.88       -0.2       -0.228       -0.23       -0.2
0.300939        0.45795        0.46676        1.019        0.771        0.87       -0.2       -0.230       -0.23       -0.2
0.305834        0.44472        0.45356        1.020        0.755        0.87       -0.2       -0.231       -0.23       -0.2
0.310808        0.43131        0.44017        1.021        0.738        0.87       -0.2       -0.233       -0.23       -0.2
0.315864        0.41797        0.42683        1.021        0.720        0.87       -0.2       -0.234       -0.23       -0.2
0.321001        0.40447        0.41332        1.022        0.702        0.87       -0.2       -0.235       -0.24       -0.2
0.326222        0.39107        0.39991        1.023        0.683        0.86       -0.2       -0.237       -0.24       -0.2
0.331528        0.37758        0.38639        1.023        0.664        0.86       -0.2       -0.238       -0.24       -0.2
0.336921        0.36420        0.37298        1.024        0.644        0.86       -0.2       -0.239       -0.24       -0.2
0.342401        0.35083        0.35955        1.025        0.624        0.86       -0.2       -0.240       -0.24       -0.2
0.347970        0.33754        0.34621        1.026        0.603        0.86       -0.2       -0.241       -0.24       -0.2
0.353630        0.32441        0.33300        1.027        0.582        0.85       -0.2       -0.242       -0.24       -0.2
0.359381        0.31128        0.31979        1.027        0.560        0.85       -0.2       -0.243       -0.24       -0.2
0.365227        0.29849        0.30690        1.028        0.539        0.85       -0.2       -0.244       -0.24       -0.2
0.371167        0.28569        0.29400        1.029        0.517        0.85       -0.2       -0.245       -0.24       -0.2
0.377204        0.27323        0.28143        1.030        0.495        0.85       -0.2       -0.246       -0.25       -0.2
0.383340        0.26094        0.26902        1.031        0.473        0.85       -0.2       -0.246       -0.25       -0.2
0.389575        0.24879        0.25674        1.032        0.451        0.85       -0.2       -0.247       -0.25       -0.2
0.395911        0.23711        0.24492        1.033        0.430        0.85       -0.2       -0.248       -0.25       -0.2
0.402351        0.22555        0.23321        1.034        0.408        0.85       -0.2       -0.248       -0.25       -0.2
0.408895        0.21429        0.22179        1.035        0.387        0.85       -0.2       -0.249       -0.25       -0.2
0.415546        0.20345        0.21079        1.036        0.367        0.85       -0.2       -0.249       -0.25       -0.2
0.422304        0.19280        0.19997        1.037        0.347        0.85       -0.1       -0.250       -0.25       -0.2
0.429173        0.18249        0.18948        1.038        0.327        0.85       -0.1       -0.250       -0.25       -0.3
0.436154        0.17264        0.17945        1.040        0.308        0.85       -0.1       -0.251       -0.25       -0.3
0.443248        0.16304        0.16967        1.041        0.289        0.85       -0.1       -0.251       -0.25       -0.3
0.450457        0.15371        0.16016        1.042        0.271        0.85       -0.1       -0.251       -0.25       -0.3
0.457784        0.14490        0.15115        1.043        0.254        0.85       -0.1       -0.252       -0.25       -0.3
0.465230        0.13640        0.14246        1.044        0.237        0.85       -0.1       -0.252       -0.25       -0.3
0.472797        0.12820        0.13407        1.046        0.221        0.85       -0.1       -0.252       -0.25       -0.3
0.480487        0.12032        0.12599        1.047        0.206        0.85       -0.1       -0.252       -0.25       -0.3
0.488302        0.11289        0.11836        1.048        0.192        0.85       -0.1       -0.253       -0.25       -0.3
0.496244        0.10580        0.11108        1.050        0.178        0.85       -0.1       -0.253       -0.25       -0.3
0.504316        0.09902        0.10410        1.051        0.165        0.85       -0.1       -0.253       -0.25       -0.3
0.512519        0.09255        0.09743        1.053        0.152        0.86       -0.1       -0.253       -0.25       -0.3
0.520855        0.08640        0.09109        1.054        0.141        0.86       -0.1       -0.253       -0.25       -0.3
0.529327        0.08060        0.08510        1.056        0.130        0.86       -0.1       -0.254       -0.25       -0.3
0.537936        0.07514        0.07945        1.057        0.119        0.86       -0.1       -0.254       -0.25       -0.3
0.546686        0.06997        0.07409        1.059        0.110        0.86       -0.1       -0.254       -0.25       -0.3
0.555578        0.06508        0.06902        1.061        0.101        0.86       -0.1       -0.254       -0.25       -0.3
0.564614        0.06046        0.06423        1.062        0.092        0.87       -0.0       -0.254       -0.25       -0.3
0.573798        0.05612        0.05971        1.064        0.084        0.87       -0.0       -0.254       -0.25       -0.3
0.583131        0.05203        0.05545        1.066        0.077        0.87       -0.0       -0.255       -0.25       -0.3
0.592615        0.04820        0.05145        1.068        0.070        0.87       -0.0       -0.255       -0.25       -0.3
0.602254        0.04460        0.04769        1.069        0.063        0.87       -0.0       -0.255       -0.25       -0.3
0.612050        0.04124        0.04418        1.071        0.057        0.88       -0.0       -0.255       -0.25       -0.3
0.622005        0.03810        0.04088        1.073        0.052        0.88       -0.0       -0.255       -0.26       -0.3
0.632122        0.03516        0.03780        1.075        0.047        0.88       -0.0       -0.255       -0.26       -0.3
0.642403        0.03243        0.03492        1.077        0.042        0.88       -0.0       -0.255       -0.26       -0.3
0.652852        0.02988        0.03224        1.079        0.038        0.89       -0.0       -0.255       -0.26       -0.3
0.663471        0.02750        0.02973        1.081        0.034        0.89       -0.0       -0.256       -0.26       -0.3
0.674262        0.02530        0.02740        1.083        0.030        0.89       -0.0       -0.256       -0.26       -0.3
0.685229        0.02325        0.02523        1.085        0.027        0.89       -0.0       -0.256       -0.26       -0.3
0.696374        0.02135        0.02321        1.087        0.024        0.90       -0.0       -0.256       -0.26       -0.3
0.707701        0.01958        0.02134        1.090        0.021        0.90       -0.0       -0.256       -0.26       -0.3
0.719212        0.01795        0.01960        1.092        0.018        0.90       -0.0       -0.256       -0.26       -0.3
0.730910        0.01644        0.01799        1.094        0.016        0.90       -0.0       -0.256       -0.26       -0.3
0.742798        0.01506        0.01651        1.097        0.014        0.91       -0.0       -0.256       -0.26       -0.3
0.754880        0.01378        0.01514        1.099        0.012        0.91        0.0       -0.257       -0.26       -0.3
0.767158        0.01259        0.01387        1.101        0.010        0.91        0.0       -0.257       -0.26       -0.3
0.779636        0.01150        0.01269        1.104        0.008        0.92        0.0       -0.257       -0.26       -0.3
0.792317        0.01050        0.01162        1.106        0.007        0.92        0.0       -0.257       -0.26       -0.3
0.805204        0.00958        0.01063        1.109        0.005        0.92        0.0       -0.257       -0.26       -0.3
0.818301        0.00874        0.00971        1.112        0.004        0.93        0.0       -0.257       -0.26       -0.3
0.831610        0.00796        0.00887        1.114        0.003        0.93        0.0       -0.257       -0.26       -0.3
0.845137        0.00725        0.00810        1.117        0.001        0.93        0.0       -0.258       -0.26       -0.3
0.858883        0.00660        0.00739        1.120        0.000        0.94        0.0       -0.258       -0.26       -0.3
0.872853        0.00601        0.00675        1.123       -0.001        0.94        0.0       -0.258       -0.26       -0.3
0.887050        0.00547        0.00615        1.126       -0.002        0.94        0.0       -0.258       -0.26       -0.3
0.901478        0.00497        0.00561        1.129       -0.003        0.95        0.0       -0.258       -0.26       -0.3
0.916140        0.00452        0.00511        1.132       -0.004        0.95        0.0       -0.258       -0.26       -0.3
0.931041        0.00410        0.00466        1.135       -0.005        0.95        0.0       -0.259       -0.26       -0.3
0.946185        0.00373        0.00424        1.138       -0.006        0.96        0.0       -0.259       -0.26       -0.3
0.961575        0.00339        0.00387        1.141       -0.007        0.96        0.1       -0.259       -0.26       -0.3
0.977215        0.00308        0.00352        1.145       -0.008        0.97        0.1       -0.259       -0.26       -0.3
0.993109        0.00279        0.00321        1.148       -0.009        0.97        0.1       -0.259       -0.26       -0.3
1.009262        0.00254        0.00292        1.152       -0.011        0.97        0.1       -0.260       -0.26       -0.3
1.025678        0.00230        0.00266        1.155       -0.012        0.98        0.1       -0.260       -0.26       -0.3
1.042361        0.00209        0.00242        1.159       -0.013        0.98        0.1       -0.260       -0.26       -0.3
1.059315        0.00190        0.00221        1.162       -0.015        0.99        0.1       -0.260       -0.26       -0.3
1.076545        0.00173        0.00201        1.166       -0.017        0.99        0.1       -0.260       -0.26       -0.3
1.094055        0.00157        0.00184        1.170       -0.018        1.00        0.1       -0.261       -0.26       -0.3
1.111850        0.00143        0.00167        1.174       -0.020        1.00        0.1       -0.261       -0.26       -0.3
1.129934        0.00130        0.00153        1.178       -0.022        1.01        0.1       -0.261       -0.26       -0.3
1.148312        0.00118        0.00139        1.182       -0.025        1.01        0.2       -0.261       -0.26       -0.3
1.166990        0.00107        0.00127        1.186       -0.027        1.02        0.2       -0.261       -0.26       -0.3
1.185971        0.00098        0.00116        1.190       -0.030        1.02        0.2       -0.262       -0.26       -0.3
1.205261        0.00089        0.00107        1.194       -0.033        1.03        0.2       -0.262       -0.26       -0.3
1.224865        0.00081        0.00098        1.199       -0.036        1.03        0.2       -0.262       -0.26       -0.3
1.244787        0.00074        0.00089        1.203       -0.039        1.04        0.3       -0.262       -0.26       -0.3
1.265034        0.00068        0.00082        1.208       -0.043        1.04        0.3       -0.263       -0.26       -0.3
1.285610        0.00062        0.00075        1.213       -0.047        1.05        0.3       -0.263       -0.26       -0.3
1.306520        0.00057        0.00069        1.217       -0.051        1.05        0.3       -0.263       -0.26       -0.3
1.327771        0.00052        0.00064        1.222       -0.056        1.06        0.4       -0.263       -0.26       -0.3
1.349367        0.00048        0.00059        1.227       -0.061        1.06        0.4       -0.264       -0.26       -0.3
1.371315        0.00044        0.00054        1.233       -0.066        1.07        0.4       -0.264       -0.26       -0.3
1.393619        0.00041        0.00050        1.238       -0.072        1.08        0.5       -0.264       -0.26       -0.3
1.416287        0.00038        0.00047        1.243       -0.078        1.08        0.5       -0.264       -0.26       -0.3
1.439323        0.00035        0.00043        1.249       -0.084        1.09        0.6       -0.265       -0.26       -0.3
1.462733        0.00032        0.00040        1.254       -0.091        1.09        0.6       -0.265       -0.27       -0.3
1.486525        0.00030        0.00038        1.260       -0.098        1.10        0.7       -0.265       -0.27       -0.3
1.510703        0.00028        0.00035        1.266       -0.106        1.11        0.7       -0.266       -0.27       -0.3
1.535275        0.00026        0.00033        1.272       -0.114        1.11        0.8       -0.266       -0.27       -0.3
1.560246        0.00024        0.00031        1.278       -0.122        1.12        0.8       -0.266       -0.27       -0.3
1.585624        0.00023        0.00029        1.284       -0.130        1.13        0.9       -0.267       -0.27       -0.3
1.611414        0.00021        0.00027        1.291       -0.138        1.13        0.9       -0.267       -0.27       -0.3
1.637624        0.00020        0.00026        1.297       -0.147        1.14        1.0       -0.267       -0.27       -0.3
1.664260        0.00019        0.00025        1.304       -0.155        1.15        1.1       -0.268       -0.27       -0.3
1.691330        0.00018        0.00024        1.311       -0.163        1.16        1.1       -0.268       -0.27       -0.3
1.718839        0.00017        0.00023        1.318       -0.170        1.17        1.2       -0.268       -0.27       -0.3
1.746796        0.00017        0.00022        1.325       -0.176        1.17        1.2       -0.269       -0.27       -0.3
1.775208        0.00016        0.00022        1.332       -0.181        1.18        1.3       -0.269       -0.27       -0.3
1.804082        0.00016        0.00022        1.339       -0.185        1.19        1.3       -0.269       -0.27       -0.3
