x               rho            P              T              ur             uphi           uz             Br             Bphi           Bz             m
0.010000        0.99971        0.99973        1.00002        1.09580        0.96755       -0.00109        0.03523       -0.05712        1.00002        0.99990
0.010163        0.99971        0.99972        1.00002        1.09581        0.96755       -0.00110        0.03580       -0.05805        1.00002        0.99990
0.010328        0.99969        0.99971        1.00002        1.09581        0.96755       -0.00112        0.03638       -0.05899        1.00002        0.99989
0.010496        0.99968        0.99970        1.00002        1.09582        0.96755       -0.00114        0.03698       -0.05995        1.00002        0.99989
0.010667        0.99966        0.99969        1.00002        1.09583        0.96755       -0.00116        0.03758       -0.06092        1.00003        0.99988
0.010840        0.99965        0.99967        1.00002        1.09584        0.96755       -0.00118        0.03819       -0.06192        1.00003        0.99988
0.011016        0.99964        0.99966        1.00002        1.09585        0.96755       -0.00120        0.03881       -0.06292        1.00003        0.99987
0.011196        0.99962        0.99964        1.00002        1.09586        0.96755       -0.00122        0.03944       -0.06395        1.00003        0.99986
0.011378        0.99961        0.99963        1.00002        1.09587        0.96755       -0.00124        0.04008       -0.06499        1.00003        0.99986
0.011563        0.99959        0.99962        1.00003        1.09588        0.96755       -0.00126        0.04074       -0.06604        1.00003        0.99985
0.011751        0.99958        0.99960        1.00003        1.09589        0.96755       -0.00128        0.04140       -0.06712        1.00003        0.99985
0.011942        0.99956        0.99959        1.00003        1.09590        0.96754       -0.00130        0.04207       -0.06821        1.00003        0.99984
0.012136        0.99954        0.99957        1.00003        1.09591        0.96754       -0.00132        0.04276       -0.06932        1.00004        0.99984
0.012334        0.99953        0.99956        1.00003        1.09592        0.96754       -0.00134        0.04345       -0.07044        1.00004        0.99983
0.012534        0.99951        0.99954        1.00003        1.09593        0.96754       -0.00136        0.04416       -0.07159        1.00004        0.99982
0.012738        0.99949        0.99953        1.00003        1.09594        0.96754       -0.00138        0.04488       -0.07275        1.00004        0.99982
0.012945        0.99948        0.99951        1.00003        1.09595        0.96754       -0.00141        0.04561       -0.07394        1.00004        0.99981
0.013156        0.99946        0.99949        1.00003        1.09596        0.96754       -0.00143        0.04635       -0.07514        1.00004        0.99981
0.013370        0.99944        0.99948        1.00004        1.09597        0.96754       -0.00145        0.04710       -0.07636        1.00004        0.99980
0.013587        0.99942        0.99946        1.00004        1.09598        0.96754       -0.00148        0.04787       -0.07760        1.00005        0.99979
0.013808        0.99941        0.99944        1.00004        1.09600        0.96754       -0.00150        0.04865       -0.07887        1.00005        0.99979
0.014033        0.99939        0.99943        1.00004        1.09601        0.96754       -0.00152        0.04944       -0.08015        1.00005        0.99978
0.014261        0.99937        0.99941        1.00004        1.09602        0.96754       -0.00155        0.05025       -0.08145        1.00005        0.99977
0.014493        0.99935        0.99939        1.00004        1.09603        0.96754       -0.00157        0.05106       -0.08278        1.00005        0.99977
0.014729        0.99933        0.99937        1.00004        1.09604        0.96754       -0.00160        0.05189       -0.08412        1.00005        0.99976
0.014968        0.99931        0.99935        1.00004        1.09606        0.96754       -0.00163        0.05274       -0.08549        1.00005        0.99975
0.015212        0.99929        0.99934        1.00005        1.09607        0.96753       -0.00165        0.05360       -0.08688        1.00006        0.99974
0.015459        0.99927        0.99932        1.00005        1.09608        0.96753       -0.00168        0.05447       -0.08829        1.00006        0.99974
0.015711        0.99925        0.99930        1.00005        1.09609        0.96753       -0.00171        0.05536       -0.08973        1.00006        0.99973
0.015966        0.99923        0.99928        1.00005        1.09611        0.96753       -0.00173        0.05626       -0.09119        1.00006        0.99972
0.016226        0.99921        0.99926        1.00005        1.09612        0.96753       -0.00176        0.05717       -0.09267        1.00006        0.99971
0.016490        0.99919        0.99924        1.00005        1.09613        0.96753       -0.00179        0.05810       -0.09418        1.00006        0.99971
0.016758        0.99916        0.99922        1.00005        1.09615        0.96753       -0.00182        0.05905       -0.09571        1.00007        0.99970
0.017031        0.99914        0.99920        1.00005        1.09616        0.96753       -0.00185        0.06001       -0.09727        1.00007        0.99969
0.017308        0.99912        0.99917        1.00006        1.09618        0.96753       -0.00188        0.06098       -0.09885        1.00007        0.99968
0.017589        0.99909        0.99915        1.00006        1.09619        0.96753       -0.00191        0.06198       -0.10046        1.00007        0.99967
0.017875        0.99907        0.99913        1.00006        1.09621        0.96753       -0.00194        0.06298       -0.10209        1.00007        0.99966
0.018166        0.99905        0.99911        1.00006        1.09622        0.96752       -0.00197        0.06401       -0.10375        1.00008        0.99965
0.018461        0.99902        0.99909        1.00006        1.09624        0.96752       -0.00201        0.06505       -0.10544        1.00008        0.99965
0.018762        0.99900        0.99906        1.00006        1.09625        0.96752       -0.00204        0.06611       -0.10715        1.00008        0.99964
0.019067        0.99897        0.99904        1.00007        1.09627        0.96752       -0.00207        0.06718       -0.10890        1.00008        0.99963
0.019377        0.99895        0.99901        1.00007        1.09628        0.96752       -0.00210        0.06828       -0.11067        1.00008        0.99962
0.019692        0.99892        0.99899        1.00007        1.09630        0.96752       -0.00214        0.06939       -0.11247        1.00009        0.99961
0.020012        0.99890        0.99897        1.00007        1.09632        0.96752       -0.00217        0.07052       -0.11430        1.00009        0.99960
0.020338        0.99886        0.99893        1.00007        1.09634        0.96752       -0.00221        0.07167       -0.11615        1.00009        0.99958
0.020669        0.99881        0.99889        1.00008        1.09637        0.96752       -0.00225        0.07283       -0.11804        1.00010        0.99957
0.021005        0.99876        0.99884        1.00008        1.09640        0.96751       -0.00228        0.07402       -0.11996        1.00010        0.99955
0.021347        0.99872        0.99880        1.00008        1.09643        0.96751       -0.00232        0.07522       -0.12191        1.00010        0.99953
0.021694        0.99867        0.99876        1.00009        1.09646        0.96751       -0.00236        0.07645       -0.12389        1.00011        0.99952
0.022047        0.99862        0.99871        1.00009        1.09649        0.96751       -0.00240        0.07769       -0.12591        1.00011        0.99950
0.022405        0.99857        0.99866        1.00009        1.09652        0.96751       -0.00243        0.07896       -0.12795        1.00011        0.99948
0.022770        0.99852        0.99862        1.00009        1.09655        0.96750       -0.00247        0.08024       -0.13004        1.00012        0.99946
0.023140        0.99847        0.99857        1.00010        1.09658        0.96750       -0.00251        0.08155       -0.13215        1.00012        0.99944
0.023516        0.99842        0.99852        1.00010        1.09662        0.96750       -0.00256        0.08288       -0.13430        1.00013        0.99942
0.023899        0.99837        0.99847        1.00010        1.09665        0.96750       -0.00260        0.08423       -0.13648        1.00013        0.99941
0.024288        0.99832        0.99842        1.00011        1.09668        0.96750       -0.00264        0.08560       -0.13870        1.00014        0.99939
0.024683        0.99826        0.99837        1.00011        1.09672        0.96749       -0.00268        0.08699       -0.14096        1.00014        0.99937
0.025084        0.99821        0.99832        1.00012        1.09675        0.96749       -0.00273        0.08841       -0.14325        1.00014        0.99935
0.025492        0.99815        0.99827        1.00012        1.09679        0.96749       -0.00277        0.08985       -0.14558        1.00015        0.99933
0.025907        0.99809        0.99822        1.00012        1.09682        0.96749       -0.00282        0.09131       -0.14794        1.00015        0.99930
0.026328        0.99804        0.99816        1.00013        1.09686        0.96749       -0.00286        0.09280       -0.15035        1.00016        0.99928
0.026756        0.99798        0.99811        1.00013        1.09689        0.96748       -0.00291        0.09431       -0.15279        1.00016        0.99926
0.027192        0.99792        0.99805        1.00013        1.09693        0.96748       -0.00296        0.09585       -0.15528        1.00017        0.99924
0.027634        0.99786        0.99800        1.00014        1.09697        0.96748       -0.00300        0.09741       -0.15780        1.00017        0.99922
0.028083        0.99780        0.99794        1.00014        1.09701        0.96748       -0.00305        0.09899       -0.16037        1.00018        0.99920
0.028540        0.99773        0.99788        1.00015        1.09705        0.96747       -0.00310        0.10060       -0.16297        1.00018        0.99917
0.029004        0.99767        0.99782        1.00015        1.09709        0.96747       -0.00315        0.10224       -0.16562        1.00019        0.99915
0.029476        0.99761        0.99776        1.00015        1.09713        0.96747       -0.00320        0.10391       -0.16832        1.00019        0.99913
0.029955        0.99754        0.99770        1.00016        1.09717        0.96747       -0.00326        0.10560       -0.17105        1.00020        0.99910
0.030443        0.99746        0.99762        1.00016        1.09722        0.96746       -0.00331        0.10732       -0.17383        1.00020        0.99907
0.030938        0.99736        0.99753        1.00017        1.09728        0.96746       -0.00336        0.10907       -0.17666        1.00021        0.99904
0.031441        0.99726        0.99744        1.00018        1.09734        0.96746       -0.00342        0.11085       -0.17953        1.00022        0.99900
0.031952        0.99717        0.99735        1.00018        1.09741        0.96745       -0.00347        0.11265       -0.18245        1.00023        0.99896
0.032472        0.99707        0.99726        1.00019        1.09747        0.96745       -0.00353        0.11449       -0.18541        1.00024        0.99893
0.033000        0.99697        0.99716        1.00020        1.09753        0.96745       -0.00359        0.11636       -0.18843        1.00024        0.99889
0.033537        0.99686        0.99707        1.00020        1.09760        0.96744       -0.00365        0.11825       -0.19149        1.00025        0.99885
0.034083        0.99676        0.99697        1.00021        1.09766        0.96744       -0.00371        0.12018       -0.19460        1.00026        0.99882
0.034637        0.99665        0.99687        1.00022        1.09773        0.96743       -0.00377        0.12214       -0.19776        1.00027        0.99878
0.035200        0.99655        0.99677        1.00022        1.09780        0.96743       -0.00383        0.12413       -0.20098        1.00028        0.99874
0.035773        0.99644        0.99667        1.00023        1.09787        0.96742       -0.00389        0.12615       -0.20424        1.00029        0.99870
0.036355        0.99633        0.99656        1.00024        1.09794        0.96742       -0.00396        0.12821       -0.20756        1.00030        0.99866
0.036946        0.99621        0.99646        1.00024        1.09801        0.96742       -0.00402        0.13030       -0.21094        1.00030        0.99861
0.037547        0.99610        0.99635        1.00025        1.09808        0.96741       -0.00409        0.13242       -0.21436        1.00031        0.99857
0.038158        0.99598        0.99624        1.00026        1.09815        0.96741       -0.00415        0.13458       -0.21785        1.00032        0.99853
0.038778        0.99586        0.99613        1.00027        1.09823        0.96740       -0.00422        0.13677       -0.22139        1.00033        0.99849
0.039409        0.99574        0.99602        1.00027        1.09830        0.96740       -0.00429        0.13900       -0.22499        1.00034        0.99844
0.040050        0.99562        0.99590        1.00028        1.09838        0.96739       -0.00436        0.14126       -0.22864        1.00035        0.99840
0.040701        0.99546        0.99575        1.00029        1.09848        0.96739       -0.00443        0.14357       -0.23236        1.00036        0.99834
0.041363        0.99530        0.99560        1.00030        1.09858        0.96738       -0.00450        0.14591       -0.23613        1.00038        0.99828
0.042036        0.99513        0.99545        1.00031        1.09869        0.96737       -0.00458        0.14830       -0.23997        1.00039        0.99822
0.042720        0.99497        0.99529        1.00032        1.09879        0.96737       -0.00465        0.15072       -0.24386        1.00041        0.99816
0.043415        0.99480        0.99513        1.00034        1.09890        0.96736       -0.00473        0.15318       -0.24783        1.00042        0.99809
0.044121        0.99462        0.99497        1.00035        1.09901        0.96735       -0.00481        0.15568       -0.25185        1.00043        0.99803
0.044839        0.99445        0.99480        1.00036        1.09912        0.96735       -0.00488        0.15822       -0.25594        1.00045        0.99797
0.045568        0.99427        0.99464        1.00037        1.09923        0.96734       -0.00496        0.16080       -0.26010        1.00046        0.99790
0.046309        0.99409        0.99447        1.00038        1.09935        0.96733       -0.00504        0.16342       -0.26432        1.00048        0.99783
0.047062        0.99390        0.99429        1.00039        1.09947        0.96733       -0.00513        0.16609       -0.26862        1.00049        0.99777
0.047828        0.99371        0.99412        1.00041        1.09958        0.96732       -0.00521        0.16880       -0.27298        1.00051        0.99770
0.048606        0.99352        0.99394        1.00042        1.09970        0.96731       -0.00530        0.17156       -0.27742        1.00052        0.99763
0.049396        0.99333        0.99376        1.00043        1.09983        0.96730       -0.00538        0.17436       -0.28192        1.00054        0.99756
0.050200        0.99313        0.99357        1.00044        1.09995        0.96730       -0.00547        0.17720       -0.28650        1.00055        0.99748
0.051016        0.99288        0.99334        1.00046        1.10011        0.96729       -0.00556        0.18010       -0.29115        1.00057        0.99739
0.051846        0.99263        0.99311        1.00048        1.10027        0.96728       -0.00565        0.18304       -0.29588        1.00059        0.99730
0.052689        0.99238        0.99287        1.00049        1.10043        0.96727       -0.00575        0.18604       -0.30068        1.00061        0.99721
0.053546        0.99212        0.99263        1.00051        1.10059        0.96726       -0.00584        0.18908       -0.30556        1.00064        0.99711
0.054417        0.99186        0.99238        1.00053        1.10075        0.96725       -0.00594        0.19217       -0.31052        1.00066        0.99702
0.055302        0.99160        0.99214        1.00054        1.10092        0.96724       -0.00603        0.19531       -0.31556        1.00068        0.99692
0.056202        0.99133        0.99188        1.00056        1.10109        0.96723       -0.00613        0.19850       -0.32068        1.00070        0.99682
0.057116        0.99105        0.99163        1.00058        1.10126        0.96722       -0.00623        0.20175       -0.32589        1.00072        0.99672
0.058045        0.99078        0.99137        1.00060        1.10144        0.96721       -0.00634        0.20505       -0.33118        1.00075        0.99662
0.058989        0.99049        0.99110        1.00062        1.10162        0.96719       -0.00644        0.20840       -0.33656        1.00077        0.99652
0.059948        0.99021        0.99083        1.00063        1.10180        0.96718       -0.00654        0.21180       -0.34202        1.00079        0.99641
0.060923        0.98987        0.99052        1.00066        1.10201        0.96717       -0.00665        0.21527       -0.34757        1.00082        0.99629
0.061914        0.98952        0.99019        1.00068        1.10223        0.96716       -0.00676        0.21880       -0.35320        1.00085        0.99616
0.062921        0.98916        0.98986        1.00070        1.10246        0.96714       -0.00687        0.22239       -0.35893        1.00088        0.99603
0.063945        0.98880        0.98952        1.00073        1.10269        0.96713       -0.00699        0.22603       -0.36475        1.00091        0.99590
0.064985        0.98843        0.98917        1.00075        1.10292        0.96711       -0.00710        0.22973       -0.37067        1.00094        0.99576
0.066042        0.98806        0.98882        1.00077        1.10316        0.96710       -0.00722        0.23349       -0.37668        1.00097        0.99562
0.067116        0.98768        0.98847        1.00080        1.10340        0.96708       -0.00734        0.23732       -0.38279        1.00100        0.99548
0.068208        0.98729        0.98811        1.00082        1.10364        0.96707       -0.00746        0.24120       -0.38900        1.00103        0.99534
0.069317        0.98690        0.98774        1.00085        1.10389        0.96705       -0.00758        0.24515       -0.39531        1.00106        0.99520
0.070445        0.98648        0.98735        1.00088        1.10415        0.96704       -0.00771        0.24917       -0.40172        1.00110        0.99505
0.071590        0.98602        0.98691        1.00091        1.10445        0.96702       -0.00783        0.25327       -0.40823        1.00113        0.99488
0.072755        0.98554        0.98647        1.00094        1.10475        0.96700       -0.00796        0.25743       -0.41484        1.00117        0.99470
0.073938        0.98506        0.98602        1.00097        1.10505        0.96698       -0.00810        0.26165       -0.42156        1.00121        0.99452
0.075141        0.98457        0.98556        1.00100        1.10536        0.96696       -0.00823        0.26595       -0.42839        1.00125        0.99435
0.076363        0.98407        0.98509        1.00103        1.10568        0.96694       -0.00837        0.27032       -0.43534        1.00129        0.99416
0.077605        0.98357        0.98462        1.00107        1.10600        0.96692       -0.00851        0.27475       -0.44239        1.00133        0.99398
0.078867        0.98305        0.98413        1.00110        1.10632        0.96690       -0.00865        0.27926       -0.44956        1.00138        0.99379
0.080150        0.98253        0.98364        1.00114        1.10666        0.96688       -0.00879        0.28385       -0.45685        1.00142        0.99360
0.081454        0.98192        0.98308        1.00117        1.10704        0.96686       -0.00894        0.28852       -0.46424        1.00147        0.99338
0.082779        0.98131        0.98251        1.00121        1.10743        0.96683       -0.00908        0.29327       -0.47175        1.00152        0.99315
0.084125        0.98069        0.98192        1.00126        1.10782        0.96681       -0.00923        0.29810       -0.47939        1.00157        0.99292
0.085493        0.98006        0.98133        1.00130        1.10822        0.96678       -0.00939        0.30301       -0.48715        1.00162        0.99269
0.086884        0.97942        0.98073        1.00134        1.10863        0.96676       -0.00954        0.30800       -0.49503        1.00167        0.99246
0.088297        0.97877        0.98012        1.00138        1.10904        0.96673       -0.00970        0.31307       -0.50304        1.00173        0.99222
0.089733        0.97811        0.97950        1.00142        1.10946        0.96671       -0.00986        0.31822       -0.51119        1.00178        0.99198
0.091193        0.97738        0.97882        1.00147        1.10992        0.96668       -0.01003        0.32347       -0.51945        1.00184        0.99171
0.092676        0.97661        0.97810        1.00152        1.11041        0.96665       -0.01020        0.32881       -0.52785        1.00191        0.99143
0.094183        0.97584        0.97737        1.00157        1.11090        0.96661       -0.01037        0.33424       -0.53638        1.00197        0.99115
0.095715        0.97505        0.97663        1.00163        1.11140        0.96658       -0.01054        0.33976       -0.54505        1.00204        0.99086
0.097272        0.97425        0.97588        1.00168        1.11191        0.96655       -0.01072        0.34537       -0.55386        1.00210        0.99056
0.098854        0.97343        0.97512        1.00173        1.11242        0.96652       -0.01090        0.35107       -0.56282        1.00217        0.99026
0.100462        0.97259        0.97433        1.00179        1.11296        0.96648       -0.01108        0.35687       -0.57191        1.00224        0.98995
0.102096        0.97166        0.97346        1.00185        1.11355        0.96645       -0.01127        0.36279       -0.58114        1.00232        0.98962
0.103757        0.97072        0.97257        1.00191        1.11415        0.96641       -0.01145        0.36880       -0.59052        1.00239        0.98927
0.105444        0.96976        0.97167        1.00198        1.11476        0.96637       -0.01165        0.37491       -0.60005        1.00247        0.98892
0.107159        0.96878        0.97076        1.00204        1.11538        0.96633       -0.01184        0.38112       -0.60974        1.00256        0.98856
0.108902        0.96779        0.96983        1.00211        1.11601        0.96629       -0.01204        0.38743       -0.61958        1.00264        0.98820
0.110674        0.96676        0.96886        1.00217        1.11667        0.96625       -0.01225        0.39386       -0.62958        1.00272        0.98782
0.112474        0.96564        0.96781        1.00225        1.11738        0.96620       -0.01245        0.40041       -0.63972        1.00282        0.98741
0.114303        0.96451        0.96675        1.00232        1.11810        0.96615       -0.01266        0.40707       -0.65003        1.00291        0.98700
0.116162        0.96335        0.96566        1.00240        1.11884        0.96610       -0.01288        0.41384       -0.66051        1.00301        0.98657
0.118052        0.96218        0.96456        1.00248        1.11958        0.96606       -0.01310        0.42072       -0.67115        1.00311        0.98614
0.119972        0.96099        0.96344        1.00256        1.12034        0.96601       -0.01332        0.42771       -0.68197        1.00321        0.98571
0.121923        0.95968        0.96222        1.00264        1.12118        0.96595       -0.01354        0.43485       -0.69294        1.00332        0.98523
0.123906        0.95835        0.96096        1.00273        1.12203        0.96590       -0.01378        0.44211       -0.70409        1.00343        0.98474
0.125922        0.95699        0.95969        1.00282        1.12289        0.96584       -0.01401        0.44949       -0.71541        1.00354        0.98425
0.127970        0.95561        0.95840        1.00291        1.12377        0.96578       -0.01425        0.45699       -0.72692        1.00366        0.98374
0.130051        0.95421        0.95708        1.00301        1.12467        0.96572       -0.01449        0.46461       -0.73862        1.00378        0.98323
0.132166        0.95268        0.95564        1.00311        1.12564        0.96566       -0.01474        0.47241       -0.75048        1.00391        0.98267
0.134316        0.95112        0.95417        1.00321        1.12664        0.96559       -0.01499        0.48033       -0.76252        1.00404        0.98210
0.136501        0.94953        0.95269        1.00332        1.12765        0.96552       -0.01525        0.48838       -0.77476        1.00418        0.98152
0.138721        0.94792        0.95117        1.00343        1.12868        0.96546       -0.01551        0.49657       -0.78721        1.00431        0.98093
0.140977        0.94624        0.94959        1.00354        1.12975        0.96538       -0.01578        0.50490       -0.79983        1.00446        0.98031
0.143270        0.94446        0.94792        1.00366        1.13089        0.96531       -0.01605        0.51341       -0.81264        1.00461        0.97966
0.145601        0.94265        0.94621        1.00378        1.13205        0.96523       -0.01633        0.52206       -0.82566        1.00476        0.97900
0.147969        0.94080        0.94448        1.00391        1.13323        0.96515       -0.01661        0.53085       -0.83889        1.00492        0.97833
0.150376        0.93892        0.94271        1.00404        1.13444        0.96507       -0.01690        0.53979       -0.85233        1.00508        0.97764
0.152821        0.93689        0.94080        1.00417        1.13573        0.96498       -0.01720        0.54893       -0.86594        1.00526        0.97690
0.155307        0.93483        0.93886        1.00431        1.13705        0.96489       -0.01750        0.55822       -0.87978        1.00544        0.97615
0.157833        0.93274        0.93689        1.00445        1.13839        0.96480       -0.01780        0.56766       -0.89384        1.00562        0.97538
0.160400        0.93060        0.93488        1.00460        1.13976        0.96470       -0.01811        0.57727       -0.90812        1.00580        0.97460
0.163009        0.92830        0.93271        1.00476        1.14123        0.96460       -0.01843        0.58710       -0.92259        1.00600        0.97376
0.165661        0.92597        0.93052        1.00491        1.14273        0.96449       -0.01876        0.59709       -0.93729        1.00621        0.97291
0.168355        0.92360        0.92829        1.00508        1.14425        0.96439       -0.01909        0.60724       -0.95223        1.00641        0.97204
0.171093        0.92114        0.92597        1.00524        1.14582        0.96428       -0.01942        0.61758       -0.96740        1.00663        0.97114
0.173876        0.91855        0.92353        1.00542        1.14748        0.96416       -0.01977        0.62815       -0.98276        1.00686        0.97020
0.176704        0.91592        0.92105        1.00560        1.14917        0.96404       -0.02012        0.63890       -0.99838        1.00709        0.96924
0.179578        0.91324        0.91853        1.00579        1.15088        0.96392       -0.02047        0.64981       -1.01425        1.00733        0.96826
0.182499        0.91041        0.91585        1.00598        1.15270        0.96378       -0.02084        0.66099       -1.03032        1.00758        0.96723
0.185468        0.90750        0.91311        1.00618        1.15456        0.96365       -0.02121        0.67236       -1.04664        1.00784        0.96616
0.188484        0.90454        0.91032        1.00639        1.15646        0.96351       -0.02159        0.68392       -1.06322        1.00810        0.96509
0.191550        0.90146        0.90741        1.00660        1.15843        0.96336       -0.02198        0.69571       -1.08004        1.00838        0.96396
0.194666        0.89825        0.90438        1.00683        1.16049        0.96321       -0.02238        0.70776       -1.09708        1.00867        0.96279
0.197832        0.89499        0.90131        1.00705        1.16257        0.96306       -0.02278        0.72000       -1.11440        1.00896        0.96160
0.201050        0.89163        0.89813        1.00729        1.16473        0.96289       -0.02320        0.73248       -1.13198        1.00927        0.96038
0.204320        0.88811        0.89480        1.00754        1.16698        0.96272       -0.02362        0.74524       -1.14977        1.00959        0.95909
0.207643        0.88452        0.89141        1.00779        1.16927        0.96255       -0.02405        0.75821       -1.16785        1.00991        0.95778
0.211020        0.88083        0.88792        1.00805        1.17163        0.96236       -0.02449        0.77143       -1.18620        1.01025        0.95644
0.214453        0.87697        0.88426        1.00832        1.17410        0.96217       -0.02494        0.78496       -1.20477        1.01061        0.95503
0.217941        0.87304        0.88055        1.00860        1.17661        0.96197       -0.02540        0.79871       -1.22364        1.01097        0.95360
0.221486        0.86898        0.87670        1.00889        1.17920        0.96177       -0.02587        0.81273       -1.24277        1.01135        0.95212
0.225088        0.86475        0.87269        1.00919        1.18189        0.96155       -0.02635        0.82708       -1.26214        1.01175        0.95058
0.228749        0.86045        0.86862        1.00950        1.18462        0.96133       -0.02684        0.84166       -1.28182        1.01215        0.94901
0.232470        0.85597        0.86437        1.00982        1.18746        0.96110       -0.02734        0.85658       -1.30174        1.01257        0.94738
0.236251        0.85135        0.86000        1.01016        1.19039        0.96085       -0.02785        0.87180       -1.32193        1.01301        0.94569
0.240093        0.84666        0.85554        1.01050        1.19336        0.96060       -0.02838        0.88726       -1.34245        1.01346        0.94399
0.243999        0.84171        0.85085        1.01086        1.19647        0.96034       -0.02891        0.90316       -1.36315        1.01393        0.94218
0.247967        0.83668        0.84607        1.01122        1.19964        0.96006       -0.02946        0.91931       -1.38419        1.01442        0.94035
0.252000        0.83149        0.84113        1.01161        1.20290        0.95978       -0.03002        0.93581       -1.40549        1.01492        0.93846
0.256099        0.82611        0.83602        1.01200        1.20625        0.95948       -0.03059        0.95267       -1.42705        1.01545        0.93650
0.260265        0.82063        0.83082        1.01241        1.20967        0.95917       -0.03118        0.96983       -1.44895        1.01598        0.93450
0.264498        0.81489        0.82535        1.01284        1.21322        0.95884       -0.03178        0.98745       -1.47103        1.01655        0.93241
0.268800        0.80906        0.81979        1.01327        1.21682        0.95850       -0.03239        1.00536       -1.49346        1.01713        0.93029
0.273172        0.80300        0.81402        1.01373        1.22054        0.95814       -0.03302        1.02372       -1.51611        1.01774        0.92808
0.277615        0.79678        0.80809        1.01420        1.22433        0.95777       -0.03366        1.04244       -1.53907        1.01837        0.92581
0.282131        0.79037        0.80198        1.01468        1.22821        0.95739       -0.03431        1.06157       -1.56229        1.01902        0.92348
0.286720        0.78376        0.79566        1.01519        1.23218        0.95698       -0.03498        1.08114       -1.58577        1.01970        0.92106
0.291383        0.77698        0.78919        1.01571        1.23623        0.95656       -0.03566        1.10109       -1.60955        1.02040        0.91859
0.296123        0.76996        0.78247        1.01625        1.24036        0.95612       -0.03636        1.12155       -1.63353        1.02113        0.91603
0.300939        0.76278        0.77561        1.01681        1.24456        0.95566       -0.03708        1.14239       -1.65786        1.02188        0.91341
0.305834        0.75533        0.76847        1.01740        1.24884        0.95517       -0.03781        1.16378       -1.68234        1.02267        0.91069
0.310808        0.74773        0.76119        1.01800        1.25318        0.95467       -0.03855        1.18556       -1.70717        1.02348        0.90791
0.315864        0.73985        0.75362        1.01862        1.25757        0.95414       -0.03932        1.20794       -1.73214        1.02434        0.90503
0.321001        0.73179        0.74589        1.01927        1.26202        0.95359       -0.04009        1.23073       -1.75745        1.02521        0.90208
0.326222        0.72345        0.73788        1.01994        1.26649        0.95300       -0.04089        1.25413       -1.78289        1.02613        0.89903
0.331528        0.71493        0.72968        1.02064        1.27100        0.95239       -0.04170        1.27799       -1.80863        1.02708        0.89591
0.336921        0.70612        0.72120        1.02136        1.27550        0.95175       -0.04253        1.30247       -1.83451        1.02807        0.89268
0.342401        0.69710        0.71251        1.02211        1.28000        0.95109       -0.04337        1.32747       -1.86064        1.02910        0.88936
0.347970        0.68782        0.70356        1.02288        1.28447        0.95039       -0.04422        1.35306       -1.88695        1.03016        0.88595
0.353630        0.67828        0.69434        1.02369        1.28886        0.94965       -0.04509        1.37927       -1.91339        1.03127        0.88243
0.359381        0.66851        0.68490        1.02452        1.29323        0.94889       -0.04597        1.40603       -1.94009        1.03242        0.87883
0.365227        0.65843        0.67515        1.02539        1.29738        0.94807       -0.04687        1.43351       -1.96678        1.03363        0.87511
0.371167        0.64814        0.66518        1.02629        1.30147        0.94723       -0.04777        1.46154       -1.99375        1.03486        0.87130
0.377204        0.63755        0.65490        1.02722        1.30528        0.94634       -0.04869        1.49030       -2.02069        1.03616        0.86736
0.383340        0.62670        0.64436        1.02819        1.30886        0.94541       -0.04961        1.51970       -2.04776        1.03751        0.86332
0.389575        0.61560        0.63357        1.02919        1.31224        0.94445       -0.05054        1.54973       -2.07498        1.03890        0.85918
0.395911        0.60419        0.62246        1.03024        1.31504        0.94342       -0.05146        1.58055       -2.10203        1.04036        0.85491
0.402351        0.59254        0.61110        1.03132        1.31754        0.94236       -0.05239        1.61200       -2.12923        1.04186        0.85053
0.408895        0.58062        0.59946        1.03245        1.31952        0.94126       -0.05331        1.64417       -2.15639        1.04343        0.84603
0.415546        0.56841        0.58752        1.03362        1.32070        0.94009       -0.05422        1.67710       -2.18337        1.04506        0.84139
0.422304        0.55596        0.57532        1.03483        1.32130        0.93889       -0.05511        1.71070       -2.21038        1.04675        0.83665
0.429173        0.54324        0.56285        1.03609        1.32109        0.93763       -0.05599        1.74502       -2.23725        1.04850        0.83177
0.436154        0.53027        0.55010        1.03741        1.31961        0.93632       -0.05682        1.78010       -2.26378        1.05032        0.82676
0.443248        0.51705        0.53709        1.03877        1.31716        0.93497       -0.05762        1.81584       -2.29020        1.05220        0.82162
0.450457        0.50360        0.52384        1.04018        1.31363        0.93357       -0.05838        1.85228       -2.31646        1.05415        0.81635
0.457784        0.48993        0.51033        1.04165        1.30817        0.93213       -0.05906        1.88940       -2.34216        1.05618        0.81093
0.465230        0.47606        0.49661        1.04319        1.30109        0.93066       -0.05967        1.92716       -2.36752        1.05827        0.80537
0.472797        0.46199        0.48266        1.04477        1.29231        0.92915       -0.06020        1.96551       -2.39255        1.06043        0.79968
0.480487        0.44774        0.46852        1.04642        1.28163        0.92763       -0.06065        2.00445       -2.41716        1.06266        0.79384
0.488302        0.43336        0.45422        1.04814        1.26813        0.92609       -0.06095        2.04386       -2.44101        1.06496        0.78785
0.496244        0.41888        0.43978        1.04992        1.25208        0.92456       -0.06111        2.08369       -2.46427        1.06732        0.78171
0.504316        0.40429        0.42522        1.05177        1.23340        0.92304       -0.06114        2.12388       -2.48692        1.06975        0.77542
0.512519        0.38965        0.41057        1.05370        1.21188        0.92156       -0.06100        2.16435       -2.50890        1.07224        0.76898
0.520855        0.37498        0.39586        1.05569        1.18731        0.92013       -0.06068        2.20501       -2.53014        1.07478        0.76239
0.529327        0.36035        0.38117        1.05777        1.15917        0.91878       -0.06014        2.24566       -2.55045        1.07738        0.75564
0.537936        0.34582        0.36654        1.05993        1.12743        0.91754       -0.05936        2.28615       -2.56979        1.08002        0.74873
0.546686        0.33140        0.35200        1.06217        1.09235        0.91644       -0.05836        2.32639       -2.58825        1.08270        0.74165
0.555578        0.31715        0.33759        1.06450        1.05392        0.91550       -0.05713        2.36625       -2.60577        1.08541        0.73442
0.564614        0.30310        0.32337        1.06691        1.01225        0.91474       -0.05565        2.40555       -2.62233        1.08814        0.72702
0.573798        0.28933        0.30940        1.06941        0.96750        0.91420       -0.05394        2.44413       -2.63789        1.09088        0.71946
0.583131        0.27587        0.29572        1.07200        0.91994        0.91391       -0.05198        2.48181       -2.65246        1.09362        0.71174
0.592615        0.26278        0.28239        1.07468        0.86993        0.91390       -0.04980        2.51841       -2.66602        1.09636        0.70384
0.602254        0.25010        0.26947        1.07746        0.81791        0.91418       -0.04741        2.55377       -2.67859        1.09907        0.69578
0.612050        0.23789        0.25700        1.08034        0.76438        0.91478       -0.04484        2.58772       -2.69019        1.10175        0.68756
0.622005        0.22617        0.24501        1.08331        0.70988        0.91571       -0.04210        2.62012       -2.70085        1.10438        0.67916
0.632122        0.21499        0.23356        1.08639        0.65496        0.91699       -0.03923        2.65085       -2.71063        1.10696        0.67060
0.642403        0.20436        0.22266        1.08957        0.60015        0.91861       -0.03627        2.67980       -2.71957        1.10948        0.66187
0.652852        0.19431        0.21235        1.09285        0.54597        0.92057       -0.03323        2.70687       -2.72772        1.11192        0.65297
0.663471        0.18485        0.20263        1.09623        0.49285        0.92288       -0.03016        2.73202       -2.73515        1.11429        0.64391
0.674262        0.17598        0.19352        1.09972        0.44117        0.92551       -0.02707        2.75518       -2.74192        1.11656        0.63468
0.685229        0.16771        0.18503        1.10332        0.39123        0.92847       -0.02400        2.77634       -2.74808        1.11874        0.62529
0.696374        0.16002        0.17714        1.10702        0.34325        0.93174       -0.02096        2.79547       -2.75369        1.12083        0.61574
0.707701        0.15293        0.16987        1.11082        0.29737        0.93530       -0.01796        2.81258       -2.75881        1.12281        0.60602
0.719212        0.14640        0.16320        1.11474        0.25368        0.93914       -0.01503        2.82767       -2.76349        1.12468        0.59615
0.730910        0.14048        0.15716        1.11876        0.21234        0.94326       -0.01217        2.84063       -2.76775        1.12643        0.58612
0.742798        0.13515        0.15176        1.12290        0.17334        0.94765       -0.00938        2.85144       -2.77162        1.12806        0.57594
0.754880        0.13037        0.14694        1.12714        0.13638        0.95227       -0.00667        2.86026       -2.77519        1.12957        0.56562
0.767158        0.12610        0.14268        1.13149        0.10133        0.95712       -0.00403        2.86711       -2.77847        1.13095        0.55514
0.779636        0.12236        0.13899        1.13595        0.06802        0.96220       -0.00145        2.87199       -2.78149        1.13221        0.54453
0.792317        0.11919        0.13594        1.14053        0.03653        0.96749        0.00107        2.87461       -2.78425        1.13331        0.53379
0.805204        0.11655        0.13347        1.14521        0.00641        0.97299        0.00354        2.87515       -2.78677        1.13426        0.52291
0.818301        0.11440        0.13156        1.15000       -0.02263        0.97868        0.00598        2.87366       -2.78910        1.13506        0.51191
0.831610        0.11280        0.13027        1.15491       -0.05073        0.98456        0.00840        2.86988       -2.79120        1.13569        0.50079
0.845137        0.11177        0.12964        1.15992       -0.07818        0.99062        0.01083        2.86369       -2.79307        1.13612        0.48956
0.858883        0.11125        0.12961        1.16504       -0.10536        0.99685        0.01329        2.85520       -2.79473        1.13636        0.47822
0.872853        0.11135        0.13032        1.17026       -0.13254        1.00325        0.01581        2.84392       -2.79613        1.13636        0.46680
0.887050        0.11206        0.13174        1.17559       -0.16008        1.00979        0.01841        2.82985       -2.79727        1.13611        0.45528
0.901478        0.11341        0.13394        1.18102       -0.18837        1.01648        0.02114        2.81273       -2.79812        1.13558        0.44368
0.916140        0.11551        0.13706        1.18655       -0.21786        1.02330        0.02404        2.79199       -2.79859        1.13470        0.43201
0.931041        0.11833        0.14107        1.19216       -0.24892        1.03023        0.02715        2.76759       -2.79866        1.13346        0.42028
0.946185        0.12207        0.14623        1.19786       -0.28222        1.03726        0.03056        2.73855       -2.79820        1.13176        0.40851
0.961575        0.12671        0.15252        1.20364       -0.31809        1.04434        0.03429        2.70474       -2.79715        1.12956        0.39668
0.977215        0.13246        0.16021        1.20948       -0.35735        1.05146        0.03846        2.66498       -2.79531        1.12674        0.38484
0.993109        0.13939        0.16941        1.21536       -0.40047        1.05858        0.04313        2.61861       -2.79252        1.12320        0.37297
1.009262        0.14764        0.18031        1.22129       -0.44800        1.06564        0.04838        2.56470       -2.78859        1.11883        0.36110
1.025678        0.15750        0.19329        1.22722       -0.50092        1.07258        0.05435        2.50123       -2.78307        1.11339        0.34924
1.042361        0.16899        0.20839        1.23313       -0.55928        1.07935        0.06105        2.42754       -2.77573        1.10677        0.33740
1.059315        0.18236        0.22594        1.23900       -0.62358        1.08586        0.06860        2.34155       -2.76603        1.09873        0.32558
1.076545        0.19785        0.24629        1.24477       -0.69409        1.09201        0.07706        2.24051       -2.75320        1.08890        0.31383
1.094055        0.21547        0.26943        1.25041       -0.76998        1.09774        0.08638        2.12302       -2.73668        1.07708        0.30212
1.111850        0.23525        0.29544        1.25585       -0.85026        1.10296        0.09648        1.98666       -2.71562        1.06294        0.29049
1.129934        0.25710        0.32421        1.26103       -0.93316        1.10760        0.10720        1.82872       -2.68901        1.04609        0.27894
1.148312        0.28074        0.35537        1.26583       -1.01568        1.11161        0.11823        1.64580       -2.65553        1.02602        0.26751
1.166990        0.30544        0.38798        1.27020       -1.09404        1.11503        0.12913        1.43683       -2.61454        1.00253        0.25619
1.185971        0.33025        0.42076        1.27402       -1.16374        1.11796        0.13935        1.20031       -2.56534        0.97531        0.24500
1.205261        0.35380        0.45187        1.27718       -1.21966        1.12050        0.14822        0.93565       -2.50770        0.94417        0.23396
1.224865        0.37435        0.47901        1.27957       -1.25637        1.12281        0.15502        0.64357       -2.44212        0.90905        0.22308
1.244787        0.38990        0.49949        1.28107       -1.26850        1.12503        0.15896        0.32648       -2.37002        0.87013        0.21237
1.265034        0.39844        0.51062        1.28156       -1.25120        1.12720        0.15929       -0.01116       -2.29388        0.82783        0.20184
1.285610        0.39822        0.51011        1.28097       -1.20089        1.12924        0.15537       -0.36256       -2.21715        0.78292        0.19153
1.306520        0.38826        0.49667        1.27923       -1.11646        1.13087        0.14685       -0.71855       -2.14382        0.73651        0.18142
1.327771        0.36867        0.47054        1.27631       -1.00075        1.13160        0.13389       -1.06809       -2.07775        0.69001        0.17154
1.349367        0.34089        0.43370        1.27224       -0.86158        1.13088        0.11734       -1.39950       -2.02185        0.64501        0.16190
1.371315        0.30740        0.38950        1.26705       -0.71124        1.12817        0.09872       -1.70122       -1.97775        0.60314        0.15252
1.393619        0.27146        0.34228        1.26086       -0.56409        1.12326        0.07993       -1.96569       -1.94487        0.56557        0.14340
1.416287        0.23599        0.29590        1.25381       -0.43134        1.11626        0.06260       -2.19041       -1.92127        0.53286        0.13455
1.439323        0.20308        0.25304        1.24602       -0.31924        1.10749        0.04771       -2.37616       -1.90471        0.50506        0.12598
1.462733        0.17414        0.21552        1.23762       -0.23037        1.09728        0.03574       -2.52480       -1.89328        0.48209        0.11771
1.486525        0.14945        0.18365        1.22873       -0.16200        1.08604        0.02646       -2.64268       -1.88505        0.46320        0.10974
1.510703        0.12888        0.15717        1.21946       -0.11053        1.07408        0.01945       -2.73521       -1.87883        0.44775        0.10206
1.535275        0.11223        0.13579        1.20987       -0.07294        1.06158        0.01436       -2.80613       -1.87388        0.43528        0.09471
1.560246        0.09876        0.11851        1.20006       -0.04508        1.04874        0.01063       -2.86094       -1.86962        0.42506        0.08765
1.585624        0.08818        0.10495        1.19005       -0.02494        1.03566        0.00798       -2.90185       -1.86580        0.41683        0.08094
1.611414        0.07988        0.09425        1.17992       -0.01002        1.02243        0.00606       -2.93237       -1.86221        0.41011        0.07453
1.637624        0.07359        0.08608        1.16968        0.00088        1.00912        0.00468       -2.95398       -1.85874        0.40471        0.06844
1.664260        0.06899        0.07998        1.15938        0.00891        0.99578        0.00366       -2.96833       -1.85533        0.40041        0.06268
1.691330        0.06583        0.07564        1.14903        0.01480        0.98245        0.00289       -2.97646       -1.85195        0.39707        0.05724
1.718839        0.06402        0.07290        1.13865        0.01902        0.96916        0.00227       -2.97889       -1.84857        0.39464        0.05211
1.746796        0.06347        0.07161        1.12828        0.02196        0.95596        0.00176       -2.97592       -1.84519        0.39312        0.04730
1.775208        0.06413        0.07169        1.11793        0.02392        0.94286        0.00129       -2.96763       -1.84181        0.39251        0.04280
1.804082        0.06606        0.07317        1.10762        0.02511        0.92988        0.00084       -2.95371       -1.83842        0.39290        0.03860
1.833425        0.06936        0.07612        1.09737        0.02574        0.91706        0.00040       -2.93351       -1.83504        0.39446        0.03469
1.863246        0.07422        0.08069        1.08720        0.02596        0.90441       -0.00005       -2.90605       -1.83167        0.39740        0.03107
1.893552        0.08087        0.08710        1.07714        0.02593        0.89197       -0.00052       -2.86988       -1.82832        0.40204        0.02773
1.924351        0.08964        0.09567        1.06723        0.02580        0.87978       -0.00100       -2.82304       -1.82503        0.40884        0.02465
1.955651        0.10096        0.10676        1.05751        0.02567        0.86787       -0.00150       -2.76292       -1.82180        0.41836        0.02183
1.987460        0.11528        0.12082        1.04802        0.02564        0.85629       -0.00201       -2.68612       -1.81867        0.43138        0.01926
2.019786        0.13311        0.13828        1.03882        0.02574        0.84512       -0.00253       -2.58836       -1.81568        0.44887        0.01692
2.052638        0.15493        0.15957        1.03001        0.02596        0.83446       -0.00303       -2.46380       -1.81289        0.47221        0.01480
2.086024        0.18080        0.18472        1.02168        0.02623        0.82441       -0.00350       -2.30668       -1.81035        0.50278        0.01289
2.119953        0.21027        0.21319        1.01393        0.02638        0.81509       -0.00390       -2.11084       -1.80813        0.54213        0.01117
2.154435        0.24191        0.24359        1.00694        0.02620        0.80671       -0.00417       -1.86912       -1.80631        0.59213        0.00964
2.189477        0.27288        0.27311        1.00083        0.02543        0.79941       -0.00426       -1.57974       -1.80493        0.65350        0.00828
2.225089        0.29877        0.29752        0.99582        0.02381        0.79342       -0.00411       -1.24291       -1.80404        0.72663        0.00708
2.261280        0.31473        0.31222        0.99202        0.02128        0.78889       -0.00368       -0.86837       -1.80362        0.80971        0.00602
2.298060        0.31630        0.31301        0.98960        0.01792        0.78600       -0.00299       -0.47193       -1.80363        0.89948        0.00509
2.335438        0.30192        0.29848        0.98861        0.01408        0.78480       -0.00210       -0.07609       -1.80402        0.99094        0.00428
2.373424        0.27363        0.27063        0.98903        0.01017        0.78527       -0.00111        0.29627       -1.80476        1.07870        0.00358
2.412028        0.23620        0.23402        0.99079        0.00654        0.78733       -0.00007        0.62653       -1.80582        1.15814        0.00297
2.451260        0.19545        0.19423        0.99377        0.00338        0.79082        0.00100        0.90386       -1.80719        1.22629        0.00246
2.491130        0.15632        0.15598        0.99780        0.00065        0.79556        0.00212        1.12581       -1.80886        1.28212        0.00202
2.531648        0.12190        0.12223        1.00273       -0.00182        0.80134        0.00339        1.29639       -1.81081        1.32615        0.00165
2.572826        0.09340        0.09419        1.00840       -0.00430        0.80799        0.00493        1.42311       -1.81299        1.35985        0.00133
2.614673        0.07080        0.07184        1.01468       -0.00705        0.81533        0.00690        1.51450       -1.81538        1.38505        0.00107
2.657201        0.05337        0.05452        1.02147       -0.01036        0.82323        0.00945        1.57855       -1.81793        1.40354        0.00086
2.700421        0.04019        0.04134        1.02870       -0.01451        0.83158        0.01281        1.59775       -1.82063        1.41033        0.00000
2.744343        0.03044        0.03154        1.03619       -0.01962        0.84016        0.01714        1.62584       -1.82341        1.41971        0.00000
2.788980        0.02315        0.02417        1.04400       -0.02621        0.84900        0.02275        1.64293       -1.82628        1.42622        0.00000
2.834343        0.01774        0.01866        1.05211       -0.03460        0.85803        0.02997        1.65184       -1.82925        1.43056        0.00000
2.880444        0.01370        0.01453        1.06050       -0.04512        0.86720        0.03908        1.65488       -1.83230        1.43330        0.00000
2.927295        0.01069        0.01143        1.06914       -0.05814        0.87644        0.05045        1.65355       -1.83543        1.43481        0.00000
2.974908        0.00843        0.00909        1.07804       -0.07396        0.88571        0.06438        1.64905       -1.83863        1.43541        0.00000
3.023295        0.00673        0.00732        1.08718       -0.09287        0.89495        0.08117        1.64220       -1.84190        1.43531        0.00000
3.072469        0.00544        0.00596        1.09656       -0.11506        0.90413        0.10105        1.63359       -1.84525        1.43467        0.00000
3.122443        0.00445        0.00492        1.10619       -0.14065        0.91324        0.12418        1.62364       -1.84866        1.43358        0.00000
3.173230        0.00369        0.00412        1.11606       -0.16957        0.92226        0.15059        1.61264       -1.85214        1.43214        0.00000
3.224842        0.00310        0.00349        1.12618       -0.20157        0.93123        0.18011        1.60082       -1.85569        1.43039        0.00000
3.277295        0.00265        0.00301        1.13654       -0.23611        0.94020        0.21234        1.58831       -1.85930        1.42838        0.00000
3.330600        0.00229        0.00263        1.14717       -0.27227        0.94926        0.24650        1.57524       -1.86297        1.42612        0.00000
3.384773        0.00202        0.00234        1.15805       -0.30845        0.95862        0.28119        1.56165       -1.86668        1.42365        0.00000
3.439826        0.00182        0.00212        1.16919       -0.34206        0.96858        0.31407        1.54757       -1.87044        1.42095        0.00000
3.495776        0.00168        0.00199        1.18061       -0.36891        0.97967        0.34123        1.53301       -1.87421        1.41801        0.00000
3.552635        0.00161        0.00192        1.19232       -0.38358        0.99260        0.35753        1.51791       -1.87795        1.41482        0.00000
3.610419        0.00161        0.00193        1.20279       -0.41866        1.00620        0.37877        1.61903       -1.88090        1.47167        0.00000
3.669142        0.00160        0.00195        1.21277       -0.46789        1.01961        0.40671        1.77317       -1.88356        1.55597        0.00000
3.728821        0.00160        0.00196        1.22292       -0.51792        1.03324        0.43511        1.92982       -1.88627        1.64164        0.00000
3.789471        0.00160        0.00198        1.23324       -0.56877        1.04708        0.46397        2.08902       -1.88901        1.72871        0.00000
3.851107        0.00160        0.00199        1.24372       -0.62044        1.06116        0.49330        2.25080       -1.89180        1.81719        0.00000
3.913746        0.00160        0.00201        1.25437       -0.67295        1.07546        0.52310        2.41522       -1.89464        1.90711        0.00000
3.977403        0.00160        0.00202        1.26520       -0.72632        1.08999        0.55339        2.58231       -1.89752        1.99850        0.00000
4.042096        0.00160        0.00204        1.27620       -0.78055        1.10476        0.58418        2.75212       -1.90045        2.09137        0.00000
4.107841        0.00160        0.00205        1.28738       -0.83567        1.11977        0.61546        2.92469       -1.90343        2.18575        0.00000
4.174655        0.00160        0.00207        1.29875       -0.89168        1.13502        0.64726        3.10007       -1.90646        2.28167        0.00000
4.242556        0.00159        0.00209        1.31029       -0.94860        1.15053        0.67957        3.27830       -1.90953        2.37914        0.00000
4.311562        0.00159        0.00210        1.32203       -1.00645        1.16628        0.71240        3.45943       -1.91266        2.47820        0.00000
4.381690        0.00159        0.00212        1.33395       -1.06524        1.18229        0.74577        3.64351       -1.91583        2.57888        0.00000
4.452959        0.00159        0.00214        1.34608       -1.12499        1.19856        0.77969        3.83058       -1.91906        2.68119        0.00000
4.525386        0.00159        0.00216        1.35839       -1.18570        1.21510        0.81415        4.02069       -1.92234        2.78516        0.00000
4.598992        0.00159        0.00217        1.37091       -1.24741        1.23190        0.84917        4.21389       -1.92568        2.89083        0.00000
4.673795        0.00159        0.00219        1.38363       -1.31012        1.24898        0.88477        4.41024       -1.92906        2.99821        0.00000
4.749815        0.00158        0.00221        1.39656       -1.37385        1.26634        0.92094        4.60978       -1.93251        3.10734        0.00000
4.827071        0.00158        0.00223        1.40970       -1.43861        1.28398        0.95771        4.81257       -1.93601        3.21825        0.00000
4.905584        0.00158        0.00225        1.42305       -1.50443        1.30190        0.99507        5.01865       -1.93956        3.33096        0.00000
4.985373        0.00158        0.00227        1.43662       -1.57132        1.32012        1.03303        5.22809       -1.94318        3.44550        0.00000
5.066461        0.00158        0.00229        1.45041       -1.63930        1.33863        1.07162        5.44093       -1.94685        3.56191        0.00000
5.148867        0.00158        0.00231        1.46443       -1.70838        1.35745        1.11083        5.65724       -1.95058        3.68021        0.00000
5.232614        0.00091        0.00138        1.52107       -3.09658        1.39267        2.01308        5.74457       -1.96579        3.73451        0.00000
5.317723        0.00058        0.00094        1.62907       -5.06874        1.48402        3.31050        5.70149       -1.99129        3.72374        0.00000
5.404216        0.00044        0.00077        1.75241       -7.02176        1.60290        4.60737        5.65774       -2.01693        3.71234        0.00000
5.492116        0.00035        0.00067        1.89438       -9.17729        1.74897        6.04966        5.61349       -2.04264        3.70040        0.00000
5.581446        0.00029        0.00060        2.05928      -11.66467        1.92758        7.72486        5.56891       -2.06795        3.68797        0.00000
5.672229        0.00025        0.00056        2.25285      -14.61862        2.14772        9.72558        5.52424       -2.09193        3.67520        0.00000
5.764488        0.00021        0.00053        2.48280      -18.21185        2.42304       12.17129        5.47994       -2.11300        3.66232        0.00000
5.858248        0.00018        0.00050        2.75977      -22.68702        2.77439       15.23022        5.43677       -2.12838        3.64980        0.00000
5.953533        0.00016        0.00049        3.09912      -28.41161        3.23541       19.15723        5.39617       -2.13301        3.63849        0.00000
6.050368        0.00014        0.00048        3.52327      -35.96157        3.86273       24.35132        5.36075       -2.11736        3.63002        0.00000
6.148778        0.00012        0.00048        4.06753      -46.32781        4.76345       31.49772        5.33566       -2.06162        3.62764        0.00000
6.248788        0.00010        0.00048        4.78947      -61.32674        6.16509       41.84909        5.33135       -1.91992        3.63809        0.00000
6.350425        0.00008        0.00049        5.79274      -84.73163        8.67375       57.99996        5.36964       -1.56158        3.67559        0.00000
