x               rho            P              T              ur             uphi           uz             Br             Bphi           Bz             m
0.010000        0.99947        0.99949        1.00002        3.14827        0.80058       -0.00314        0.03361       -0.01501        1.00002        0.99990
0.010163        0.99946        0.99947        1.00002        3.14827        0.80058       -0.00320        0.03416       -0.01525        1.00002        0.99990
0.010328        0.99942        0.99944        1.00002        3.14825        0.80057       -0.00325        0.03471       -0.01550        1.00002        0.99989
0.010496        0.99939        0.99941        1.00002        3.14824        0.80056       -0.00330        0.03528       -0.01575        1.00002        0.99989
0.010667        0.99936        0.99938        1.00002        3.14823        0.80056       -0.00335        0.03585       -0.01600        1.00002        0.99988
0.010840        0.99933        0.99935        1.00002        3.14821        0.80055       -0.00341        0.03643       -0.01626        1.00003        0.99988
0.011016        0.99929        0.99931        1.00002        3.14820        0.80055       -0.00346        0.03703       -0.01653        1.00003        0.99987
0.011196        0.99926        0.99928        1.00002        3.14818        0.80054       -0.00352        0.03763       -0.01680        1.00003        0.99986
0.011378        0.99922        0.99925        1.00002        3.14817        0.80054       -0.00358        0.03824       -0.01707        1.00003        0.99986
0.011563        0.99919        0.99921        1.00002        3.14816        0.80053       -0.00364        0.03886       -0.01735        1.00003        0.99985
0.011751        0.99915        0.99918        1.00003        3.14814        0.80052       -0.00369        0.03950       -0.01763        1.00003        0.99985
0.011942        0.99912        0.99914        1.00003        3.14813        0.80052       -0.00375        0.04014       -0.01792        1.00003        0.99984
0.012136        0.99908        0.99911        1.00003        3.14811        0.80051       -0.00382        0.04079       -0.01821        1.00003        0.99984
0.012334        0.99904        0.99907        1.00003        3.14810        0.80051       -0.00388        0.04145       -0.01850        1.00004        0.99983
0.012534        0.99900        0.99903        1.00003        3.14808        0.80050       -0.00394        0.04213       -0.01880        1.00004        0.99982
0.012738        0.99896        0.99899        1.00003        3.14807        0.80049       -0.00401        0.04281       -0.01911        1.00004        0.99982
0.012945        0.99892        0.99895        1.00003        3.14805        0.80049       -0.00407        0.04351       -0.01942        1.00004        0.99981
0.013156        0.99888        0.99892        1.00003        3.14803        0.80048       -0.00414        0.04422       -0.01973        1.00004        0.99981
0.013370        0.99884        0.99888        1.00003        3.14802        0.80047       -0.00420        0.04494       -0.02005        1.00004        0.99980
0.013587        0.99880        0.99884        1.00003        3.14800        0.80046       -0.00427        0.04567       -0.02038        1.00004        0.99979
0.013808        0.99876        0.99879        1.00004        3.14798        0.80046       -0.00434        0.04641       -0.02071        1.00004        0.99979
0.014033        0.99871        0.99875        1.00004        3.14796        0.80045       -0.00441        0.04717       -0.02105        1.00005        0.99978
0.014261        0.99867        0.99871        1.00004        3.14795        0.80044       -0.00448        0.04793       -0.02139        1.00005        0.99977
0.014493        0.99863        0.99867        1.00004        3.14793        0.80043       -0.00456        0.04871       -0.02174        1.00005        0.99977
0.014729        0.99858        0.99862        1.00004        3.14791        0.80043       -0.00463        0.04950       -0.02209        1.00005        0.99976
0.014968        0.99854        0.99858        1.00004        3.14789        0.80042       -0.00471        0.05031       -0.02245        1.00005        0.99975
0.015212        0.99849        0.99853        1.00004        3.14787        0.80041       -0.00478        0.05113       -0.02281        1.00005        0.99974
0.015459        0.99844        0.99849        1.00004        3.14785        0.80040       -0.00486        0.05196       -0.02318        1.00006        0.99974
0.015711        0.99839        0.99844        1.00005        3.14783        0.80040       -0.00494        0.05280       -0.02356        1.00006        0.99973
0.015966        0.99834        0.99839        1.00005        3.14781        0.80039       -0.00502        0.05366       -0.02394        1.00006        0.99972
0.016226        0.99830        0.99834        1.00005        3.14779        0.80038       -0.00510        0.05454       -0.02433        1.00006        0.99971
0.016490        0.99824        0.99829        1.00005        3.14777        0.80037       -0.00519        0.05542       -0.02473        1.00006        0.99971
0.016758        0.99819        0.99824        1.00005        3.14775        0.80036       -0.00527        0.05632       -0.02513        1.00006        0.99970
0.017031        0.99814        0.99819        1.00005        3.14773        0.80035       -0.00536        0.05724       -0.02554        1.00007        0.99969
0.017308        0.99809        0.99814        1.00005        3.14771        0.80034       -0.00544        0.05817       -0.02595        1.00007        0.99968
0.017589        0.99803        0.99809        1.00006        3.14769        0.80033       -0.00553        0.05912       -0.02638        1.00007        0.99967
0.017875        0.99798        0.99804        1.00006        3.14767        0.80033       -0.00562        0.06008       -0.02680        1.00007        0.99966
0.018166        0.99792        0.99798        1.00006        3.14764        0.80032       -0.00571        0.06106       -0.02724        1.00007        0.99965
0.018461        0.99787        0.99793        1.00006        3.14762        0.80031       -0.00581        0.06205       -0.02768        1.00007        0.99965
0.018762        0.99781        0.99787        1.00006        3.14760        0.80030       -0.00590        0.06306       -0.02813        1.00008        0.99964
0.019067        0.99775        0.99781        1.00006        3.14757        0.80029       -0.00600        0.06408       -0.02859        1.00008        0.99963
0.019377        0.99769        0.99776        1.00006        3.14755        0.80028       -0.00609        0.06513       -0.02905        1.00008        0.99962
0.019692        0.99763        0.99770        1.00007        3.14752        0.80027       -0.00619        0.06619       -0.02953        1.00008        0.99961
0.020012        0.99757        0.99764        1.00007        3.14750        0.80026       -0.00629        0.06726       -0.03001        1.00008        0.99960
0.020338        0.99748        0.99755        1.00007        3.14746        0.80024       -0.00640        0.06836       -0.03049        1.00009        0.99958
0.020669        0.99737        0.99745        1.00007        3.14742        0.80022       -0.00650        0.06947       -0.03099        1.00009        0.99957
0.021005        0.99727        0.99734        1.00008        3.14737        0.80020       -0.00660        0.07060       -0.03149        1.00009        0.99955
0.021347        0.99716        0.99724        1.00008        3.14733        0.80019       -0.00671        0.07175       -0.03200        1.00010        0.99953
0.021694        0.99705        0.99713        1.00008        3.14728        0.80017       -0.00682        0.07291       -0.03252        1.00010        0.99952
0.022047        0.99693        0.99702        1.00008        3.14723        0.80015       -0.00693        0.07410       -0.03304        1.00011        0.99950
0.022405        0.99682        0.99691        1.00009        3.14719        0.80013       -0.00704        0.07531       -0.03358        1.00011        0.99948
0.022770        0.99671        0.99680        1.00009        3.14714        0.80011       -0.00716        0.07653       -0.03412        1.00011        0.99946
0.023140        0.99659        0.99668        1.00009        3.14709        0.80009       -0.00728        0.07778       -0.03468        1.00012        0.99944
0.023516        0.99647        0.99656        1.00010        3.14704        0.80007       -0.00739        0.07904       -0.03524        1.00012        0.99942
0.023899        0.99635        0.99645        1.00010        3.14699        0.80005       -0.00751        0.08033       -0.03581        1.00012        0.99941
0.024288        0.99622        0.99633        1.00010        3.14694        0.80003       -0.00764        0.08163       -0.03639        1.00013        0.99939
0.024683        0.99610        0.99620        1.00011        3.14689        0.80001       -0.00776        0.08296       -0.03698        1.00013        0.99937
0.025084        0.99597        0.99608        1.00011        3.14683        0.79998       -0.00789        0.08431       -0.03758        1.00014        0.99935
0.025492        0.99584        0.99595        1.00011        3.14678        0.79996       -0.00801        0.08568       -0.03819        1.00014        0.99933
0.025907        0.99571        0.99582        1.00012        3.14672        0.79994       -0.00814        0.08707       -0.03881        1.00015        0.99930
0.026328        0.99557        0.99569        1.00012        3.14667        0.79992       -0.00828        0.08849       -0.03944        1.00015        0.99928
0.026756        0.99544        0.99556        1.00012        3.14661        0.79989       -0.00841        0.08993       -0.04008        1.00015        0.99926
0.027192        0.99530        0.99543        1.00013        3.14655        0.79987       -0.00855        0.09139       -0.04072        1.00016        0.99924
0.027634        0.99516        0.99529        1.00013        3.14649        0.79985       -0.00869        0.09288       -0.04139        1.00016        0.99922
0.028083        0.99502        0.99515        1.00014        3.14643        0.79982       -0.00883        0.09439       -0.04206        1.00017        0.99920
0.028540        0.99487        0.99501        1.00014        3.14637        0.79980       -0.00897        0.09593       -0.04274        1.00017        0.99917
0.029004        0.99472        0.99487        1.00014        3.14631        0.79977       -0.00912        0.09749       -0.04343        1.00018        0.99915
0.029476        0.99457        0.99472        1.00015        3.14625        0.79975       -0.00927        0.09907       -0.04414        1.00018        0.99913
0.029955        0.99442        0.99457        1.00015        3.14619        0.79972       -0.00942        0.10068       -0.04485        1.00019        0.99910
0.030443        0.99422        0.99438        1.00016        3.14610        0.79969       -0.00957        0.10232       -0.04558        1.00020        0.99907
0.030938        0.99400        0.99416        1.00016        3.14601        0.79965       -0.00973        0.10398       -0.04631        1.00020        0.99904
0.031441        0.99378        0.99395        1.00017        3.14591        0.79961       -0.00988        0.10568       -0.04706        1.00021        0.99900
0.031952        0.99355        0.99373        1.00017        3.14581        0.79957       -0.01004        0.10739       -0.04782        1.00022        0.99896
0.032472        0.99332        0.99350        1.00018        3.14571        0.79953       -0.01021        0.10914       -0.04859        1.00023        0.99893
0.033000        0.99309        0.99327        1.00019        3.14561        0.79949       -0.01037        0.11092       -0.04938        1.00023        0.99889
0.033537        0.99285        0.99304        1.00019        3.14551        0.79945       -0.01054        0.11272       -0.05017        1.00024        0.99885
0.034083        0.99261        0.99281        1.00020        3.14540        0.79941       -0.01071        0.11455       -0.05098        1.00025        0.99882
0.034637        0.99236        0.99257        1.00021        3.14529        0.79937       -0.01089        0.11642       -0.05181        1.00026        0.99878
0.035200        0.99211        0.99232        1.00021        3.14518        0.79933       -0.01106        0.11831       -0.05264        1.00027        0.99874
0.035773        0.99186        0.99207        1.00022        3.14507        0.79929       -0.01124        0.12024       -0.05349        1.00027        0.99870
0.036355        0.99160        0.99182        1.00023        3.14496        0.79924       -0.01142        0.12219       -0.05436        1.00028        0.99866
0.036946        0.99134        0.99157        1.00023        3.14485        0.79920       -0.01161        0.12418       -0.05524        1.00029        0.99861
0.037547        0.99107        0.99131        1.00024        3.14473        0.79915       -0.01180        0.12620       -0.05613        1.00030        0.99857
0.038158        0.99080        0.99104        1.00025        3.14462        0.79911       -0.01199        0.12825       -0.05704        1.00031        0.99853
0.038778        0.99052        0.99078        1.00025        3.14450        0.79906       -0.01218        0.13034       -0.05796        1.00032        0.99849
0.039409        0.99024        0.99050        1.00026        3.14437        0.79901       -0.01238        0.13246       -0.05890        1.00033        0.99844
0.040050        0.98996        0.99023        1.00027        3.14425        0.79896       -0.01258        0.13461       -0.05985        1.00034        0.99840
0.040701        0.98959        0.98987        1.00028        3.14408        0.79890       -0.01279        0.13680       -0.06081        1.00035        0.99834
0.041363        0.98922        0.98950        1.00029        3.14391        0.79884       -0.01299        0.13903       -0.06179        1.00036        0.99828
0.042036        0.98883        0.98913        1.00030        3.14374        0.79877       -0.01321        0.14129       -0.06278        1.00037        0.99822
0.042720        0.98845        0.98875        1.00031        3.14356        0.79870       -0.01342        0.14359       -0.06379        1.00039        0.99816
0.043415        0.98805        0.98837        1.00032        3.14338        0.79864       -0.01364        0.14592       -0.06481        1.00040        0.99809
0.044121        0.98765        0.98798        1.00033        3.14320        0.79857       -0.01386        0.14829       -0.06586        1.00041        0.99803
0.044839        0.98724        0.98758        1.00034        3.14301        0.79850       -0.01408        0.15071       -0.06691        1.00043        0.99797
0.045568        0.98682        0.98717        1.00035        3.14282        0.79843       -0.01431        0.15316       -0.06799        1.00044        0.99790
0.046309        0.98640        0.98676        1.00036        3.14263        0.79836       -0.01454        0.15565       -0.06908        1.00046        0.99783
0.047062        0.98597        0.98634        1.00038        3.14243        0.79828       -0.01478        0.15818       -0.07020        1.00047        0.99777
0.047828        0.98554        0.98592        1.00039        3.14223        0.79821       -0.01502        0.16075       -0.07133        1.00048        0.99770
0.048606        0.98510        0.98549        1.00040        3.14203        0.79813       -0.01526        0.16337       -0.07247        1.00050        0.99763
0.049396        0.98465        0.98505        1.00041        3.14182        0.79806       -0.01551        0.16602       -0.07364        1.00051        0.99756
0.050200        0.98418        0.98459        1.00042        3.14161        0.79798       -0.01576        0.16872       -0.07482        1.00053        0.99748
0.051016        0.98361        0.98404        1.00044        3.14133        0.79788       -0.01601        0.17147       -0.07602        1.00055        0.99739
0.051846        0.98303        0.98348        1.00045        3.14105        0.79778       -0.01627        0.17426       -0.07723        1.00057        0.99730
0.052689        0.98245        0.98291        1.00047        3.14077        0.79768       -0.01654        0.17709       -0.07847        1.00059        0.99721
0.053546        0.98185        0.98233        1.00049        3.14048        0.79758       -0.01680        0.17997       -0.07972        1.00061        0.99711
0.054417        0.98125        0.98174        1.00050        3.14019        0.79748       -0.01708        0.18290       -0.08099        1.00063        0.99702
0.055302        0.98064        0.98114        1.00052        3.13989        0.79737       -0.01735        0.18587       -0.08229        1.00065        0.99692
0.056202        0.98001        0.98054        1.00053        3.13959        0.79727       -0.01763        0.18890       -0.08361        1.00067        0.99682
0.057116        0.97938        0.97992        1.00055        3.13928        0.79716       -0.01792        0.19197       -0.08494        1.00069        0.99672
0.058045        0.97873        0.97929        1.00057        3.13896        0.79705       -0.01821        0.19509       -0.08630        1.00071        0.99662
0.058989        0.97808        0.97865        1.00059        3.13865        0.79694       -0.01850        0.19826       -0.08768        1.00073        0.99652
0.059948        0.97741        0.97800        1.00060        3.13832        0.79682       -0.01880        0.20149       -0.08909        1.00075        0.99641
0.060923        0.97664        0.97725        1.00063        3.13792        0.79669       -0.01910        0.20476       -0.09050        1.00078        0.99629
0.061914        0.97583        0.97646        1.00065        3.13750        0.79655       -0.01941        0.20809       -0.09194        1.00081        0.99616
0.062921        0.97500        0.97566        1.00067        3.13707        0.79641       -0.01972        0.21148       -0.09339        1.00084        0.99603
0.063945        0.97417        0.97484        1.00069        3.13664        0.79627       -0.02004        0.21492       -0.09488        1.00086        0.99590
0.064985        0.97332        0.97401        1.00071        3.13619        0.79612       -0.02037        0.21841       -0.09638        1.00089        0.99576
0.066042        0.97245        0.97317        1.00074        3.13574        0.79598       -0.02069        0.22196       -0.09791        1.00092        0.99562
0.067116        0.97158        0.97231        1.00076        3.13529        0.79583       -0.02103        0.22557       -0.09947        1.00095        0.99548
0.068208        0.97068        0.97145        1.00078        3.13482        0.79567       -0.02137        0.22924       -0.10105        1.00098        0.99534
0.069317        0.96978        0.97056        1.00081        3.13435        0.79552       -0.02171        0.23297       -0.10265        1.00101        0.99520
0.070445        0.96881        0.96962        1.00083        3.13384        0.79535       -0.02206        0.23675       -0.10428        1.00104        0.99505
0.071590        0.96774        0.96857        1.00086        3.13323        0.79517       -0.02242        0.24060       -0.10592        1.00108        0.99488
0.072755        0.96664        0.96751        1.00089        3.13262        0.79498       -0.02278        0.24451       -0.10758        1.00112        0.99470
0.073938        0.96553        0.96642        1.00092        3.13199        0.79479       -0.02314        0.24849       -0.10928        1.00115        0.99452
0.075141        0.96440        0.96532        1.00095        3.13136        0.79460       -0.02351        0.25253       -0.11100        1.00119        0.99435
0.076363        0.96326        0.96420        1.00098        3.13071        0.79440       -0.02389        0.25663       -0.11275        1.00123        0.99416
0.077605        0.96209        0.96307        1.00102        3.13006        0.79420       -0.02427        0.26081       -0.11452        1.00127        0.99398
0.078867        0.96090        0.96191        1.00105        3.12939        0.79400       -0.02466        0.26505       -0.11633        1.00131        0.99379
0.080150        0.95969        0.96073        1.00108        3.12871        0.79379       -0.02506        0.26935       -0.11816        1.00135        0.99360
0.081454        0.95831        0.95938        1.00112        3.12786        0.79355       -0.02546        0.27373       -0.12000        1.00140        0.99338
0.082779        0.95691        0.95801        1.00116        3.12701        0.79331       -0.02587        0.27818       -0.12187        1.00144        0.99315
0.084125        0.95548        0.95662        1.00119        3.12614        0.79307       -0.02628        0.28270       -0.12377        1.00149        0.99292
0.085493        0.95403        0.95521        1.00123        3.12525        0.79282       -0.02670        0.28729       -0.12570        1.00154        0.99269
0.086884        0.95256        0.95377        1.00127        3.12435        0.79256       -0.02713        0.29196       -0.12766        1.00159        0.99246
0.088297        0.95106        0.95231        1.00131        3.12344        0.79231       -0.02756        0.29670       -0.12965        1.00164        0.99222
0.089733        0.94954        0.95082        1.00136        3.12251        0.79205       -0.02800        0.30153       -0.13168        1.00169        0.99198
0.091193        0.94786        0.94919        1.00140        3.12142        0.79176       -0.02845        0.30642       -0.13371        1.00175        0.99171
0.092676        0.94611        0.94748        1.00145        3.12025        0.79146       -0.02890        0.31140       -0.13577        1.00181        0.99143
0.094183        0.94434        0.94575        1.00150        3.11907        0.79115       -0.02936        0.31646       -0.13786        1.00187        0.99115
0.095715        0.94253        0.94399        1.00155        3.11787        0.79084       -0.02982        0.32159       -0.13998        1.00193        0.99086
0.097272        0.94070        0.94220        1.00160        3.11665        0.79052       -0.03029        0.32682       -0.14214        1.00199        0.99056
0.098854        0.93883        0.94038        1.00165        3.11541        0.79020       -0.03078        0.33212       -0.14434        1.00205        0.99026
0.100462        0.93690        0.93849        1.00170        3.11409        0.78987       -0.03126        0.33752       -0.14656        1.00212        0.98995
0.102096        0.93478        0.93642        1.00176        3.11255        0.78950       -0.03176        0.34299       -0.14879        1.00219        0.98962
0.103757        0.93263        0.93432        1.00182        3.11099        0.78913       -0.03226        0.34856       -0.15105        1.00226        0.98927
0.105444        0.93045        0.93219        1.00188        3.10940        0.78876       -0.03276        0.35421       -0.15335        1.00234        0.98892
0.107159        0.92822        0.93002        1.00194        3.10778        0.78837       -0.03328        0.35996       -0.15569        1.00241        0.98856
0.108902        0.92597        0.92782        1.00200        3.10614        0.78798       -0.03380        0.36580       -0.15806        1.00249        0.98820
0.110674        0.92361        0.92551        1.00206        3.10437        0.78758       -0.03433        0.37173       -0.16046        1.00257        0.98782
0.112474        0.92107        0.92304        1.00213        3.10234        0.78714       -0.03487        0.37775       -0.16286        1.00266        0.98741
0.114303        0.91850        0.92052        1.00220        3.10029        0.78669       -0.03541        0.38388       -0.16530        1.00275        0.98700
0.116162        0.91588        0.91796        1.00228        3.09820        0.78624       -0.03596        0.39010       -0.16778        1.00284        0.98657
0.118052        0.91321        0.91536        1.00235        3.09608        0.78578       -0.03652        0.39642       -0.17031        1.00293        0.98614
0.119972        0.91051        0.91272        1.00242        3.09392        0.78531       -0.03709        0.40284       -0.17287        1.00302        0.98571
0.121923        0.90756        0.90983        1.00251        3.09135        0.78480       -0.03766        0.40936       -0.17542        1.00312        0.98523
0.123906        0.90454        0.90688        1.00259        3.08871        0.78428       -0.03824        0.41598       -0.17800        1.00322        0.98474
0.125922        0.90148        0.90389        1.00267        3.08603        0.78375       -0.03883        0.42271       -0.18063        1.00333        0.98425
0.127970        0.89837        0.90085        1.00276        3.08331        0.78321       -0.03943        0.42955       -0.18331        1.00344        0.98374
0.130051        0.89520        0.89775        1.00285        3.08054        0.78266       -0.04004        0.43650       -0.18602        1.00355        0.98323
0.132166        0.89177        0.89439        1.00294        3.07724        0.78207       -0.04064        0.44355       -0.18871        1.00366        0.98267
0.134316        0.88827        0.89097        1.00304        3.07388        0.78146       -0.04126        0.45071       -0.19145        1.00379        0.98210
0.136501        0.88471        0.88749        1.00314        3.07046        0.78084       -0.04188        0.45798       -0.19423        1.00391        0.98152
0.138721        0.88110        0.88396        1.00324        3.06699        0.78022       -0.04252        0.46538       -0.19705        1.00403        0.98093
0.140977        0.87734        0.88027        1.00335        3.06323        0.77957       -0.04315        0.47288       -0.19989        1.00416        0.98031
0.143270        0.87336        0.87639        1.00346        3.05904        0.77888       -0.04379        0.48050       -0.20273        1.00430        0.97966
0.145601        0.86933        0.87244        1.00358        3.05478        0.77818       -0.04444        0.48823       -0.20561        1.00444        0.97900
0.147969        0.86523        0.86842        1.00369        3.05046        0.77747       -0.04510        0.49610       -0.20854        1.00459        0.97833
0.150376        0.86103        0.86431        1.00381        3.04598        0.77675       -0.04577        0.50408       -0.21150        1.00473        0.97764
0.152821        0.85656        0.85993        1.00394        3.04079        0.77597       -0.04643        0.51217       -0.21444        1.00489        0.97690
0.155307        0.85200        0.85547        1.00407        3.03552        0.77518       -0.04711        0.52039       -0.21742        1.00505        0.97615
0.157833        0.84738        0.85094        1.00420        3.03016        0.77438       -0.04779        0.52874       -0.22045        1.00521        0.97538
0.160400        0.84265        0.84630        1.00434        3.02462        0.77357       -0.04848        0.53722       -0.22352        1.00538        0.97460
0.163009        0.83762        0.84137        1.00448        3.01824        0.77270       -0.04916        0.54581       -0.22654        1.00556        0.97376
0.165661        0.83252        0.83637        1.00463        3.01175        0.77182       -0.04985        0.55453       -0.22962        1.00574        0.97291
0.168355        0.82733        0.83128        1.00478        3.00516        0.77093       -0.05055        0.56340       -0.23275        1.00592        0.97204
0.171093        0.82196        0.82602        1.00493        2.99811        0.77000       -0.05126        0.57239       -0.23588        1.00611        0.97114
0.173876        0.81635        0.82051        1.00510        2.99031        0.76904       -0.05195        0.58149       -0.23899        1.00631        0.97020
0.176704        0.81065        0.81492        1.00527        2.98239        0.76806       -0.05266        0.59073       -0.24216        1.00651        0.96924
0.179578        0.80486        0.80924        1.00544        2.97433        0.76707       -0.05337        0.60013       -0.24537        1.00672        0.96826
0.182499        0.79877        0.80326        1.00562        2.96522        0.76603       -0.05407        0.60963       -0.24853        1.00694        0.96723
0.185468        0.79254        0.79714        1.00580        2.95575        0.76496       -0.05477        0.61927       -0.25173        1.00716        0.96616
0.188484        0.78621        0.79092        1.00599        2.94613        0.76388       -0.05549        0.62906       -0.25497        1.00739        0.96509
0.191550        0.77966        0.78448        1.00619        2.93574        0.76277       -0.05619        0.63897       -0.25820        1.00763        0.96396
0.194666        0.77288        0.77782        1.00639        2.92450        0.76162       -0.05688        0.64900       -0.26141        1.00787        0.96279
0.197832        0.76599        0.77104        1.00660        2.91308        0.76046       -0.05758        0.65919       -0.26467        1.00812        0.96160
0.201050        0.75892        0.76409        1.00681        2.90105        0.75927       -0.05828        0.66952       -0.26794        1.00838        0.96038
0.204320        0.75158        0.75687        1.00704        2.88780        0.75804       -0.05895        0.67994       -0.27115        1.00865        0.95909
0.207643        0.74411        0.74952        1.00727        2.87433        0.75679       -0.05963        0.69052       -0.27442        1.00892        0.95778
0.211020        0.73647        0.74200        1.00751        2.86021        0.75552       -0.06031        0.70125       -0.27769        1.00920        0.95644
0.214453        0.72855        0.73420        1.00776        2.84470        0.75421       -0.06095        0.71206       -0.28090        1.00950        0.95503
0.217941        0.72050        0.72627        1.00801        2.82893        0.75288       -0.06160        0.72304       -0.28416        1.00980        0.95360
0.221486        0.71224        0.71813        1.00827        2.81223        0.75153       -0.06223        0.73414       -0.28741        1.01010        0.95212
0.225088        0.70373        0.70974        1.00854        2.79419        0.75015       -0.06283        0.74533       -0.29060        1.01042        0.95058
0.228749        0.69509        0.70122        1.00882        2.77586        0.74874       -0.06344        0.75670       -0.29384        1.01075        0.94901
0.232470        0.68619        0.69244        1.00911        2.75604        0.74732       -0.06401        0.76815       -0.29702        1.01108        0.94738
0.236251        0.67710        0.68346        1.00941        2.73522        0.74587       -0.06455        0.77971       -0.30018        1.01143        0.94569
0.240093        0.66785        0.67433        1.00971        2.71406        0.74441       -0.06511        0.79146       -0.30340        1.01178        0.94399
0.243999        0.65831        0.66491        1.01003        2.69059        0.74293       -0.06558        0.80319       -0.30647        1.01215        0.94218
0.247967        0.64862        0.65534        1.01036        2.66673        0.74142       -0.06606        0.81511       -0.30958        1.01252        0.94035
0.252000        0.63873        0.64555        1.01069        2.64154        0.73991       -0.06650        0.82711       -0.31266        1.01290        0.93846
0.256099        0.62861        0.63555        1.01104        2.61485        0.73839       -0.06689        0.83917       -0.31568        1.01329        0.93650
0.260265        0.61833        0.62538        1.01140        2.58765        0.73684       -0.06728        0.85143       -0.31873        1.01369        0.93450
0.264498        0.60782        0.61497        1.01177        2.55802        0.73531       -0.06758        0.86361       -0.32164        1.01411        0.93241
0.268800        0.59714        0.60440        1.01215        2.52790        0.73375       -0.06787        0.87599       -0.32459        1.01453        0.93029
0.273172        0.58627        0.59363        1.01255        2.49587        0.73221       -0.06810        0.88835       -0.32743        1.01496        0.92808
0.277615        0.57522        0.58267        1.01295        2.46271        0.73066       -0.06828        0.90082       -0.33026        1.01540        0.92581
0.282131        0.56400        0.57154        1.01337        2.42812        0.72912       -0.06842        0.91334       -0.33304        1.01586        0.92348
0.286720        0.55261        0.56023        1.01380        2.39188        0.72760       -0.06849        0.92586       -0.33574        1.01632        0.92106
0.291383        0.54105        0.54876        1.01425        2.35455        0.72607       -0.06852        0.93848       -0.33843        1.01679        0.91859
0.296123        0.52936        0.53714        1.01471        2.31526        0.72458       -0.06846        0.95103       -0.34100        1.01727        0.91603
0.300939        0.51750        0.52535        1.01518        2.27506        0.72309       -0.06838        0.96370       -0.34357        1.01776        0.91341
0.305834        0.50555        0.51347        1.01567        2.23282        0.72165       -0.06818        0.97623       -0.34600        1.01826        0.91069
0.310808        0.49343        0.50141        1.01617        2.18969        0.72021       -0.06796        0.98890       -0.34844        1.01877        0.90791
0.315864        0.48126        0.48929        1.01669        2.14464        0.71884       -0.06763        1.00138       -0.35073        1.01929        0.90503
0.321001        0.46894        0.47701        1.01722        2.09866        0.71748       -0.06727        1.01397       -0.35302        1.01982        0.90208
0.326222        0.45660        0.46471        1.01777        2.05099        0.71619       -0.06679        1.02636       -0.35517        1.02036        0.89903
0.331528        0.44414        0.45228        1.01834        2.00233        0.71492       -0.06627        1.03881       -0.35730        1.02090        0.89591
0.336921        0.43168        0.43984        1.01892        1.95228        0.71373       -0.06565        1.05108       -0.35931        1.02145        0.89268
0.342401        0.41915        0.42733        1.01952        1.90122        0.71258       -0.06497        1.06331       -0.36127        1.02201        0.88936
0.347970        0.40662        0.41480        1.02013        1.84907        0.71150       -0.06422        1.07542       -0.36315        1.02258        0.88595
0.353630        0.39411        0.40229        1.02077        1.79602        0.71049       -0.06338        1.08737       -0.36494        1.02315        0.88243
0.359381        0.38154        0.38971        1.02142        1.74208        0.70952       -0.06248        1.09929       -0.36668        1.02373        0.87883
0.365227        0.36913        0.37727        1.02209        1.68753        0.70867       -0.06149        1.11088       -0.36829        1.02432        0.87511
0.371167        0.35665        0.36477        1.02278        1.63225        0.70785       -0.06045        1.12247       -0.36987        1.02491        0.87130
0.377204        0.34434        0.35242        1.02349        1.57665        0.70714       -0.05932        1.13375       -0.37133        1.02550        0.86736
0.383340        0.33209        0.34013        1.02422        1.52069        0.70650       -0.05814        1.14488       -0.37273        1.02610        0.86332
0.389575        0.31987        0.32786        1.02497        1.46433        0.70592       -0.05690        1.15588       -0.37408        1.02670        0.85918
0.395911        0.30794        0.31585        1.02574        1.40834        0.70547       -0.05559        1.16649       -0.37531        1.02730        0.85491
0.402351        0.29603        0.30388        1.02652        1.35215        0.70507       -0.05423        1.17699       -0.37650        1.02791        0.85053
0.408895        0.28429        0.29206        1.02733        1.29618        0.70476       -0.05283        1.18725       -0.37762        1.02852        0.84603
0.415546        0.27281        0.28049        1.02817        1.24092        0.70456       -0.05137        1.19714       -0.37865        1.02912        0.84139
0.422304        0.26144        0.26902        1.02902        1.18586        0.70442       -0.04989        1.20688       -0.37963        1.02973        0.83665
0.429173        0.25027        0.25775        1.02990        1.13143        0.70437       -0.04836        1.21635       -0.38055        1.03034        0.83177
0.436154        0.23942        0.24679        1.03079        1.07821        0.70442       -0.04681        1.22542       -0.38139        1.03095        0.82676
0.443248        0.22873        0.23598        1.03172        1.02561        0.70454       -0.04524        1.23429       -0.38219        1.03156        0.82162
0.450457        0.21823        0.22535        1.03266        0.97373        0.70474       -0.04364        1.24292       -0.38294        1.03217        0.81635
0.457784        0.20811        0.21510        1.03363        0.92359        0.70504       -0.04204        1.25112       -0.38362        1.03277        0.81093
0.465230        0.19822        0.20508        1.03462        0.87455        0.70541       -0.04043        1.25904       -0.38426        1.03337        0.80537
0.472797        0.18856        0.19528        1.03563        0.82660        0.70585       -0.03882        1.26671       -0.38485        1.03396        0.79968
0.480487        0.17915        0.18572        1.03667        0.77984        0.70636       -0.03720        1.27411       -0.38541        1.03456        0.79384
0.488302        0.17012        0.17653        1.03774        0.73504        0.70696       -0.03560        1.28109       -0.38591        1.03515        0.78785
0.496244        0.16137        0.16763        1.03883        0.69171        0.70763       -0.03402        1.28778       -0.38638        1.03573        0.78171
0.504316        0.15288        0.15899        1.03994        0.64978        0.70836       -0.03244        1.29418       -0.38682        1.03631        0.77542
0.512519        0.14467        0.15062        1.04108        0.60934        0.70915       -0.03089        1.30030       -0.38723        1.03689        0.76898
0.520855        0.13675        0.14253        1.04225        0.57043        0.71000       -0.02936        1.30612       -0.38761        1.03746        0.76239
0.529327        0.12916        0.13477        1.04344        0.53334        0.71093       -0.02786        1.31160       -0.38796        1.03803        0.75564
0.537936        0.12189        0.12733        1.04466        0.49803        0.71191       -0.02639        1.31676       -0.38829        1.03858        0.74873
0.546686        0.11491        0.12018        1.04591        0.46427        0.71294       -0.02495        1.32163       -0.38859        1.03914        0.74165
0.555578        0.10820        0.11331        1.04718        0.43209        0.71403       -0.02355        1.32623       -0.38887        1.03968        0.73442
0.564614        0.10178        0.10672        1.04849        0.40147        0.71517       -0.02219        1.33054       -0.38914        1.04022        0.72702
0.573798        0.09565        0.10041        1.04982        0.37242        0.71637       -0.02086        1.33457       -0.38940        1.04076        0.71946
0.583131        0.08979        0.09438        1.05118        0.34492        0.71761       -0.01957        1.33833       -0.38963        1.04129        0.71174
0.592615        0.08421        0.08863        1.05256        0.31893        0.71890       -0.01832        1.34181       -0.38986        1.04181        0.70384
0.602254        0.07890        0.08316        1.05398        0.29443        0.72023       -0.01712        1.34504       -0.39008        1.04233        0.69578
0.612050        0.07385        0.07794        1.05543        0.27138        0.72161       -0.01595        1.34800       -0.39028        1.04284        0.68756
0.622005        0.06906        0.07299        1.05691        0.24972        0.72304       -0.01483        1.35072       -0.39048        1.04334        0.67916
0.632122        0.06452        0.06829        1.05842        0.22941        0.72450       -0.01375        1.35320       -0.39067        1.04384        0.67060
0.642403        0.06023        0.06384        1.05995        0.21040        0.72601       -0.01271        1.35543       -0.39086        1.04433        0.66187
0.652852        0.05616        0.05962        1.06153        0.19262        0.72757       -0.01171        1.35744       -0.39104        1.04481        0.65297
0.663471        0.05232        0.05563        1.06313        0.17604        0.72916       -0.01075        1.35924       -0.39122        1.04529        0.64391
0.674262        0.04870        0.05186        1.06477        0.16058        0.73079       -0.00983        1.36082       -0.39140        1.04576        0.63468
0.685229        0.04529        0.04830        1.06643        0.14618        0.73246       -0.00895        1.36220       -0.39157        1.04623        0.62529
0.696374        0.04207        0.04494        1.06814        0.13281        0.73418       -0.00810        1.36338       -0.39174        1.04669        0.61574
0.707701        0.03905        0.04177        1.06987        0.12038        0.73593       -0.00728        1.36437       -0.39192        1.04714        0.60602
0.719212        0.03620        0.03879        1.07164        0.10886        0.73772       -0.00650        1.36518       -0.39209        1.04759        0.59615
0.730910        0.03354        0.03600        1.07345        0.09823        0.73956       -0.00574        1.36581       -0.39226        1.04804        0.58612
0.742798        0.03106        0.03340        1.07529        0.08846        0.74143       -0.00502        1.36626       -0.39243        1.04848        0.57594
0.754880        0.02873        0.03094        1.07716        0.07943        0.74334       -0.00431        1.36655       -0.39261        1.04891        0.56562
0.767158        0.02655        0.02864        1.07908        0.07108        0.74530       -0.00363        1.36669       -0.39279        1.04934        0.55514
0.779636        0.02450        0.02649        1.08103        0.06336        0.74729       -0.00297        1.36669       -0.39296        1.04977        0.54453
0.792317        0.02261        0.02449        1.08302        0.05633        0.74933       -0.00233        1.36653       -0.39314        1.05019        0.53379
0.805204        0.02084        0.02262        1.08504        0.04985        0.75141       -0.00170        1.36623       -0.39333        1.05060        0.52291
0.818301        0.01919        0.02086        1.08711        0.04387        0.75354       -0.00107        1.36580       -0.39351        1.05101        0.51191
0.831610        0.01766        0.01924        1.08922        0.03839        0.75570       -0.00046        1.36525       -0.39370        1.05142        0.50079
0.845137        0.01624        0.01773        1.09136        0.03337        0.75791        0.00015        1.36457       -0.39389        1.05183        0.48956
0.858883        0.01492        0.01632        1.09355        0.02873        0.76016        0.00077        1.36377       -0.39409        1.05223        0.47822
0.872853        0.01370        0.01502        1.09578        0.02448        0.76246        0.00139        1.36286       -0.39428        1.05262        0.46680
0.887050        0.01257        0.01380        1.09806        0.02055        0.76481        0.00202        1.36184       -0.39448        1.05302        0.45528
0.901478        0.01152        0.01268        1.10037        0.01691        0.76720        0.00266        1.36073       -0.39469        1.05341        0.44368
0.916140        0.01056        0.01164        1.10274        0.01355        0.76964        0.00333        1.35950       -0.39489        1.05379        0.43201
0.931041        0.00966        0.01068        1.10514        0.01041        0.77213        0.00402        1.35819       -0.39511        1.05418        0.42028
0.946185        0.00884        0.00980        1.10759        0.00749        0.77467        0.00475        1.35678       -0.39532        1.05456        0.40851
0.961575        0.00809        0.00898        1.11010        0.00472        0.77725        0.00552        1.35528       -0.39554        1.05494        0.39668
0.977215        0.00739        0.00822        1.11264        0.00211        0.77989        0.00633        1.35369       -0.39576        1.05531        0.38484
0.993109        0.00675        0.00753        1.11524       -0.00040        0.78258        0.00719        1.35203       -0.39599        1.05568        0.37297
1.009262        0.00616        0.00688        1.11789       -0.00282        0.78532        0.00812        1.35028       -0.39622        1.05605        0.36110
1.025678        0.00562        0.00630        1.12059       -0.00518        0.78812        0.00912        1.34845       -0.39646        1.05642        0.34924
1.042361        0.00512        0.00575        1.12334       -0.00750        0.79097        0.01021        1.34655       -0.39669        1.05679        0.33740
1.059315        0.00467        0.00525        1.12614       -0.00982        0.79387        0.01138        1.34458       -0.39694        1.05715        0.32558
1.076545        0.00425        0.00480        1.12900       -0.01216        0.79684        0.01266        1.34253       -0.39719        1.05751        0.31383
1.094055        0.00387        0.00438        1.13191       -0.01455        0.79986        0.01406        1.34041       -0.39744        1.05787        0.30212
1.111850        0.00352        0.00400        1.13488       -0.01701        0.80293        0.01559        1.33823       -0.39769        1.05822        0.29049
1.129934        0.00320        0.00365        1.13790       -0.01958        0.80607        0.01727        1.33598       -0.39796        1.05857        0.27894
1.148312        0.00292        0.00333        1.14099       -0.02227        0.80927        0.01911        1.33367       -0.39822        1.05892        0.26751
1.166990        0.00265        0.00303        1.14413       -0.02513        0.81252        0.02114        1.33129       -0.39849        1.05927        0.25619
1.185971        0.00241        0.00277        1.14734       -0.02817        0.81584        0.02337        1.32885       -0.39877        1.05961        0.24500
1.205261        0.00219        0.00252        1.15061       -0.03144        0.81923        0.02582        1.32635       -0.39905        1.05995        0.23396
1.224865        0.00199        0.00230        1.15394       -0.03496        0.82267        0.02852        1.32379       -0.39933        1.06029        0.22308
1.244787        0.00181        0.00209        1.15734       -0.03877        0.82618        0.03149        1.32116       -0.39962        1.06062        0.21237
1.265034        0.00165        0.00191        1.16081       -0.04291        0.82975        0.03477        1.31848       -0.39991        1.06095        0.20184
1.285610        0.00150        0.00174        1.16434       -0.04741        0.83339        0.03838        1.31574       -0.40021        1.06128        0.19153
1.306520        0.00136        0.00159        1.16794       -0.05231        0.83710        0.04235        1.31294       -0.40052        1.06160        0.18142
1.327771        0.00124        0.00145        1.17162       -0.05766        0.84087        0.04672        1.31008       -0.40083        1.06192        0.17154
1.349367        0.00112        0.00132        1.17537       -0.06350        0.84471        0.05152        1.30716       -0.40114        1.06224        0.16190
1.371315        0.00102        0.00120        1.17919       -0.06988        0.84862        0.05681        1.30419       -0.40146        1.06255        0.15252
1.393619        0.00093        0.00110        1.18309       -0.07686        0.85260        0.06263        1.30115       -0.40179        1.06286        0.14340
1.416287        0.00085        0.00100        1.18707       -0.08447        0.85664        0.06901        1.29806       -0.40212        1.06316        0.13455
1.439323        0.00077        0.00092        1.19113       -0.09277        0.86076        0.07599        1.29491       -0.40246        1.06345        0.12598
1.462733        0.00070        0.00084        1.19527       -0.10183        0.86494        0.08366        1.29170       -0.40280        1.06374        0.11771
1.486525        0.00064        0.00077        1.19949       -0.11171        0.86920        0.09204        1.28843       -0.40315        1.06403        0.10974
1.510703        0.00058        0.00070        1.20380       -0.12245        0.87352        0.10119        1.28510       -0.40351        1.06431        0.10206
1.535275        0.00053        0.00064        1.20820       -0.13415        0.87792        0.11121        1.28172       -0.40387        1.06458        0.09471
1.560246        0.00049        0.00059        1.21269       -0.14683        0.88238        0.12210        1.27827       -0.40424        1.06484        0.08765
1.585624        0.00044        0.00054        1.21727       -0.16061        0.88692        0.13399        1.27476       -0.40461        1.06510        0.08094
1.611414        0.00041        0.00050        1.22194       -0.17552        0.89153        0.14690        1.27119       -0.40499        1.06535        0.07453
1.637624        0.00037        0.00046        1.22672       -0.19167        0.89620        0.16094        1.26756       -0.40538        1.06559        0.06844
1.664260        0.00034        0.00042        1.23159       -0.20912        0.90095        0.17617        1.26387       -0.40578        1.06582        0.06268
1.691330        0.00031        0.00039        1.23656       -0.22793        0.90577        0.19266        1.26012       -0.40618        1.06605        0.05724
1.718839        0.00029        0.00036        1.24163       -0.24822        0.91066        0.21051        1.25630       -0.40658        1.06626        0.05211
1.746796        0.00026        0.00033        1.24681       -0.27008        0.91562        0.22984        1.25242       -0.40700        1.06646        0.04730
1.775208        0.00024        0.00030        1.25210       -0.29361        0.92064        0.25071        1.24847       -0.40742        1.06665        0.04280
1.804082        0.00022        0.00028        1.25750       -0.31890        0.92573        0.27326        1.24446       -0.40785        1.06683        0.03860
1.833425        0.00021        0.00026        1.26301       -0.34611        0.93089        0.29762        1.24038       -0.40829        1.06700        0.03469
1.863246        0.00019        0.00024        1.26865       -0.37540        0.93612        0.32396        1.23624       -0.40873        1.06716        0.03107
1.893552        0.00018        0.00022        1.27440       -0.40698        0.94140        0.35247        1.23202       -0.40918        1.06730        0.02773
1.924351        0.00016        0.00021        1.28027       -0.44113        0.94673        0.38345        1.22811       -0.40964        1.06750        0.00000
1.955651        0.00015        0.00019        1.28628       -0.47829        0.95211        0.41727        1.22376       -0.41011        1.06762        0.00000
1.987460        0.00014        0.00018        1.29241       -0.51907        0.95750        0.45452        1.21934       -0.41059        1.06772        0.00000
2.019786        0.00013        0.00016        1.29869       -0.56456        0.96289        0.49622        1.21485       -0.41107        1.06780        0.00000
2.052638        0.00012        0.00015        1.30510       -0.61722        0.96818        0.54459        1.21029       -0.41156        1.06786        0.00000
2.086024        0.00010        0.00014        1.31168       -0.68315        0.97316        0.60510        1.20566       -0.41207        1.06791        0.00000
2.119953        0.00009        0.00012        1.31844       -0.78711        0.97697        0.70010        1.20095       -0.41258        1.06795        0.00000
2.154435        0.00009        0.00011        1.32505       -0.83611        0.98269        0.74764        1.19610       -0.41308        1.06798        0.00000
2.189477        0.00008        0.00011        1.33176       -0.88592        0.98850        0.79596        1.19117       -0.41359        1.06801        0.00000
2.225089        0.00008        0.00010        1.33858       -0.93653        0.99441        0.84507        1.18616       -0.41412        1.06805        0.00000
2.261280        0.00007        0.00010        1.34552       -0.98797        1.00042        0.89497        1.18107       -0.41465        1.06808        0.00000
2.298060        0.00007        0.00009        1.35257       -1.04024        1.00652        0.94569        1.17590       -0.41518        1.06812        0.00000
2.335438        0.00007        0.00009        1.35982       -1.07859        1.01336        0.98410        1.17067       -0.41574        1.06811        0.00000
2.373424        0.00007        0.00009        1.36745       -1.09012        1.02159        0.99897        1.16542       -0.41631        1.06798        0.00000
2.412028        0.00006        0.00009        1.37525       -1.11224        1.02964        1.02378        1.16009       -0.41689        1.06783        0.00000
2.451260        0.00006        0.00009        1.38321       -1.14347        1.03757        1.05728        1.15468       -0.41749        1.06764        0.00000
2.491130        0.00006        0.00008        1.39135       -1.18222        1.04544        1.09812        1.14919       -0.41809        1.06743        0.00000
2.531648        0.00006        0.00008        1.39967       -1.22711        1.05330        1.14511        1.14362       -0.41870        1.06719        0.00000
2.572826        0.00006        0.00008        1.40817       -1.27706        1.06118        1.19734        1.13796       -0.41933        1.06692        0.00000
2.614673        0.00005        0.00008        1.41685       -1.33128        1.06913        1.25416        1.13222       -0.41996        1.06662        0.00000
2.657201        0.00005        0.00007        1.42573       -1.38925        1.07717        1.31512        1.12639       -0.42061        1.06628        0.00000
2.700421        0.00005        0.00007        1.43481       -1.45055        1.08530        1.37991        1.12048       -0.42127        1.06591        0.00000
2.744343        0.00005        0.00007        1.44409       -1.51490        1.09356        1.44833        1.11448       -0.42194        1.06551        0.00000
2.788980        0.00004        0.00006        1.45357       -1.58214        1.10195        1.52029        1.10840       -0.42262        1.06506        0.00000
2.834343        0.00004        0.00006        1.46327       -1.65209        1.11047        1.59566        1.10222       -0.42331        1.06458        0.00000
2.880444        0.00004        0.00006        1.47319       -1.72469        1.11915        1.67448        1.09596       -0.42402        1.06405        0.00000
2.927295        0.00004        0.00006        1.48333       -1.79984        1.12798        1.75669        1.08961       -0.42473        1.06349        0.00000
2.974908        0.00004        0.00006        1.49369       -1.87751        1.13698        1.84234        1.08317       -0.42546        1.06288        0.00000
3.023295        0.00004        0.00005        1.50430       -1.95766        1.14614        1.93145        1.07664       -0.42621        1.06223        0.00000
3.072469        0.00003        0.00005        1.51514       -2.04028        1.15548        2.02408        1.07002       -0.42696        1.06153        0.00000
3.122443        0.00003        0.00005        1.52624       -2.12535        1.16501        2.12029        1.06331       -0.42773        1.06078        0.00000
3.173230        0.00003        0.00005        1.53758       -2.21286        1.17472        2.22014        1.05651       -0.42851        1.05998        0.00000
3.224842        0.00003        0.00005        1.54919       -2.30283        1.18463        2.32372        1.04962       -0.42930        1.05913        0.00000
3.277295        0.00003        0.00005        1.56106       -2.39526        1.19474        2.43111        1.04263       -0.43011        1.05823        0.00000
3.330600        0.00003        0.00004        1.57321       -2.49015        1.20506        2.54241        1.03555       -0.43093        1.05728        0.00000
3.384773        0.00003        0.00004        1.58565       -2.58752        1.21559        2.65770        1.02838       -0.43177        1.05626        0.00000
3.439826        0.00003        0.00004        1.59837       -2.68740        1.22633        2.77711        1.02111       -0.43261        1.05519        0.00000
3.495776        0.00003        0.00004        1.61138       -2.78979        1.23730        2.90074        1.01375       -0.43348        1.05406        0.00000
3.552635        0.00002        0.00004        1.62470       -2.89472        1.24851        3.02870        1.00630       -0.43436        1.05287        0.00000
3.610419        0.00002        0.00004        1.63834       -3.00222        1.25994        3.16113        0.99875       -0.43525        1.05161        0.00000
3.669142        0.00002        0.00004        1.65229       -3.11230        1.27162        3.29815        0.99111       -0.43616        1.05029        0.00000
3.728821        0.00002        0.00004        1.66658       -3.22498        1.28355        3.43989        0.98337       -0.43708        1.04890        0.00000
3.789471        0.00002        0.00003        1.68120       -3.34031        1.29573        3.58650        0.97555       -0.43802        1.04744        0.00000
3.851107        0.00002        0.00003        1.69617       -3.45830        1.30818        3.73811        0.96763       -0.43898        1.04591        0.00000
3.913746        0.00002        0.00003        1.71150       -3.57899        1.32088        3.89488        0.95961       -0.43995        1.04431        0.00000
3.977403        0.00002        0.00003        1.72719       -3.70239        1.33387        4.05697        0.95151       -0.44093        1.04263        0.00000
4.042096        0.00002        0.00003        1.74326       -3.82855        1.34713        4.22454        0.94331       -0.44194        1.04087        0.00000
4.107841        0.00002        0.00003        1.75971       -3.95748        1.36068        4.39775        0.93502       -0.44296        1.03904        0.00000
4.174655        0.00002        0.00003        1.77656       -4.08922        1.37451        4.57678        0.92664       -0.44399        1.03712        0.00000
4.242556        0.00002        0.00003        1.79382       -4.22379        1.38865        4.76182        0.91816       -0.44505        1.03512        0.00000
4.311562        0.00002        0.00003        1.81149       -4.36123        1.40309        4.95304        0.90960       -0.44612        1.03303        0.00000
4.381690        0.00002        0.00003        1.82960       -4.50156        1.41784        5.15064        0.90095       -0.44721        1.03086        0.00000
4.452959        0.00001        0.00003        1.84814       -4.64482        1.43291        5.35482        0.89221       -0.44831        1.02859        0.00000
4.525386        0.00001        0.00003        1.86713       -4.79102        1.44830        5.56577        0.88338       -0.44944        1.02623        0.00000
4.598992        0.00001        0.00003        1.88659       -4.94020        1.46402        5.78373        0.87447       -0.45058        1.02378        0.00000
4.673795        0.00001        0.00003        1.90652       -5.09238        1.48008        6.00889        0.86547       -0.45174        1.02124        0.00000
4.749815        0.00001        0.00002        1.92695       -5.24758        1.49648        6.24149        0.85639       -0.45292        1.01859        0.00000
4.827071        0.00001        0.00002        1.94787       -5.40584        1.51322        6.48174        0.84723       -0.45412        1.01585        0.00000
4.905584        0.00001        0.00002        1.96931       -5.56716        1.53032        6.72990        0.83798       -0.45534        1.01300        0.00000
4.985373        0.00001        0.00002        1.99127       -5.73157        1.54777        6.98620        0.82866       -0.45658        1.01005        0.00000
5.066461        0.00001        0.00002        2.01378       -5.89908        1.56560        7.25089        0.81926       -0.45784        1.00699        0.00000
5.148867        0.00001        0.00002        2.03684       -6.06972        1.58379        7.52424        0.80978       -0.45911        1.00383        0.00000
5.232614        0.00001        0.00002        2.06048       -6.24350        1.60235        7.80648        0.80023       -0.46041        1.00056        0.00000
5.317723        0.00001        0.00002        2.08470       -6.42042        1.62129        8.09791        0.79060       -0.46173        0.99717        0.00000
5.404216        0.00001        0.00002        2.10952       -6.60048        1.64062        8.39879        0.78091       -0.46306        0.99367        0.00000
5.492116        0.00001        0.00002        2.13496       -6.78371        1.66033        8.70941        0.77115       -0.46442        0.99005        0.00000
5.581446        0.00001        0.00002        2.16103       -6.97009        1.68044        9.03004        0.76132       -0.46580        0.98632        0.00000
5.672229        0.00001        0.00002        2.18775       -7.15962        1.70094        9.36098        0.75143       -0.46720        0.98247        0.00000
5.764488        0.00001        0.00002        2.21513       -7.35229        1.72183        9.70253        0.74148       -0.46862        0.97850        0.00000
5.858248        0.00001        0.00002        2.24319       -7.54808        1.74313       10.05499        0.73147       -0.47006        0.97441        0.00000
5.953533        0.00001        0.00002        2.27196       -7.74698        1.76482       10.41866        0.72141       -0.47152        0.97019        0.00000
6.050368        0.00001        0.00002        2.30143       -7.94896        1.78691       10.79386        0.71129       -0.47300        0.96585        0.00000
6.148778        0.00001        0.00002        2.33165       -8.15400        1.80941       11.18090        0.70112       -0.47451        0.96139        0.00000
6.248788        0.00001        0.00002        2.36261       -8.36204        1.83230       11.58010        0.69091       -0.47603        0.95679        0.00000
6.350425        0.00001        0.00002        2.39434       -8.57304        1.85559       11.99177        0.68065       -0.47758        0.95207        0.00000
6.453715        0.00001        0.00002        2.42686       -8.78695        1.87928       12.41623        0.67035       -0.47915        0.94722        0.00000
6.558686        0.00001        0.00002        2.46018       -9.00371        1.90336       12.85382        0.66001       -0.48074        0.94224        0.00000
6.665363        0.00001        0.00002        2.49433       -9.22324        1.92782       13.30484        0.64964       -0.48236        0.93713        0.00000
6.773776        0.00001        0.00002        2.52932       -9.44547        1.95266       13.76962        0.63924       -0.48399        0.93188        0.00000
6.883952        0.00001        0.00002        2.56518       -9.67028        1.97787       14.24848        0.62881       -0.48565        0.92650        0.00000
6.995920        0.00001        0.00002        2.60191       -9.89759        2.00345       14.74174        0.61835       -0.48733        0.92099        0.00000
7.109709        0.00001        0.00002        2.63955      -10.12727        2.02937       15.24970        0.60788       -0.48903        0.91535        0.00000
7.225349        0.00001        0.00002        2.67811      -10.35920        2.05563       15.77265        0.59739       -0.49076        0.90957        0.00000
7.342870        0.00001        0.00002        2.71761      -10.59321        2.08222       16.31091        0.58688       -0.49250        0.90366        0.00000
7.462303        0.00001        0.00002        2.75806      -10.82916        2.10911       16.86473        0.57637       -0.49427        0.89761        0.00000
7.583678        0.00001        0.00001        2.79949      -11.06687        2.13629       17.43441        0.56585       -0.49606        0.89143        0.00000
7.707027        0.00001        0.00001        2.84192      -11.30614        2.16373       18.02018        0.55533       -0.49787        0.88511        0.00000
7.832383        0.00001        0.00001        2.88536      -11.54675        2.19142       18.62231        0.54481       -0.49970        0.87866        0.00000
7.959777        0.00000        0.00001        2.92984      -11.78848        2.21933       19.24099        0.53430       -0.50155        0.87207        0.00000
8.089243        0.00000        0.00001        2.97536      -12.03106        2.24742       19.87641        0.52379       -0.50343        0.86535        0.00000
8.220816        0.00000        0.00001        3.02195      -12.27422        2.27567       20.52876        0.51330       -0.50532        0.85850        0.00000
8.354528        0.00000        0.00001        3.06963      -12.51767        2.30404       21.19815        0.50283       -0.50724        0.85152        0.00000
8.490415        0.00000        0.00001        3.11841      -12.76109        2.33249       21.88471        0.49238       -0.50918        0.84440        0.00000
8.628513        0.00000        0.00001        3.16830      -13.00409        2.36098       22.58849        0.48195       -0.51113        0.83716        0.00000
8.768856        0.00000        0.00001        3.21932      -13.24633        2.38947       23.30951        0.47155       -0.51311        0.82978        0.00000
8.911482        0.00000        0.00001        3.27149      -13.48739        2.41791       24.04775        0.46118       -0.51511        0.82228        0.00000
9.056428        0.00000        0.00001        3.32481      -13.72684        2.44624       24.80314        0.45086       -0.51712        0.81465        0.00000
9.203732        0.00000        0.00001        3.37930      -13.96420        2.47441       25.57554        0.44057       -0.51915        0.80690        0.00000
9.353432        0.00000        0.00001        3.43497      -14.19898        2.50235       26.36474        0.43032       -0.52120        0.79902        0.00000
9.505566        0.00000        0.00001        3.49182      -14.43062        2.53001       27.17048        0.42012       -0.52327        0.79102        0.00000
9.660175        0.00000        0.00001        3.54986      -14.65858        2.55731       27.99243        0.40997       -0.52536        0.78290        0.00000
9.817298        0.00000        0.00001        3.60909      -14.88223        2.58417       28.83016        0.39988       -0.52746        0.77466        0.00000
9.976978        0.00000        0.00001        3.66951      -15.10094        2.61053       29.68315        0.38985       -0.52958        0.76630        0.00000
10.139254        0.00000        0.00001        3.73114      -15.31402        2.63629       30.55080        0.37987       -0.53171        0.75783        0.00000
10.304170        0.00000        0.00001        3.79395      -15.52075        2.66137       31.43239        0.36996       -0.53385        0.74924        0.00000
10.471768        0.00000        0.00001        3.85795      -15.72036        2.68568       32.32711        0.36012       -0.53601        0.74055        0.00000
10.642092        0.00000        0.00001        3.92312      -15.91206        2.70912       33.23402        0.35035       -0.53818        0.73175        0.00000
10.815187        0.00000        0.00001        3.98946      -16.09500        2.73159       34.15202        0.34066       -0.54037        0.72284        0.00000
10.991097        0.00000        0.00001        4.05694      -16.26830        2.75297       35.07996        0.33104       -0.54256        0.71382        0.00000
11.169868        0.00000        0.00001        4.12555      -16.43105        2.77318       36.01648        0.32150       -0.54476        0.70471        0.00000
11.351547        0.00000        0.00001        4.19526      -16.58227        2.79208       36.96006        0.31204       -0.54698        0.69550        0.00000
11.536181        0.00000        0.00001        4.26604      -16.72097        2.80958       37.90908        0.30266       -0.54919        0.68619        0.00000
11.723818        0.00000        0.00001        4.33786      -16.84612        2.82553       38.86176        0.29338       -0.55142        0.67679        0.00000
11.914507        0.00000        0.00001        4.41068      -16.95666        2.83983       39.81606        0.28418       -0.55365        0.66729        0.00000
12.108298        0.00000        0.00001        4.48445      -17.05147        2.85235       40.76984        0.27508       -0.55588        0.65771        0.00000
12.305240        0.00000        0.00001        4.55913      -17.12946        2.86297       41.72081        0.26607       -0.55812        0.64805        0.00000
12.505386        0.00000        0.00001        4.63465      -17.18946        2.87155       42.66639        0.25716       -0.56035        0.63830        0.00000
12.708787        0.00000        0.00001        4.71096      -17.23032        2.87798       43.60392        0.24834       -0.56258        0.62847        0.00000
12.915497        0.00000        0.00001        4.78799      -17.25087        2.88213       44.53047        0.23963       -0.56481        0.61856        0.00000
13.125568        0.00000        0.00001        4.86565      -17.24993        2.88388       45.44299        0.23101       -0.56704        0.60858        0.00000
13.339057        0.00000        0.00001        4.94386      -17.22632        2.88310       46.33820        0.22251       -0.56926        0.59853        0.00000
13.556018        0.00000        0.00001        5.02254      -17.17886        2.87969       47.21266        0.21410       -0.57147        0.58841        0.00000
13.776508        0.00000        0.00001        5.10158      -17.10644        2.87354       48.06273        0.20580       -0.57367        0.57823        0.00000
14.000584        0.00000        0.00001        5.18088      -17.00792        2.86455       48.88464        0.19761       -0.57586        0.56798        0.00000
14.228305        0.00000        0.00001        5.26032      -16.88223        2.85261       49.67447        0.18953       -0.57803        0.55768        0.00000
14.459729        0.00000        0.00001        5.33977      -16.72836        2.83766       50.42811        0.18156       -0.58019        0.54732        0.00000
14.694918        0.00000        0.00001        5.41911      -16.54536        2.81961       51.14141        0.17370       -0.58232        0.53690        0.00000
14.933932        0.00000        0.00001        5.49820      -16.33233        2.79842       51.81003        0.16595       -0.58443        0.52644        0.00000
15.176834        0.00000        0.00001        5.57688      -16.08850        2.77404       52.42966        0.15832       -0.58652        0.51593        0.00000
15.423686        0.00000        0.00001        5.65501      -15.81321        2.74644       52.99588        0.15080       -0.58858        0.50537        0.00000
15.674554        0.00000        0.00001        5.73241      -15.50590        2.71561       53.50433        0.14339       -0.59061        0.49478        0.00000
15.929502        0.00000        0.00001        5.80892      -15.16616        2.68157       53.95056        0.13610       -0.59260        0.48415        0.00000
16.188597        0.00000        0.00001        5.88436      -14.79373        2.64434       54.33032        0.12893       -0.59456        0.47349        0.00000
16.451906        0.00000        0.00001        5.95854      -14.38853        2.60398       54.63943        0.12187       -0.59648        0.46280        0.00000
16.719498        0.00000        0.00001        6.03127      -13.95065        2.56056       54.87382        0.11493       -0.59835        0.45208        0.00000
16.991442        0.00000        0.00001        6.10236      -13.48036        2.51418       55.02970        0.10811       -0.60017        0.44135        0.00000
17.267809        0.00000        0.00001        6.17160      -12.97817        2.46497       55.10349        0.10142       -0.60195        0.43059        0.00000
17.548671        0.00000        0.00001        6.23880      -12.44479        2.41306       55.09195        0.09484       -0.60367        0.41983        0.00000
17.834102        0.00000        0.00001        6.30375      -11.88116        2.35863       54.99219        0.08838       -0.60533        0.40906        0.00000
18.124175        0.00000        0.00001        6.36624      -11.28843        2.30186       54.80174        0.08204       -0.60693        0.39828        0.00000
18.418967        0.00000        0.00001        6.42607      -10.66802        2.24299       54.51855        0.07583       -0.60847        0.38751        0.00000
18.718553        0.00000        0.00001        6.48303      -10.02158        2.18223       54.14117        0.06974       -0.60993        0.37674        0.00000
19.023012        0.00000        0.00001        6.53691       -9.35098        2.11985       53.66869        0.06377       -0.61132        0.36599        0.00000
19.332423        0.00000        0.00001        6.58754       -8.65831        2.05611       53.10072        0.05793       -0.61263        0.35526        0.00000
19.646866        0.00000        0.00001        6.63471       -7.94589        1.99131       52.43751        0.05221       -0.61387        0.34455        0.00000
19.966425        0.00000        0.00001        6.67824       -7.21626        1.92575       51.68006        0.04662       -0.61502        0.33387        0.00000
20.291180        0.00000        0.00001        6.71796       -6.47210        1.85973       50.82992        0.04116       -0.61608        0.32323        0.00000
20.621218        0.00000        0.00001        6.75370       -5.71630        1.79356       49.88940        0.03582       -0.61704        0.31264        0.00000
20.956624        0.00000        0.00001        6.78533       -4.95186        1.72757       48.86143        0.03062       -0.61792        0.30209        0.00000
21.297485        0.00000        0.00001        6.81271       -4.18191        1.66206       47.74964        0.02554       -0.61869        0.29161        0.00000
21.643891        0.00000        0.00001        6.83570       -3.40966        1.59734       46.55827        0.02059       -0.61937        0.28119        0.00000
21.995931        0.00000        0.00001        6.85422       -2.63836        1.53372       45.29214        0.01578       -0.61994        0.27084        0.00000
22.353696        0.00000        0.00001        6.86818       -1.87129        1.47147       43.95672        0.01109       -0.62041        0.26057        0.00000
22.717281        0.00000        0.00001        6.87752       -1.11169        1.41087       42.55791        0.00654       -0.62077        0.25040        0.00000
