x               rho            P              T              ur             uphi           uz             Br             Bphi           Bz             m
0.010000        0.99956        0.99957        1.00001        2.79119        0.80323       -0.00279        0.02555       -0.00995        1.00002        0.99990
0.010163        0.99955        0.99956        1.00001        2.79118        0.80322       -0.00283        0.02597       -0.01011        1.00002        0.99990
0.010328        0.99952        0.99954        1.00001        2.79115        0.80322       -0.00288        0.02639       -0.01027        1.00002        0.99989
0.010496        0.99950        0.99951        1.00001        2.79113        0.80322       -0.00292        0.02682       -0.01044        1.00002        0.99989
0.010667        0.99947        0.99949        1.00002        2.79111        0.80321       -0.00297        0.02725       -0.01061        1.00002        0.99988
0.010840        0.99945        0.99946        1.00002        2.79109        0.80321       -0.00302        0.02770       -0.01078        1.00002        0.99988
0.011016        0.99942        0.99944        1.00002        2.79107        0.80321       -0.00307        0.02815       -0.01096        1.00002        0.99987
0.011196        0.99939        0.99941        1.00002        2.79105        0.80320       -0.00312        0.02861       -0.01113        1.00002        0.99986
0.011378        0.99937        0.99939        1.00002        2.79102        0.80320       -0.00317        0.02907       -0.01131        1.00002        0.99986
0.011563        0.99934        0.99936        1.00002        2.79100        0.80319       -0.00322        0.02954       -0.01150        1.00002        0.99985
0.011751        0.99931        0.99933        1.00002        2.79098        0.80319       -0.00327        0.03002       -0.01169        1.00002        0.99985
0.011942        0.99928        0.99930        1.00002        2.79095        0.80319       -0.00333        0.03051       -0.01188        1.00002        0.99984
0.012136        0.99926        0.99928        1.00002        2.79093        0.80318       -0.00338        0.03101       -0.01207        1.00003        0.99984
0.012334        0.99923        0.99925        1.00002        2.79090        0.80318       -0.00344        0.03151       -0.01226        1.00003        0.99983
0.012534        0.99920        0.99922        1.00002        2.79088        0.80317       -0.00349        0.03202       -0.01246        1.00003        0.99982
0.012738        0.99917        0.99919        1.00002        2.79085        0.80317       -0.00355        0.03255       -0.01267        1.00003        0.99982
0.012945        0.99914        0.99916        1.00002        2.79083        0.80317       -0.00361        0.03307       -0.01287        1.00003        0.99981
0.013156        0.99911        0.99913        1.00002        2.79080        0.80316       -0.00366        0.03361       -0.01308        1.00003        0.99981
0.013370        0.99908        0.99910        1.00003        2.79077        0.80316       -0.00372        0.03416       -0.01329        1.00003        0.99980
0.013587        0.99904        0.99907        1.00003        2.79075        0.80315       -0.00378        0.03472       -0.01351        1.00003        0.99979
0.013808        0.99901        0.99904        1.00003        2.79072        0.80315       -0.00385        0.03528       -0.01373        1.00003        0.99979
0.014033        0.99898        0.99901        1.00003        2.79069        0.80314       -0.00391        0.03585       -0.01395        1.00003        0.99978
0.014261        0.99894        0.99897        1.00003        2.79066        0.80314       -0.00397        0.03644       -0.01418        1.00004        0.99977
0.014493        0.99891        0.99894        1.00003        2.79063        0.80313       -0.00404        0.03703       -0.01441        1.00004        0.99977
0.014729        0.99888        0.99891        1.00003        2.79060        0.80313       -0.00410        0.03763       -0.01464        1.00004        0.99976
0.014968        0.99884        0.99887        1.00003        2.79057        0.80312       -0.00417        0.03824       -0.01488        1.00004        0.99975
0.015212        0.99880        0.99884        1.00003        2.79054        0.80312       -0.00424        0.03887       -0.01512        1.00004        0.99974
0.015459        0.99877        0.99880        1.00003        2.79051        0.80311       -0.00431        0.03950       -0.01537        1.00004        0.99974
0.015711        0.99873        0.99877        1.00003        2.79048        0.80311       -0.00438        0.04014       -0.01562        1.00004        0.99973
0.015966        0.99869        0.99873        1.00004        2.79045        0.80310       -0.00445        0.04079       -0.01587        1.00004        0.99972
0.016226        0.99866        0.99869        1.00004        2.79041        0.80310       -0.00452        0.04146       -0.01613        1.00005        0.99971
0.016490        0.99862        0.99866        1.00004        2.79038        0.80309       -0.00459        0.04213       -0.01639        1.00005        0.99971
0.016758        0.99858        0.99862        1.00004        2.79035        0.80309       -0.00467        0.04282       -0.01666        1.00005        0.99970
0.017031        0.99854        0.99858        1.00004        2.79031        0.80308       -0.00474        0.04351       -0.01693        1.00005        0.99969
0.017308        0.99850        0.99854        1.00004        2.79028        0.80307       -0.00482        0.04422       -0.01720        1.00005        0.99968
0.017589        0.99846        0.99850        1.00004        2.79024        0.80307       -0.00490        0.04494       -0.01748        1.00005        0.99967
0.017875        0.99841        0.99846        1.00004        2.79021        0.80306       -0.00498        0.04567       -0.01777        1.00005        0.99966
0.018166        0.99837        0.99842        1.00004        2.79017        0.80306       -0.00506        0.04641       -0.01806        1.00005        0.99965
0.018461        0.99833        0.99837        1.00005        2.79013        0.80305       -0.00514        0.04717       -0.01835        1.00006        0.99965
0.018762        0.99828        0.99833        1.00005        2.79010        0.80304       -0.00523        0.04793       -0.01865        1.00006        0.99964
0.019067        0.99824        0.99829        1.00005        2.79006        0.80304       -0.00531        0.04871       -0.01895        1.00006        0.99963
0.019377        0.99819        0.99824        1.00005        2.79002        0.80303       -0.00540        0.04951       -0.01926        1.00006        0.99962
0.019692        0.99815        0.99820        1.00005        2.78998        0.80302       -0.00548        0.05031       -0.01957        1.00006        0.99961
0.020012        0.99810        0.99815        1.00005        2.78994        0.80302       -0.00557        0.05113       -0.01989        1.00006        0.99960
0.020338        0.99803        0.99808        1.00005        2.78988        0.80301       -0.00566        0.05196       -0.02021        1.00007        0.99958
0.020669        0.99795        0.99800        1.00006        2.78981        0.80300       -0.00576        0.05281       -0.02054        1.00007        0.99957
0.021005        0.99787        0.99792        1.00006        2.78974        0.80298       -0.00585        0.05366       -0.02087        1.00007        0.99955
0.021347        0.99778        0.99784        1.00006        2.78967        0.80297       -0.00594        0.05454       -0.02121        1.00007        0.99953
0.021694        0.99770        0.99776        1.00006        2.78959        0.80296       -0.00604        0.05542       -0.02156        1.00008        0.99952
0.022047        0.99761        0.99768        1.00006        2.78952        0.80295       -0.00614        0.05633       -0.02191        1.00008        0.99950
0.022405        0.99753        0.99759        1.00007        2.78944        0.80294       -0.00624        0.05724       -0.02226        1.00008        0.99948
0.022770        0.99744        0.99751        1.00007        2.78937        0.80292       -0.00634        0.05817       -0.02262        1.00009        0.99946
0.023140        0.99735        0.99742        1.00007        2.78929        0.80291       -0.00644        0.05912       -0.02299        1.00009        0.99944
0.023516        0.99726        0.99733        1.00007        2.78921        0.80290       -0.00655        0.06008       -0.02336        1.00009        0.99942
0.023899        0.99716        0.99724        1.00008        2.78913        0.80288       -0.00665        0.06106       -0.02374        1.00009        0.99941
0.024288        0.99707        0.99715        1.00008        2.78905        0.80287       -0.00676        0.06205       -0.02413        1.00010        0.99939
0.024683        0.99697        0.99705        1.00008        2.78896        0.80286       -0.00687        0.06306       -0.02452        1.00010        0.99937
0.025084        0.99687        0.99696        1.00008        2.78888        0.80284       -0.00698        0.06408       -0.02491        1.00010        0.99935
0.025492        0.99677        0.99686        1.00009        2.78879        0.80283       -0.00710        0.06513       -0.02532        1.00011        0.99933
0.025907        0.99667        0.99676        1.00009        2.78871        0.80281       -0.00721        0.06618       -0.02573        1.00011        0.99930
0.026328        0.99657        0.99666        1.00009        2.78862        0.80280       -0.00733        0.06726       -0.02615        1.00011        0.99928
0.026756        0.99647        0.99656        1.00009        2.78853        0.80278       -0.00745        0.06835       -0.02657        1.00012        0.99926
0.027192        0.99636        0.99646        1.00010        2.78844        0.80277       -0.00757        0.06947       -0.02700        1.00012        0.99924
0.027634        0.99625        0.99635        1.00010        2.78834        0.80275       -0.00769        0.07060       -0.02744        1.00013        0.99922
0.028083        0.99614        0.99625        1.00010        2.78825        0.80274       -0.00782        0.07174       -0.02788        1.00013        0.99920
0.028540        0.99603        0.99614        1.00011        2.78815        0.80272       -0.00794        0.07291       -0.02834        1.00013        0.99917
0.029004        0.99592        0.99603        1.00011        2.78806        0.80271       -0.00807        0.07410       -0.02880        1.00014        0.99915
0.029476        0.99580        0.99592        1.00011        2.78796        0.80269       -0.00820        0.07530       -0.02926        1.00014        0.99913
0.029955        0.99569        0.99580        1.00012        2.78786        0.80267       -0.00834        0.07652       -0.02974        1.00014        0.99910
0.030443        0.99554        0.99565        1.00012        2.78772        0.80265       -0.00847        0.07777       -0.03022        1.00015        0.99907
0.030938        0.99537        0.99549        1.00012        2.78758        0.80263       -0.00861        0.07903       -0.03071        1.00015        0.99904
0.031441        0.99520        0.99532        1.00013        2.78743        0.80260       -0.00875        0.08032       -0.03120        1.00016        0.99900
0.031952        0.99502        0.99515        1.00013        2.78727        0.80258       -0.00889        0.08162       -0.03171        1.00017        0.99896
0.032472        0.99485        0.99498        1.00014        2.78712        0.80255       -0.00903        0.08295       -0.03222        1.00017        0.99893
0.033000        0.99467        0.99481        1.00014        2.78696        0.80253       -0.00918        0.08430       -0.03274        1.00018        0.99889
0.033537        0.99448        0.99463        1.00015        2.78680        0.80250       -0.00933        0.08567       -0.03327        1.00018        0.99885
0.034083        0.99430        0.99445        1.00015        2.78664        0.80248       -0.00948        0.08706       -0.03381        1.00019        0.99882
0.034637        0.99411        0.99426        1.00016        2.78647        0.80245       -0.00963        0.08848       -0.03436        1.00020        0.99878
0.035200        0.99392        0.99408        1.00016        2.78630        0.80242       -0.00979        0.08992       -0.03491        1.00020        0.99874
0.035773        0.99372        0.99389        1.00017        2.78613        0.80239       -0.00995        0.09138       -0.03548        1.00021        0.99870
0.036355        0.99352        0.99370        1.00017        2.78596        0.80237       -0.01011        0.09286       -0.03605        1.00021        0.99866
0.036946        0.99332        0.99350        1.00018        2.78578        0.80234       -0.01027        0.09437       -0.03663        1.00022        0.99861
0.037547        0.99312        0.99330        1.00018        2.78561        0.80231       -0.01044        0.09591       -0.03723        1.00023        0.99857
0.038158        0.99291        0.99310        1.00019        2.78542        0.80228       -0.01061        0.09747       -0.03783        1.00023        0.99853
0.038778        0.99270        0.99289        1.00019        2.78524        0.80225       -0.01078        0.09905       -0.03844        1.00024        0.99849
0.039409        0.99249        0.99268        1.00020        2.78505        0.80222       -0.01096        0.10066       -0.03906        1.00025        0.99844
0.040050        0.99227        0.99247        1.00020        2.78486        0.80219       -0.01113        0.10230       -0.03969        1.00026        0.99840
0.040701        0.99199        0.99220        1.00021        2.78461        0.80215       -0.01131        0.10396       -0.04033        1.00026        0.99834
0.041363        0.99170        0.99192        1.00022        2.78435        0.80210       -0.01150        0.10565       -0.04098        1.00027        0.99828
0.042036        0.99141        0.99163        1.00023        2.78409        0.80206       -0.01168        0.10737       -0.04164        1.00028        0.99822
0.042720        0.99111        0.99134        1.00024        2.78382        0.80202       -0.01187        0.10911       -0.04231        1.00029        0.99816
0.043415        0.99080        0.99105        1.00024        2.78355        0.80198       -0.01206        0.11088       -0.04299        1.00030        0.99809
0.044121        0.99050        0.99075        1.00025        2.78328        0.80193       -0.01226        0.11268       -0.04369        1.00031        0.99803
0.044839        0.99018        0.99044        1.00026        2.78300        0.80189       -0.01246        0.11452       -0.04439        1.00032        0.99797
0.045568        0.98987        0.99013        1.00027        2.78271        0.80184       -0.01266        0.11638       -0.04510        1.00033        0.99790
0.046309        0.98954        0.98982        1.00028        2.78243        0.80180       -0.01286        0.11827       -0.04583        1.00035        0.99783
0.047062        0.98921        0.98950        1.00029        2.78213        0.80175       -0.01307        0.12019       -0.04657        1.00036        0.99777
0.047828        0.98888        0.98917        1.00029        2.78183        0.80170       -0.01328        0.12214       -0.04732        1.00037        0.99770
0.048606        0.98854        0.98884        1.00030        2.78153        0.80165       -0.01350        0.12413       -0.04808        1.00038        0.99763
0.049396        0.98820        0.98850        1.00031        2.78122        0.80161       -0.01371        0.12615       -0.04886        1.00039        0.99756
0.050200        0.98784        0.98815        1.00032        2.78090        0.80155       -0.01394        0.12820       -0.04965        1.00040        0.99748
0.051016        0.98740        0.98773        1.00033        2.78050        0.80149       -0.01416        0.13028       -0.05044        1.00042        0.99739
0.051846        0.98696        0.98730        1.00035        2.78010        0.80143       -0.01439        0.13239       -0.05125        1.00043        0.99730
0.052689        0.98651        0.98686        1.00036        2.77969        0.80137       -0.01462        0.13454       -0.05207        1.00045        0.99721
0.053546        0.98606        0.98642        1.00037        2.77927        0.80130       -0.01485        0.13673       -0.05290        1.00046        0.99711
0.054417        0.98559        0.98597        1.00038        2.77885        0.80123       -0.01509        0.13895       -0.05375        1.00048        0.99702
0.055302        0.98512        0.98551        1.00039        2.77842        0.80117       -0.01534        0.14121       -0.05461        1.00049        0.99692
0.056202        0.98464        0.98504        1.00041        2.77798        0.80110       -0.01558        0.14350       -0.05549        1.00051        0.99682
0.057116        0.98416        0.98457        1.00042        2.77754        0.80103       -0.01583        0.14583       -0.05638        1.00052        0.99672
0.058045        0.98366        0.98409        1.00043        2.77709        0.80096       -0.01609        0.14820       -0.05728        1.00054        0.99662
0.058989        0.98316        0.98360        1.00045        2.77663        0.80089       -0.01635        0.15061       -0.05820        1.00056        0.99652
0.059948        0.98265        0.98310        1.00046        2.77616        0.80082       -0.01661        0.15305       -0.05914        1.00057        0.99641
0.060923        0.98206        0.98252        1.00047        2.77561        0.80073       -0.01688        0.15554       -0.06008        1.00059        0.99629
0.061914        0.98144        0.98192        1.00049        2.77502        0.80064       -0.01715        0.15806       -0.06103        1.00061        0.99616
0.062921        0.98081        0.98130        1.00051        2.77443        0.80055       -0.01742        0.16063       -0.06201        1.00063        0.99603
0.063945        0.98016        0.98068        1.00053        2.77383        0.80046       -0.01770        0.16323       -0.06299        1.00066        0.99590
0.064985        0.97951        0.98004        1.00054        2.77322        0.80037       -0.01799        0.16588       -0.06400        1.00068        0.99576
0.066042        0.97885        0.97940        1.00056        2.77260        0.80027       -0.01828        0.16858       -0.06502        1.00070        0.99562
0.067116        0.97818        0.97874        1.00058        2.77196        0.80018       -0.01857        0.17131       -0.06605        1.00072        0.99548
0.068208        0.97749        0.97808        1.00060        2.77132        0.80008       -0.01887        0.17409       -0.06711        1.00074        0.99534
0.069317        0.97680        0.97740        1.00061        2.77067        0.79998       -0.01917        0.17692       -0.06818        1.00077        0.99520
0.070445        0.97606        0.97668        1.00063        2.76997        0.79988       -0.01948        0.17979       -0.06926        1.00079        0.99505
0.071590        0.97524        0.97588        1.00066        2.76917        0.79976       -0.01979        0.18271       -0.07036        1.00082        0.99488
0.072755        0.97440        0.97506        1.00068        2.76836        0.79964       -0.02010        0.18567       -0.07147        1.00085        0.99470
0.073938        0.97355        0.97423        1.00070        2.76753        0.79952       -0.02042        0.18868       -0.07260        1.00087        0.99452
0.075141        0.97268        0.97338        1.00072        2.76669        0.79940       -0.02075        0.19174       -0.07375        1.00090        0.99435
0.076363        0.97180        0.97253        1.00075        2.76584        0.79927       -0.02108        0.19485       -0.07491        1.00093        0.99416
0.077605        0.97091        0.97166        1.00077        2.76497        0.79914       -0.02142        0.19801       -0.07610        1.00096        0.99398
0.078867        0.97000        0.97077        1.00080        2.76409        0.79902       -0.02176        0.20122       -0.07731        1.00099        0.99379
0.080150        0.96907        0.96987        1.00082        2.76319        0.79888       -0.02211        0.20449       -0.07853        1.00102        0.99360
0.081454        0.96801        0.96883        1.00085        2.76213        0.79873       -0.02246        0.20780       -0.07976        1.00106        0.99338
0.082779        0.96693        0.96778        1.00088        2.76105        0.79858       -0.02281        0.21117       -0.08101        1.00109        0.99315
0.084125        0.96584        0.96672        1.00091        2.75995        0.79842       -0.02317        0.21459       -0.08228        1.00113        0.99292
0.085493        0.96473        0.96563        1.00094        2.75884        0.79827       -0.02354        0.21807       -0.08357        1.00117        0.99269
0.086884        0.96360        0.96453        1.00097        2.75771        0.79811       -0.02391        0.22160       -0.08489        1.00121        0.99246
0.088297        0.96245        0.96341        1.00100        2.75656        0.79794       -0.02429        0.22519       -0.08622        1.00124        0.99222
0.089733        0.96128        0.96227        1.00103        2.75539        0.79778       -0.02468        0.22884       -0.08758        1.00128        0.99198
0.091193        0.96000        0.96102        1.00106        2.75406        0.79759       -0.02507        0.23254       -0.08894        1.00132        0.99171
0.092676        0.95866        0.95971        1.00110        2.75266        0.79740       -0.02546        0.23631       -0.09032        1.00137        0.99143
0.094183        0.95730        0.95838        1.00114        2.75124        0.79721       -0.02586        0.24013       -0.09173        1.00142        0.99115
0.095715        0.95591        0.95703        1.00117        2.74980        0.79701       -0.02627        0.24402       -0.09315        1.00146        0.99086
0.097272        0.95451        0.95566        1.00121        2.74834        0.79682       -0.02668        0.24797       -0.09460        1.00151        0.99056
0.098854        0.95308        0.95427        1.00125        2.74685        0.79661       -0.02710        0.25198       -0.09608        1.00156        0.99026
0.100462        0.95159        0.95282        1.00129        2.74529        0.79640       -0.02753        0.25606       -0.09757        1.00161        0.98995
0.102096        0.94997        0.95123        1.00133        2.74353        0.79617       -0.02796        0.26019       -0.09907        1.00166        0.98962
0.103757        0.94832        0.94962        1.00138        2.74174        0.79594       -0.02839        0.26440       -0.10059        1.00172        0.98927
0.105444        0.94664        0.94799        1.00142        2.73992        0.79570       -0.02883        0.26867       -0.10214        1.00177        0.98892
0.107159        0.94494        0.94633        1.00147        2.73807        0.79546       -0.02928        0.27301       -0.10371        1.00183        0.98856
0.108902        0.94321        0.94464        1.00152        2.73620        0.79521       -0.02974        0.27743       -0.10531        1.00189        0.98820
0.110674        0.94140        0.94287        1.00157        2.73420        0.79496       -0.03020        0.28191       -0.10693        1.00195        0.98782
0.112474        0.93945        0.94097        1.00162        2.73200        0.79468       -0.03067        0.28645       -0.10855        1.00201        0.98741
0.114303        0.93747        0.93904        1.00167        2.72976        0.79440       -0.03114        0.29108       -0.11020        1.00208        0.98700
0.116162        0.93546        0.93708        1.00173        2.72749        0.79412       -0.03162        0.29577       -0.11188        1.00215        0.98657
0.118052        0.93342        0.93508        1.00178        2.72517        0.79383       -0.03211        0.30054       -0.11358        1.00222        0.98614
0.119972        0.93134        0.93306        1.00184        2.72282        0.79354       -0.03260        0.30539       -0.11531        1.00229        0.98571
0.121923        0.92908        0.93084        1.00190        2.72014        0.79322       -0.03310        0.31031       -0.11704        1.00236        0.98523
0.123906        0.92676        0.92858        1.00196        2.71740        0.79289       -0.03360        0.31530       -0.11880        1.00244        0.98474
0.125922        0.92441        0.92629        1.00203        2.71462        0.79256       -0.03411        0.32038       -0.12058        1.00252        0.98425
0.127970        0.92202        0.92395        1.00209        2.71179        0.79222       -0.03463        0.32554       -0.12240        1.00260        0.98374
0.130051        0.91959        0.92158        1.00216        2.70891        0.79188       -0.03516        0.33078       -0.12424        1.00268        0.98323
0.132166        0.91695        0.91900        1.00223        2.70563        0.79151       -0.03569        0.33609       -0.12608        1.00277        0.98267
0.134316        0.91426        0.91637        1.00231        2.70229        0.79113       -0.03622        0.34149       -0.12794        1.00286        0.98210
0.136501        0.91153        0.91370        1.00238        2.69890        0.79075       -0.03677        0.34698       -0.12984        1.00296        0.98152
0.138721        0.90875        0.91098        1.00246        2.69545        0.79036       -0.03732        0.35255       -0.13176        1.00305        0.98093
0.140977        0.90586        0.90816        1.00254        2.69178        0.78996       -0.03787        0.35821       -0.13370        1.00315        0.98031
0.143270        0.90280        0.90517        1.00262        2.68780        0.78953       -0.03843        0.36394       -0.13565        1.00325        0.97966
0.145601        0.89970        0.90213        1.00271        2.68376        0.78909       -0.03900        0.36977       -0.13762        1.00336        0.97900
0.147969        0.89654        0.89905        1.00280        2.67964        0.78865       -0.03957        0.37569       -0.13963        1.00347        0.97833
0.150376        0.89331        0.89589        1.00289        2.67541        0.78820       -0.04015        0.38171       -0.14167        1.00358        0.97764
0.152821        0.88986        0.89252        1.00298        2.67068        0.78772       -0.04073        0.38780       -0.14369        1.00370        0.97690
0.155307        0.88635        0.88909        1.00308        2.66588        0.78724       -0.04132        0.39399       -0.14575        1.00382        0.97615
0.157833        0.88279        0.88560        1.00318        2.66100        0.78674       -0.04191        0.40028       -0.14784        1.00394        0.97538
0.160400        0.87915        0.88203        1.00329        2.65597        0.78624       -0.04252        0.40667       -0.14996        1.00406        0.97460
0.163009        0.87527        0.87824        1.00340        2.65038        0.78570       -0.04311        0.41313       -0.15207        1.00420        0.97376
0.165661        0.87132        0.87438        1.00351        2.64470        0.78516       -0.04372        0.41970       -0.15420        1.00433        0.97291
0.168355        0.86732        0.87046        1.00362        2.63893        0.78460       -0.04434        0.42637       -0.15638        1.00447        0.97204
0.171093        0.86318        0.86640        1.00374        2.63284        0.78403       -0.04495        0.43314       -0.15856        1.00462        0.97114
0.173876        0.85884        0.86215        1.00386        2.62626        0.78344       -0.04557        0.44000       -0.16074        1.00477        0.97020
0.176704        0.85443        0.85783        1.00399        2.61957        0.78284       -0.04619        0.44696       -0.16296        1.00492        0.96924
0.179578        0.84995        0.85344        1.00412        2.61277        0.78222       -0.04682        0.45404       -0.16521        1.00507        0.96826
0.182499        0.84523        0.84882        1.00425        2.60530        0.78158       -0.04744        0.46120       -0.16744        1.00524        0.96723
0.185468        0.84039        0.84408        1.00439        2.59758        0.78093       -0.04807        0.46846       -0.16970        1.00541        0.96616
0.188484        0.83548        0.83927        1.00453        2.58974        0.78026       -0.04871        0.47584       -0.17199        1.00558        0.96509
0.191550        0.83040        0.83429        1.00468        2.58141        0.77957       -0.04934        0.48332       -0.17429        1.00576        0.96396
0.194666        0.82512        0.82911        1.00484        2.57254        0.77887       -0.04996        0.49088       -0.17658        1.00595        0.96279
0.197832        0.81976        0.82385        1.00499        2.56352        0.77815       -0.05060        0.49857       -0.17890        1.00613        0.96160
0.201050        0.81426        0.81845        1.00516        2.55411        0.77741       -0.05124        0.50637       -0.18125        1.00633        0.96038
0.204320        0.80852        0.81283        1.00533        2.54395        0.77665       -0.05186        0.51424       -0.18357        1.00653        0.95909
0.207643        0.80269        0.80710        1.00550        2.53363        0.77588       -0.05249        0.52224       -0.18593        1.00674        0.95778
0.211020        0.79672        0.80124        1.00568        2.52290        0.77509       -0.05312        0.53035       -0.18830        1.00695        0.95644
0.214453        0.79050        0.79514        1.00587        2.51132        0.77428       -0.05373        0.53854       -0.19064        1.00717        0.95503
0.217941        0.78419        0.78893        1.00606        2.49955        0.77346       -0.05435        0.54686       -0.19303        1.00740        0.95360
0.221486        0.77770        0.78256        1.00625        2.48721        0.77261       -0.05496        0.55528       -0.19541        1.00763        0.95212
0.225088        0.77099        0.77597        1.00646        2.47406        0.77175       -0.05555        0.56378       -0.19778        1.00787        0.95058
0.228749        0.76417        0.76926        1.00667        2.46070        0.77088       -0.05615        0.57242       -0.20018        1.00812        0.94901
0.232470        0.75713        0.76234        1.00688        2.44645        0.76999       -0.05673        0.58113       -0.20256        1.00838        0.94738
0.236251        0.74991        0.75524        1.00711        2.43158        0.76908       -0.05730        0.58994       -0.20494        1.00864        0.94569
0.240093        0.74258        0.74803        1.00734        2.41648        0.76815       -0.05788        0.59890       -0.20735        1.00890        0.94399
0.243999        0.73496        0.74053        1.00758        2.40001        0.76722       -0.05841        0.60789       -0.20970        1.00918        0.94218
0.247967        0.72722        0.73291        1.00782        2.38328        0.76626       -0.05894        0.61702       -0.21208        1.00947        0.94035
0.252000        0.71929        0.72510        1.00808        2.36574        0.76530       -0.05946        0.62623       -0.21445        1.00976        0.93846
0.256099        0.71115        0.71708        1.00834        2.34729        0.76432       -0.05995        0.63552       -0.21680        1.01006        0.93650
0.260265        0.70287        0.70892        1.00861        2.32849        0.76333       -0.06045        0.64496       -0.21918        1.01037        0.93450
0.264498        0.69434        0.70051        1.00889        2.30824        0.76233       -0.06088        0.65440       -0.22148        1.01069        0.93241
0.268800        0.68567        0.69196        1.00918        2.28766        0.76132       -0.06132        0.66400       -0.22382        1.01101        0.93029
0.273172        0.67678        0.68319        1.00948        2.26590        0.76030       -0.06172        0.67363       -0.22611        1.01135        0.92808
0.277615        0.66771        0.67424        1.00978        2.24342        0.75928       -0.06210        0.68337       -0.22840        1.01169        0.92581
0.282131        0.65846        0.66511        1.01010        2.22003        0.75825       -0.06245        0.69318       -0.23067        1.01204        0.92348
0.286720        0.64902        0.65578        1.01043        2.19559        0.75722       -0.06276        0.70304       -0.23290        1.01240        0.92106
0.291383        0.63940        0.64628        1.01076        2.17042        0.75618       -0.06305        0.71301       -0.23514        1.01277        0.91859
0.296123        0.62959        0.63659        1.01111        2.14398        0.75515       -0.06329        0.72298       -0.23731        1.01315        0.91603
0.300939        0.61962        0.62672        1.01147        2.11691        0.75411       -0.06351        0.73308       -0.23950        1.01354        0.91341
0.305834        0.60946        0.61667        1.01184        2.08845        0.75309       -0.06366        0.74315       -0.24161        1.01394        0.91069
0.310808        0.59913        0.60645        1.01221        2.05936        0.75206       -0.06380        0.75334       -0.24373        1.01434        0.90791
0.315864        0.58864        0.59606        1.01261        2.02887        0.75106       -0.06386        0.76349       -0.24577        1.01476        0.90503
0.321001        0.57798        0.58550        1.01301        1.99771        0.75005       -0.06391        0.77375       -0.24782        1.01518        0.90208
0.326222        0.56718        0.57480        1.01343        1.96522        0.74907       -0.06387        0.78396       -0.24979        1.01561        0.89903
0.331528        0.55622        0.56393        1.01386        1.93196        0.74810       -0.06381        0.79425       -0.25175        1.01605        0.89591
0.336921        0.54513        0.55293        1.01430        1.89750        0.74716       -0.06368        0.80449       -0.25365        1.01651        0.89268
0.342401        0.53391        0.54178        1.01475        1.86217        0.74623       -0.06351        0.81477       -0.25551        1.01697        0.88936
0.347970        0.52255        0.53051        1.01522        1.82582        0.74533       -0.06327        0.82504       -0.25733        1.01743        0.88595
0.353630        0.51110        0.51912        1.01570        1.78850        0.74446       -0.06298        0.83526       -0.25909        1.01791        0.88243
0.359381        0.49951        0.50760        1.01620        1.75035        0.74361       -0.06264        0.84552       -0.26082        1.01839        0.87883
0.365227        0.48788        0.49603        1.01671        1.71118        0.74282       -0.06221        0.85565       -0.26247        1.01889        0.87511
0.371167        0.47612        0.48432        1.01724        1.67128        0.74204       -0.06175        0.86583       -0.26410        1.01939        0.87130
0.377204        0.46433        0.47258        1.01778        1.63052        0.74133       -0.06120        0.87587       -0.26565        1.01989        0.86736
0.383340        0.45247        0.46076        1.01834        1.58905        0.74064       -0.06060        0.88588       -0.26716        1.02041        0.86332
0.389575        0.44053        0.44886        1.01891        1.54688        0.74000       -0.05995        0.89587       -0.26863        1.02093        0.85918
0.395911        0.42863        0.43699        1.01950        1.50414        0.73942       -0.05922        0.90565       -0.27002        1.02146        0.85491
0.402351        0.41667        0.42505        1.02011        1.46083        0.73888       -0.05844        0.91542       -0.27137        1.02200        0.85053
0.408895        0.40470        0.41309        1.02073        1.41702        0.73840       -0.05759        0.92508       -0.27266        1.02254        0.84603
0.415546        0.39280        0.40119        1.02137        1.37294        0.73798       -0.05668        0.93456       -0.27389        1.02308        0.84139
0.422304        0.38088        0.38927        1.02203        1.32846        0.73761       -0.05573        0.94398       -0.27507        1.02363        0.83665
0.429173        0.36899        0.37737        1.02271        1.28374        0.73730       -0.05471        0.95326       -0.27620        1.02419        0.83177
0.436154        0.35723        0.36559        1.02341        1.23907        0.73706       -0.05364        0.96232       -0.27726        1.02475        0.82676
0.443248        0.34550        0.35383        1.02412        1.19427        0.73688       -0.05252        0.97127       -0.27828        1.02532        0.82162
0.450457        0.33382        0.34211        1.02485        1.14940        0.73675       -0.05135        0.98010       -0.27926        1.02588        0.81635
0.457784        0.32232        0.33058        1.02561        1.10496        0.73671       -0.05013        0.98866       -0.28016        1.02645        0.81093
0.465230        0.31093        0.31913        1.02638        1.06074        0.73672       -0.04888        0.99706       -0.28102        1.02703        0.80537
0.472797        0.29964        0.30778        1.02718        1.01676        0.73680       -0.04759        1.00530       -0.28183        1.02760        0.79968
0.480487        0.28847        0.29654        1.02799        0.97311        0.73693       -0.04626        1.01336       -0.28260        1.02818        0.79384
0.488302        0.27753        0.28553        1.02882        0.93028        0.73715       -0.04490        1.02114       -0.28332        1.02875        0.78785
0.496244        0.26676        0.27467        1.02968        0.88805        0.73742       -0.04352        1.02872       -0.28399        1.02933        0.78171
0.504316        0.25615        0.26397        1.03056        0.84644        0.73776       -0.04211        1.03609       -0.28462        1.02991        0.77542
0.512519        0.24572        0.25345        1.03146        0.80553        0.73817       -0.04069        1.04326       -0.28521        1.03048        0.76898
0.520855        0.23548        0.24310        1.03238        0.76542        0.73863       -0.03925        1.05021       -0.28577        1.03106        0.76239
0.529327        0.22549        0.23300        1.03332        0.72635        0.73916       -0.03780        1.05689       -0.28628        1.03163        0.75564
0.537936        0.21575        0.22315        1.03429        0.68837        0.73975       -0.03635        1.06331       -0.28676        1.03220        0.74873
0.546686        0.20623        0.21351        1.03528        0.65137        0.74041       -0.03490        1.06951       -0.28720        1.03277        0.74165
0.555578        0.19695        0.20409        1.03630        0.61541        0.74112       -0.03344        1.07547       -0.28762        1.03334        0.73442
0.564614        0.18790        0.19491        1.03733        0.58054        0.74189       -0.03199        1.08118       -0.28800        1.03390        0.72702
0.573798        0.17910        0.18598        1.03840        0.54681        0.74271       -0.03055        1.08666       -0.28836        1.03446        0.71946
0.583131        0.17056        0.17729        1.03948        0.51426        0.74359       -0.02913        1.09189       -0.28869        1.03501        0.71174
0.592615        0.16228        0.16886        1.04060        0.48291        0.74452       -0.02771        1.09687       -0.28900        1.03556        0.70384
0.602254        0.15426        0.16069        1.04173        0.45278        0.74551       -0.02632        1.10161       -0.28929        1.03611        0.69578
0.612050        0.14650        0.15279        1.04289        0.42388        0.74654       -0.02494        1.10610       -0.28956        1.03665        0.68756
0.622005        0.13901        0.14514        1.04408        0.39621        0.74763       -0.02359        1.11034       -0.28981        1.03719        0.67916
0.632122        0.13179        0.13776        1.04530        0.36978        0.74876       -0.02226        1.11435       -0.29004        1.03772        0.67060
0.642403        0.12484        0.13065        1.04654        0.34458        0.74994       -0.02096        1.11811       -0.29026        1.03825        0.66187
0.652852        0.11814        0.12379        1.04781        0.32058        0.75116       -0.01968        1.12164       -0.29046        1.03877        0.65297
0.663471        0.11171        0.11720        1.04910        0.29777        0.75243       -0.01844        1.12493       -0.29065        1.03928        0.64391
0.674262        0.10554        0.11086        1.05043        0.27612        0.75375       -0.01722        1.12800       -0.29083        1.03979        0.63468
0.685229        0.09962        0.10477        1.05178        0.25562        0.75510       -0.01604        1.13084       -0.29100        1.04029        0.62529
0.696374        0.09394        0.09893        1.05316        0.23621        0.75650       -0.01488        1.13347       -0.29117        1.04079        0.61574
0.707701        0.08851        0.09334        1.05457        0.21788        0.75794       -0.01376        1.13588       -0.29132        1.04128        0.60602
0.719212        0.08332        0.08798        1.05600        0.20059        0.75942       -0.01266        1.13809       -0.29147        1.04176        0.59615
0.730910        0.07837        0.08287        1.05747        0.18436        0.76094       -0.01160        1.14008       -0.29161        1.04224        0.58612
0.742798        0.07367        0.07801        1.05897        0.16917        0.76251       -0.01057        1.14185       -0.29175        1.04270        0.57594
0.754880        0.06919        0.07337        1.06050        0.15491        0.76411       -0.00957        1.14344       -0.29188        1.04317        0.56562
0.767158        0.06491        0.06894        1.06206        0.14151        0.76575       -0.00859        1.14484       -0.29202        1.04362        0.55514
0.779636        0.06084        0.06472        1.06365        0.12895        0.76743       -0.00764        1.14606       -0.29214        1.04407        0.54453
0.792317        0.05701        0.06073        1.06527        0.11732        0.76915       -0.00671        1.14708       -0.29227        1.04452        0.53379
0.805204        0.05337        0.05694        1.06692        0.10645        0.77090       -0.00581        1.14792       -0.29239        1.04495        0.52291
0.818301        0.04991        0.05333        1.06861        0.09629        0.77270       -0.00493        1.14860       -0.29252        1.04538        0.51191
0.831610        0.04664        0.04992        1.07033        0.08687        0.77454       -0.00407        1.14911       -0.29264        1.04580        0.50079
0.845137        0.04356        0.04670        1.07208        0.07814        0.77641       -0.00323        1.14946       -0.29277        1.04622        0.48956
0.858883        0.04064        0.04364        1.07387        0.07000        0.77833       -0.00239        1.14966       -0.29289        1.04663        0.47822
0.872853        0.03790        0.04076        1.07569        0.06249        0.78028       -0.00157        1.14969       -0.29301        1.04703        0.46680
0.887050        0.03531        0.03805        1.07755        0.05552        0.78228       -0.00076        1.14958       -0.29314        1.04743        0.45528
0.901478        0.03287        0.03548        1.07944        0.04905        0.78432        0.00005        1.14934       -0.29326        1.04782        0.44368
0.916140        0.03059        0.03307        1.08137        0.04308        0.78640        0.00086        1.14895       -0.29339        1.04821        0.43201
0.931041        0.02843        0.03080        1.08334        0.03753        0.78852        0.00168        1.14843       -0.29352        1.04859        0.42028
0.946185        0.02642        0.02867        1.08534        0.03242        0.79068        0.00250        1.14778       -0.29365        1.04896        0.40851
0.961575        0.02452        0.02667        1.08739        0.02766        0.79288        0.00334        1.14700       -0.29378        1.04932        0.39668
0.977215        0.02276        0.02479        1.08947        0.02325        0.79513        0.00419        1.14611       -0.29392        1.04968        0.38484
0.993109        0.02110        0.02303        1.09159        0.01915        0.79742        0.00507        1.14510       -0.29405        1.05004        0.37297
1.009262        0.01955        0.02138        1.09375        0.01531        0.79976        0.00598        1.14398       -0.29419        1.05039        0.36110
1.025678        0.01811        0.01985        1.09595        0.01174        0.80215        0.00692        1.14274       -0.29433        1.05073        0.34924
1.042361        0.01676        0.01840        1.09819        0.00837        0.80457        0.00791        1.14140       -0.29448        1.05106        0.33740
1.059315        0.01550        0.01706        1.10047        0.00520        0.80705        0.00894        1.13996       -0.29462        1.05139        0.32558
1.076545        0.01433        0.01581        1.10280        0.00219        0.80957        0.01003        1.13842       -0.29477        1.05172        0.31383
1.094055        0.01324        0.01464        1.10517       -0.00070        0.81214        0.01119        1.13679       -0.29492        1.05204        0.30212
1.111850        0.01223        0.01354        1.10759       -0.00348        0.81477        0.01242        1.13506       -0.29508        1.05235        0.29049
1.129934        0.01129        0.01253        1.11005       -0.00617        0.81743        0.01373        1.13324       -0.29523        1.05266        0.27894
1.148312        0.01042        0.01159        1.11255       -0.00881        0.82016        0.01514        1.13134       -0.29539        1.05296        0.26751
1.166990        0.00961        0.01071        1.11511       -0.01143        0.82293        0.01665        1.12934       -0.29555        1.05325        0.25619
1.185971        0.00886        0.00990        1.11771       -0.01403        0.82575        0.01828        1.12727       -0.29572        1.05354        0.24500
1.205261        0.00816        0.00914        1.12036       -0.01666        0.82863        0.02004        1.12511       -0.29588        1.05383        0.23396
1.224865        0.00752        0.00844        1.12306       -0.01934        0.83156        0.02194        1.12288       -0.29605        1.05410        0.22308
1.244787        0.00692        0.00780        1.12581       -0.02208        0.83454        0.02400        1.12056       -0.29623        1.05437        0.21237
1.265034        0.00638        0.00719        1.12861       -0.02492        0.83758        0.02623        1.11817       -0.29640        1.05464        0.20184
1.285610        0.00587        0.00664        1.13147       -0.02787        0.84068        0.02866        1.11571       -0.29658        1.05490        0.19153
1.306520        0.00540        0.00613        1.13437       -0.03098        0.84383        0.03129        1.11318       -0.29676        1.05515        0.18142
1.327771        0.00497        0.00565        1.13734       -0.03425        0.84704        0.03415        1.11057       -0.29695        1.05540        0.17154
1.349367        0.00457        0.00521        1.14035       -0.03772        0.85031        0.03727        1.10789       -0.29714        1.05563        0.16190
1.371315        0.00421        0.00481        1.14343       -0.04141        0.85364        0.04066        1.10515       -0.29733        1.05587        0.15252
1.393619        0.00387        0.00443        1.14656       -0.04536        0.85703        0.04435        1.10233       -0.29752        1.05609        0.14340
1.416287        0.00356        0.00409        1.14976       -0.04959        0.86048        0.04837        1.09945       -0.29772        1.05631        0.13455
1.439323        0.00327        0.00377        1.15301       -0.05413        0.86399        0.05273        1.09650       -0.29792        1.05652        0.12598
1.462733        0.00301        0.00348        1.15632       -0.05902        0.86756        0.05748        1.09348       -0.29813        1.05672        0.11771
1.486525        0.00277        0.00321        1.15970       -0.06427        0.87119        0.06265        1.09040       -0.29833        1.05691        0.10974
1.510703        0.00255        0.00296        1.16314       -0.06993        0.87489        0.06825        1.08725       -0.29855        1.05709        0.10206
1.535275        0.00235        0.00274        1.16665       -0.07604        0.87865        0.07435        1.08404       -0.29876        1.05727        0.09471
1.560246        0.00216        0.00253        1.17022       -0.08260        0.88248        0.08095        1.08076       -0.29898        1.05743        0.08765
1.585624        0.00199        0.00234        1.17387       -0.08969        0.88637        0.08813        1.07742       -0.29920        1.05759        0.08094
1.611414        0.00183        0.00216        1.17758       -0.09732        0.89033        0.09590        1.07401       -0.29943        1.05774        0.07453
1.637624        0.00169        0.00200        1.18136       -0.10554        0.89435        0.10431        1.07054       -0.29965        1.05787        0.06844
1.664260        0.00156        0.00185        1.18522       -0.11437        0.89844        0.11341        1.06700       -0.29989        1.05800        0.06268
1.691330        0.00144        0.00171        1.18915       -0.12386        0.90260        0.12323        1.06340       -0.30012        1.05811        0.05724
1.718839        0.00133        0.00158        1.19315       -0.13406        0.90683        0.13383        1.05973       -0.30036        1.05821        0.05211
1.746796        0.00123        0.00147        1.19723       -0.14499        0.91112        0.14527        1.05600       -0.30061        1.05830        0.04730
1.775208        0.00113        0.00136        1.20140       -0.15671        0.91549        0.15758        1.05220       -0.30085        1.05838        0.04280
1.804082        0.00105        0.00126        1.20564       -0.16924        0.91992        0.17082        1.04834       -0.30111        1.05844        0.03860
1.833425        0.00097        0.00117        1.20996       -0.18263        0.92443        0.18504        1.04441       -0.30136        1.05849        0.03469
1.863246        0.00090        0.00109        1.21437       -0.19692        0.92901        0.20030        1.04041       -0.30162        1.05853        0.03107
1.893552        0.00083        0.00102        1.21887       -0.21215        0.93366        0.21664        1.03634       -0.30189        1.05855        0.02773
1.924351        0.00077        0.00095        1.22345       -0.22836        0.93838        0.23414        1.03232       -0.30215        1.05858        0.01440
1.955651        0.00072        0.00088        1.22812       -0.24560        0.94317        0.25285        1.02827       -0.30243        1.05859        0.00000
1.987460        0.00067        0.00082        1.23289       -0.26390        0.94805        0.27281        1.02400       -0.30270        1.05857        0.00000
2.019786        0.00062        0.00077        1.23775       -0.28331        0.95299        0.29410        1.01966       -0.30298        1.05852        0.00000
2.052638        0.00058        0.00072        1.24270       -0.30387        0.95801        0.31680        1.01526       -0.30327        1.05846        0.00000
2.086024        0.00054        0.00067        1.24775       -0.32561        0.96311        0.34095        1.01078       -0.30356        1.05837        0.00000
2.119953        0.00050        0.00063        1.25290       -0.34859        0.96828        0.36662        1.00623       -0.30385        1.05827        0.00000
2.154435        0.00047        0.00059        1.25815       -0.37288        0.97353        0.39392        1.00161       -0.30415        1.05814        0.00000
2.189477        0.00044        0.00055        1.26350       -0.39851        0.97885        0.42292        0.99692       -0.30446        1.05800        0.00000
2.225089        0.00041        0.00052        1.26896       -0.42559        0.98425        0.45377        0.99216       -0.30477        1.05783        0.00000
2.261280        0.00038        0.00049        1.27453       -0.45422        0.98972        0.48657        0.98732       -0.30508        1.05763        0.00000
2.298060        0.00036        0.00046        1.28021       -0.48457        0.99526        0.52157        0.98241       -0.30540        1.05742        0.00000
2.335438        0.00034        0.00043        1.28600       -0.51689        1.00086        0.55907        0.97742       -0.30572        1.05717        0.00000
2.373424        0.00031        0.00040        1.29191       -0.55162        1.00651        0.59959        0.97236       -0.30605        1.05690        0.00000
2.412028        0.00029        0.00038        1.29794       -0.58962        1.01219        0.64411        0.96722       -0.30638        1.05661        0.00000
2.451260        0.00027        0.00035        1.30411       -0.63318        1.01783        0.69523        0.96201       -0.30672        1.05628        0.00000
2.491130        0.00025        0.00033        1.31046       -0.69211        1.02310        0.76388        0.95672       -0.30706        1.05593        0.00000
2.531648        0.00023        0.00030        1.31675       -0.74709        1.02852        0.82942        0.95120       -0.30741        1.05552        0.00000
2.572826        0.00022        0.00029        1.32294       -0.77411        1.03490        0.86448        0.94551       -0.30775        1.05510        0.00000
2.614673        0.00021        0.00028        1.32922       -0.80157        1.04139        0.90010        0.93973       -0.30810        1.05466        0.00000
2.657201        0.00021        0.00027        1.33563       -0.82768        1.04806        0.93434        0.93388       -0.30846        1.05422        0.00000
2.700421        0.00020        0.00027        1.34233       -0.84538        1.05537        0.95969        0.92819       -0.30882        1.05370        0.00000
2.744343        0.00019        0.00026        1.34915       -0.87512        1.06243        0.99913        0.92242       -0.30920        1.05314        0.00000
2.788980        0.00019        0.00025        1.35610       -0.91124        1.06944        1.04643        0.91657       -0.30958        1.05254        0.00000
2.834343        0.00018        0.00024        1.36319       -0.95108        1.07648        1.09863        0.91064       -0.30996        1.05191        0.00000
2.880444        0.00017        0.00023        1.37041       -0.99349        1.08359        1.15451        0.90462       -0.31035        1.05123        0.00000
2.927295        0.00016        0.00022        1.37776       -1.03792        1.09079        1.21348        0.89852       -0.31075        1.05051        0.00000
2.974908        0.00015        0.00021        1.38526       -1.08405        1.09809        1.27528        0.89234       -0.31115        1.04975        0.00000
3.023295        0.00015        0.00021        1.39289       -1.13173        1.10550        1.33975        0.88608       -0.31156        1.04894        0.00000
3.072469        0.00014        0.00020        1.40067       -1.18086        1.11303        1.40684        0.87973       -0.31198        1.04809        0.00000
3.122443        0.00013        0.00019        1.40860       -1.23135        1.12067        1.47653        0.87330       -0.31240        1.04719        0.00000
3.173230        0.00013        0.00018        1.41668       -1.28315        1.12844        1.54881        0.86678       -0.31282        1.04624        0.00000
3.224842        0.00012        0.00018        1.42491       -1.33623        1.13634        1.62370        0.86018       -0.31325        1.04524        0.00000
3.277295        0.00012        0.00017        1.43329       -1.39056        1.14437        1.70124        0.85350       -0.31369        1.04418        0.00000
3.330600        0.00011        0.00016        1.44183       -1.44609        1.15253        1.78143        0.84672       -0.31414        1.04307        0.00000
3.384773        0.00011        0.00016        1.45053       -1.50282        1.16082        1.86434        0.83987       -0.31459        1.04191        0.00000
3.439826        0.00010        0.00015        1.45939       -1.56071        1.16925        1.95001        0.83293       -0.31504        1.04069        0.00000
3.495776        0.00010        0.00015        1.46842       -1.61974        1.17782        2.03847        0.82590       -0.31551        1.03941        0.00000
3.552635        0.00010        0.00014        1.47762       -1.67990        1.18653        2.12978        0.81879       -0.31597        1.03807        0.00000
3.610419        0.00009        0.00014        1.48698       -1.74114        1.19539        2.22400        0.81159       -0.31645        1.03666        0.00000
3.669142        0.00009        0.00013        1.49652       -1.80347        1.20439        2.32117        0.80431       -0.31693        1.03519        0.00000
3.728821        0.00009        0.00013        1.50624       -1.86683        1.21355        2.42134        0.79695       -0.31742        1.03366        0.00000
3.789471        0.00008        0.00012        1.51614       -1.93123        1.22285        2.52457        0.78950       -0.31791        1.03206        0.00000
3.851107        0.00008        0.00012        1.52621       -1.99661        1.23230        2.63093        0.78196       -0.31841        1.03039        0.00000
3.913746        0.00008        0.00012        1.53647       -2.06297        1.24191        2.74046        0.77434       -0.31892        1.02864        0.00000
3.977403        0.00007        0.00011        1.54692       -2.13027        1.25167        2.85324        0.76664       -0.31943        1.02683        0.00000
4.042096        0.00007        0.00011        1.55756       -2.19847        1.26159        2.96930        0.75886       -0.31995        1.02494        0.00000
4.107841        0.00007        0.00011        1.56839       -2.26755        1.27166        3.08873        0.75100       -0.32047        1.02297        0.00000
4.174655        0.00007        0.00010        1.57941       -2.33747        1.28190        3.21158        0.74305       -0.32101        1.02092        0.00000
4.242556        0.00006        0.00010        1.59064       -2.40820        1.29229        3.33791        0.73503       -0.32154        1.01879        0.00000
4.311562        0.00006        0.00010        1.60206       -2.47969        1.30285        3.46778        0.72693       -0.32209        1.01658        0.00000
4.381690        0.00006        0.00010        1.61368       -2.55191        1.31357        3.60125        0.71875       -0.32264        1.01429        0.00000
4.452959        0.00006        0.00009        1.62551       -2.62481        1.32445        3.73838        0.71049       -0.32320        1.01191        0.00000
4.525386        0.00006        0.00009        1.63754       -2.69834        1.33549        3.87925        0.70215       -0.32376        1.00945        0.00000
4.598992        0.00005        0.00009        1.64978       -2.77246        1.34670        4.02390        0.69375       -0.32433        1.00689        0.00000
4.673795        0.00005        0.00009        1.66223       -2.84712        1.35807        4.17240        0.68526       -0.32490        1.00424        0.00000
4.749815        0.00005        0.00008        1.67490       -2.92225        1.36960        4.32480        0.67671       -0.32549        1.00150        0.00000
4.827071        0.00005        0.00008        1.68778       -2.99781        1.38130        4.48116        0.66809       -0.32607        0.99867        0.00000
4.905584        0.00005        0.00008        1.70087       -3.07373        1.39315        4.64154        0.65940       -0.32667        0.99574        0.00000
4.985373        0.00005        0.00008        1.71419       -3.14995        1.40517        4.80600        0.65064       -0.32727        0.99271        0.00000
5.066461        0.00004        0.00008        1.72772       -3.22640        1.41734        4.97457        0.64182       -0.32787        0.98958        0.00000
5.148867        0.00004        0.00007        1.74148       -3.30301        1.42967        5.14732        0.63294       -0.32848        0.98635        0.00000
5.232614        0.00004        0.00007        1.75545       -3.37971        1.44215        5.32429        0.62399       -0.32910        0.98302        0.00000
5.317723        0.00004        0.00007        1.76965       -3.45642        1.45478        5.50553        0.61499       -0.32973        0.97959        0.00000
5.404216        0.00004        0.00007        1.78407       -3.53304        1.46756        5.69107        0.60593       -0.33035        0.97604        0.00000
5.492116        0.00004        0.00007        1.79871       -3.60951        1.48049        5.88096        0.59682       -0.33099        0.97240        0.00000
5.581446        0.00004        0.00007        1.81358       -3.68572        1.49356        6.07521        0.58766       -0.33163        0.96864        0.00000
5.672229        0.00004        0.00006        1.82868       -3.76159        1.50676        6.27387        0.57845       -0.33227        0.96478        0.00000
5.764488        0.00003        0.00006        1.84399       -3.83701        1.52010        6.47696        0.56919       -0.33292        0.96080        0.00000
5.858248        0.00003        0.00006        1.85953       -3.91188        1.53356        6.68448        0.55989       -0.33357        0.95672        0.00000
5.953533        0.00003        0.00006        1.87530       -3.98610        1.54714        6.89646        0.55055       -0.33423        0.95252        0.00000
6.050368        0.00003        0.00006        1.89128       -4.05954        1.56084        7.11290        0.54117       -0.33490        0.94821        0.00000
6.148778        0.00003        0.00006        1.90749       -4.13210        1.57464        7.33380        0.53176       -0.33556        0.94378        0.00000
6.248788        0.00003        0.00006        1.92391       -4.20365        1.58855        7.55914        0.52231       -0.33623        0.93924        0.00000
6.350425        0.00003        0.00006        1.94055       -4.27407        1.60254        7.78891        0.51284       -0.33691        0.93458        0.00000
6.453715        0.00003        0.00006        1.95740       -4.34323        1.61661        8.02308        0.50335       -0.33759        0.92981        0.00000
6.558686        0.00003        0.00005        1.97446       -4.41099        1.63076        8.26161        0.49383       -0.33827        0.92492        0.00000
6.665363        0.00003        0.00005        1.99173       -4.47722        1.64496        8.50447        0.48430       -0.33896        0.91992        0.00000
6.773776        0.00003        0.00005        2.00921       -4.54176        1.65922        8.75158        0.47475       -0.33965        0.91480        0.00000
6.883952        0.00003        0.00005        2.02688       -4.60447        1.67351        9.00289        0.46519       -0.34034        0.90956        0.00000
6.995920        0.00002        0.00005        2.04475       -4.66520        1.68783        9.25832        0.45562       -0.34104        0.90421        0.00000
7.109709        0.00002        0.00005        2.06280       -4.72380        1.70217        9.51777        0.44606       -0.34173        0.89874        0.00000
7.225349        0.00002        0.00005        2.08104       -4.78009        1.71649        9.78113        0.43649       -0.34243        0.89315        0.00000
7.342870        0.00002        0.00005        2.09946       -4.83393        1.73080       10.04830        0.42693       -0.34313        0.88745        0.00000
7.462303        0.00002        0.00005        2.11804       -4.88514        1.74508       10.31913        0.41737       -0.34384        0.88163        0.00000
7.583678        0.00002        0.00005        2.13679       -4.93355        1.75931       10.59347        0.40783       -0.34454        0.87570        0.00000
7.707027        0.00002        0.00005        2.15569       -4.97898        1.77346       10.87117        0.39830       -0.34524        0.86966        0.00000
7.832383        0.00002        0.00004        2.17473       -5.02128        1.78753       11.15205        0.38880       -0.34595        0.86350        0.00000
7.959777        0.00002        0.00004        2.19392       -5.06024        1.80150       11.43589        0.37932       -0.34665        0.85723        0.00000
8.089243        0.00002        0.00004        2.21322       -5.09569        1.81534       11.72249        0.36986       -0.34736        0.85086        0.00000
8.220816        0.00002        0.00004        2.23264       -5.12746        1.82902       12.01163        0.36044       -0.34806        0.84437        0.00000
8.354528        0.00002        0.00004        2.25217       -5.15536        1.84255       12.30304        0.35106       -0.34876        0.83778        0.00000
8.490415        0.00002        0.00004        2.27179       -5.17921        1.85587       12.59645        0.34171       -0.34946        0.83108        0.00000
8.628513        0.00002        0.00004        2.29148       -5.19883        1.86899       12.89158        0.33241       -0.35016        0.82428        0.00000
8.768856        0.00002        0.00004        2.31124       -5.21403        1.88186       13.18812        0.32316       -0.35086        0.81737        0.00000
8.911482        0.00002        0.00004        2.33106       -5.22464        1.89447       13.48573        0.31395       -0.35155        0.81037        0.00000
9.056428        0.00002        0.00004        2.35090       -5.23048        1.90679       13.78407        0.30481       -0.35224        0.80327        0.00000
9.203732        0.00002        0.00004        2.37077       -5.23137        1.91879       14.08277        0.29572       -0.35293        0.79608        0.00000
9.353432        0.00002        0.00004        2.39064       -5.22715        1.93046       14.38144        0.28670       -0.35362        0.78879        0.00000
9.505566        0.00002        0.00004        2.41050       -5.21765        1.94175       14.67967        0.27774       -0.35429        0.78142        0.00000
9.660175        0.00001        0.00004        2.43033       -5.20271        1.95265       14.97702        0.26886       -0.35497        0.77395        0.00000
9.817298        0.00001        0.00004        2.45010       -5.18218        1.96313       15.27304        0.26004       -0.35564        0.76641        0.00000
9.976978        0.00001        0.00003        2.46981       -5.15591        1.97315       15.56727        0.25131       -0.35630        0.75878        0.00000
10.139254        0.00001        0.00003        2.48943       -5.12376        1.98270       15.85923        0.24266       -0.35696        0.75107        0.00000
10.304170        0.00001        0.00003        2.50894       -5.08560        1.99174       16.14839        0.23409       -0.35761        0.74329        0.00000
10.471768        0.00001        0.00003        2.52831       -5.04133        2.00025       16.43423        0.22560       -0.35825        0.73544        0.00000
10.642092        0.00001        0.00003        2.54754       -4.99082        2.00820       16.71623        0.21721       -0.35888        0.72752        0.00000
10.815187        0.00001        0.00003        2.56659       -4.93399        2.01556       16.99380        0.20891       -0.35951        0.71954        0.00000
10.991097        0.00001        0.00003        2.58544       -4.87075        2.02230       17.26639        0.20071       -0.36013        0.71149        0.00000
11.169868        0.00001        0.00003        2.60408       -4.80104        2.02841       17.53342        0.19260       -0.36073        0.70339        0.00000
11.351547        0.00001        0.00003        2.62246       -4.72481        2.03385       17.79428        0.18460       -0.36133        0.69523        0.00000
11.536181        0.00001        0.00003        2.64058       -4.64201        2.03861       18.04837        0.17670       -0.36192        0.68702        0.00000
11.723818        0.00001        0.00003        2.65840       -4.55265        2.04265       18.29509        0.16891       -0.36250        0.67876        0.00000
11.914507        0.00001        0.00003        2.67591       -4.45671        2.04597       18.53381        0.16122       -0.36306        0.67047        0.00000
12.108298        0.00001        0.00003        2.69307       -4.35421        2.04853       18.76390        0.15365       -0.36361        0.66213        0.00000
12.305240        0.00001        0.00003        2.70986       -4.24520        2.05032       18.98476        0.14619       -0.36415        0.65376        0.00000
12.505386        0.00001        0.00003        2.72625       -4.12973        2.05132       19.19574        0.13884       -0.36468        0.64535        0.00000
12.708787        0.00001        0.00003        2.74223       -4.00789        2.05152       19.39625        0.13161       -0.36519        0.63692        0.00000
12.915497        0.00001        0.00003        2.75776       -3.87977        2.05091       19.58566        0.12449       -0.36569        0.62847        0.00000
13.125568        0.00001        0.00003        2.77282       -3.74552        2.04948       19.76337        0.11750       -0.36618        0.61999        0.00000
13.339057        0.00001        0.00003        2.78738       -3.60526        2.04721       19.92879        0.11063       -0.36665        0.61150        0.00000
13.556018        0.00001        0.00003        2.80142       -3.45918        2.04410       20.08135        0.10387       -0.36710        0.60300        0.00000
13.776508        0.00001        0.00003        2.81491       -3.30747        2.04015       20.22048        0.09724       -0.36754        0.59449        0.00000
14.000584        0.00001        0.00003        2.82783       -3.15035        2.03537       20.34566        0.09073       -0.36796        0.58598        0.00000
14.228305        0.00001        0.00003        2.84016       -2.98806        2.02974       20.45637        0.08435       -0.36836        0.57747        0.00000
14.459729        0.00001        0.00003        2.85187       -2.82085        2.02328       20.55214        0.07809       -0.36874        0.56896        0.00000
14.694918        0.00001        0.00003        2.86294       -2.64903        2.01599       20.63248        0.07196       -0.36911        0.56046        0.00000
14.933932        0.00001        0.00002        2.87335       -2.47289        2.00789       20.69701        0.06595       -0.36946        0.55197        0.00000
15.176834        0.00001        0.00002        2.88307       -2.29276        1.99899       20.74531        0.06007       -0.36978        0.54349        0.00000
15.423686        0.00001        0.00002        2.89209       -2.10899        1.98931       20.77706        0.05431       -0.37009        0.53503        0.00000
15.674554        0.00001        0.00002        2.90039       -1.92195        1.97887       20.79194        0.04868       -0.37038        0.52660        0.00000
15.929502        0.00001        0.00002        2.90795       -1.73203        1.96769       20.78970        0.04317       -0.37064        0.51819        0.00000
16.188597        0.00001        0.00002        2.91475       -1.53963        1.95580       20.77011        0.03779       -0.37089        0.50981        0.00000
16.451906        0.00001        0.00002        2.92077       -1.34516        1.94322       20.73301        0.03254       -0.37111        0.50146        0.00000
16.719498        0.00001        0.00002        2.92600       -1.14906        1.93000       20.67828        0.02740       -0.37131        0.49315        0.00000
16.991442        0.00001        0.00002        2.93044       -0.95177        1.91615       20.60585        0.02240       -0.37149        0.48488        0.00000
17.267809        0.00001        0.00002        2.93405       -0.75374        1.90174       20.51570        0.01751       -0.37164        0.47665        0.00000
17.548671        0.00001        0.00002        2.93685       -0.55545        1.88678       20.40788        0.01275       -0.37177        0.46847        0.00000
17.834102        0.00001        0.00002        2.93881       -0.35734        1.87132       20.28248        0.00811       -0.37188        0.46034        0.00000
18.124175        0.00001        0.00002        2.93992       -0.15991        1.85542       20.13963        0.00359       -0.37196        0.45225        0.00000
