x               rho            P              T              ur             uphi           uz             Br             Bphi           Bz             m
0.010000        0.99969        0.99972        1.00003        1.22482        0.97062       -0.00122        0.05779       -0.13580        1.00004        0.99990
0.010163        0.99968        0.99971        1.00003        1.22484        0.97062       -0.00124        0.05873       -0.13801        1.00004        0.99990
0.010328        0.99965        0.99968        1.00003        1.22486        0.97062       -0.00126        0.05969       -0.14026        1.00004        0.99989
0.010496        0.99962        0.99965        1.00003        1.22489        0.97062       -0.00128        0.06066       -0.14254        1.00004        0.99989
0.010667        0.99959        0.99963        1.00003        1.22492        0.97062       -0.00130        0.06165       -0.14486        1.00004        0.99988
0.010840        0.99956        0.99960        1.00004        1.22494        0.97062       -0.00132        0.06265       -0.14721        1.00005        0.99988
0.011016        0.99954        0.99957        1.00004        1.22497        0.97062       -0.00135        0.06367       -0.14961        1.00005        0.99987
0.011196        0.99951        0.99954        1.00004        1.22500        0.97062       -0.00137        0.06471       -0.15204        1.00005        0.99986
0.011378        0.99948        0.99952        1.00004        1.22503        0.97062       -0.00139        0.06576       -0.15451        1.00005        0.99986
0.011563        0.99944        0.99949        1.00004        1.22506        0.97062       -0.00141        0.06683       -0.15702        1.00005        0.99985
0.011751        0.99941        0.99946        1.00004        1.22509        0.97061       -0.00144        0.06792       -0.15958        1.00005        0.99985
0.011942        0.99938        0.99943        1.00005        1.22512        0.97061       -0.00146        0.06903       -0.16217        1.00006        0.99984
0.012136        0.99935        0.99940        1.00005        1.22515        0.97061       -0.00148        0.07015       -0.16481        1.00006        0.99984
0.012334        0.99932        0.99937        1.00005        1.22518        0.97061       -0.00151        0.07129       -0.16749        1.00006        0.99983
0.012534        0.99928        0.99933        1.00005        1.22521        0.97061       -0.00153        0.07245       -0.17021        1.00006        0.99982
0.012738        0.99925        0.99930        1.00005        1.22524        0.97061       -0.00156        0.07363       -0.17298        1.00007        0.99982
0.012945        0.99922        0.99927        1.00005        1.22528        0.97061       -0.00158        0.07483       -0.17579        1.00007        0.99981
0.013156        0.99918        0.99924        1.00006        1.22531        0.97061       -0.00161        0.07605       -0.17865        1.00007        0.99981
0.013370        0.99915        0.99920        1.00006        1.22534        0.97061       -0.00163        0.07729       -0.18156        1.00007        0.99980
0.013587        0.99911        0.99917        1.00006        1.22538        0.97060       -0.00166        0.07855       -0.18451        1.00008        0.99979
0.013808        0.99907        0.99913        1.00006        1.22541        0.97060       -0.00169        0.07982       -0.18751        1.00008        0.99979
0.014033        0.99904        0.99910        1.00006        1.22545        0.97060       -0.00172        0.08112       -0.19056        1.00008        0.99978
0.014261        0.99900        0.99906        1.00007        1.22549        0.97060       -0.00174        0.08244       -0.19366        1.00008        0.99977
0.014493        0.99896        0.99903        1.00007        1.22552        0.97060       -0.00177        0.08379       -0.19681        1.00008        0.99977
0.014729        0.99892        0.99899        1.00007        1.22556        0.97060       -0.00180        0.08515       -0.20001        1.00009        0.99976
0.014968        0.99888        0.99895        1.00007        1.22560        0.97060       -0.00183        0.08654       -0.20326        1.00009        0.99975
0.015212        0.99884        0.99891        1.00007        1.22564        0.97059       -0.00186        0.08794       -0.20657        1.00009        0.99974
0.015459        0.99880        0.99888        1.00008        1.22568        0.97059       -0.00189        0.08938       -0.20993        1.00010        0.99974
0.015711        0.99876        0.99884        1.00008        1.22572        0.97059       -0.00192        0.09083       -0.21334        1.00010        0.99973
0.015966        0.99872        0.99880        1.00008        1.22576        0.97059       -0.00195        0.09231       -0.21681        1.00010        0.99972
0.016226        0.99867        0.99876        1.00008        1.22580        0.97059       -0.00198        0.09381       -0.22034        1.00010        0.99971
0.016490        0.99863        0.99871        1.00009        1.22584        0.97059       -0.00202        0.09534       -0.22392        1.00011        0.99971
0.016758        0.99858        0.99867        1.00009        1.22588        0.97059       -0.00205        0.09689       -0.22756        1.00011        0.99970
0.017031        0.99854        0.99863        1.00009        1.22592        0.97058       -0.00208        0.09847       -0.23127        1.00011        0.99969
0.017308        0.99849        0.99859        1.00009        1.22597        0.97058       -0.00212        0.10007       -0.23503        1.00012        0.99968
0.017589        0.99845        0.99854        1.00010        1.22601        0.97058       -0.00215        0.10170       -0.23885        1.00012        0.99967
0.017875        0.99840        0.99850        1.00010        1.22606        0.97058       -0.00219        0.10335       -0.24273        1.00012        0.99966
0.018166        0.99835        0.99845        1.00010        1.22610        0.97058       -0.00222        0.10503       -0.24668        1.00012        0.99965
0.018461        0.99830        0.99840        1.00010        1.22615        0.97058       -0.00226        0.10674       -0.25069        1.00013        0.99965
0.018762        0.99825        0.99836        1.00011        1.22620        0.97057       -0.00229        0.10848       -0.25477        1.00013        0.99964
0.019067        0.99820        0.99831        1.00011        1.22625        0.97057       -0.00233        0.11024       -0.25891        1.00013        0.99963
0.019377        0.99815        0.99826        1.00011        1.22630        0.97057       -0.00237        0.11204       -0.26312        1.00014        0.99962
0.019692        0.99810        0.99821        1.00011        1.22635        0.97057       -0.00241        0.11386       -0.26740        1.00014        0.99961
0.020012        0.99805        0.99816        1.00012        1.22640        0.97057       -0.00245        0.11572       -0.27175        1.00015        0.99960
0.020338        0.99797        0.99809        1.00012        1.22647        0.97057       -0.00249        0.11760       -0.27617        1.00015        0.99958
0.020669        0.99787        0.99800        1.00013        1.22656        0.97056       -0.00253        0.11952       -0.28066        1.00016        0.99957
0.021005        0.99778        0.99791        1.00013        1.22665        0.97056       -0.00257        0.12147       -0.28522        1.00016        0.99955
0.021347        0.99769        0.99782        1.00014        1.22674        0.97056       -0.00261        0.12345       -0.28986        1.00017        0.99953
0.021694        0.99759        0.99773        1.00014        1.22683        0.97055       -0.00265        0.12546       -0.29457        1.00017        0.99952
0.022047        0.99750        0.99764        1.00015        1.22693        0.97055       -0.00270        0.12751       -0.29936        1.00018        0.99950
0.022405        0.99740        0.99755        1.00015        1.22702        0.97055       -0.00274        0.12958       -0.30423        1.00019        0.99948
0.022770        0.99730        0.99745        1.00016        1.22712        0.97054       -0.00279        0.13170       -0.30918        1.00019        0.99946
0.023140        0.99719        0.99735        1.00016        1.22721        0.97054       -0.00283        0.13384       -0.31420        1.00020        0.99944
0.023516        0.99709        0.99726        1.00017        1.22731        0.97054       -0.00288        0.13603       -0.31931        1.00021        0.99942
0.023899        0.99699        0.99716        1.00017        1.22742        0.97053       -0.00293        0.13824       -0.32450        1.00021        0.99941
0.024288        0.99688        0.99706        1.00018        1.22752        0.97053       -0.00297        0.14050       -0.32978        1.00022        0.99939
0.024683        0.99677        0.99695        1.00018        1.22762        0.97052       -0.00302        0.14279       -0.33514        1.00023        0.99937
0.025084        0.99666        0.99685        1.00019        1.22773        0.97052       -0.00307        0.14511       -0.34059        1.00024        0.99935
0.025492        0.99655        0.99674        1.00020        1.22784        0.97052       -0.00312        0.14748       -0.34613        1.00024        0.99933
0.025907        0.99643        0.99663        1.00020        1.22795        0.97051       -0.00317        0.14988       -0.35175        1.00025        0.99930
0.026328        0.99632        0.99652        1.00021        1.22806        0.97051       -0.00322        0.15233       -0.35747        1.00026        0.99928
0.026756        0.99620        0.99641        1.00021        1.22817        0.97051       -0.00328        0.15481       -0.36329        1.00027        0.99926
0.027192        0.99608        0.99630        1.00022        1.22829        0.97050       -0.00333        0.15733       -0.36919        1.00027        0.99924
0.027634        0.99596        0.99618        1.00023        1.22840        0.97050       -0.00339        0.15989       -0.37520        1.00028        0.99922
0.028083        0.99583        0.99607        1.00023        1.22852        0.97049       -0.00344        0.16250       -0.38130        1.00029        0.99920
0.028540        0.99571        0.99595        1.00024        1.22864        0.97049       -0.00350        0.16515       -0.38750        1.00030        0.99917
0.029004        0.99558        0.99583        1.00025        1.22876        0.97048       -0.00355        0.16784       -0.39380        1.00031        0.99915
0.029476        0.99545        0.99570        1.00025        1.22889        0.97048       -0.00361        0.17057       -0.40020        1.00032        0.99913
0.029955        0.99532        0.99558        1.00026        1.22902        0.97048       -0.00367        0.17335       -0.40671        1.00032        0.99910
0.030443        0.99515        0.99541        1.00027        1.22918        0.97047       -0.00373        0.17618       -0.41332        1.00034        0.99907
0.030938        0.99496        0.99523        1.00028        1.22937        0.97046       -0.00379        0.17906       -0.42003        1.00035        0.99904
0.031441        0.99476        0.99505        1.00029        1.22955        0.97046       -0.00386        0.18199       -0.42686        1.00036        0.99900
0.031952        0.99457        0.99486        1.00030        1.22974        0.97045       -0.00392        0.18496       -0.43380        1.00037        0.99896
0.032472        0.99437        0.99467        1.00031        1.22993        0.97044       -0.00398        0.18798       -0.44085        1.00039        0.99893
0.033000        0.99416        0.99448        1.00032        1.23013        0.97044       -0.00405        0.19106       -0.44801        1.00040        0.99889
0.033537        0.99396        0.99429        1.00033        1.23033        0.97043       -0.00412        0.19418       -0.45529        1.00041        0.99885
0.034083        0.99375        0.99409        1.00034        1.23053        0.97042       -0.00418        0.19735       -0.46269        1.00043        0.99882
0.034637        0.99353        0.99389        1.00035        1.23074        0.97041       -0.00425        0.20057       -0.47021        1.00044        0.99878
0.035200        0.99332        0.99368        1.00037        1.23095        0.97041       -0.00432        0.20385       -0.47785        1.00046        0.99874
0.035773        0.99310        0.99347        1.00038        1.23116        0.97040       -0.00439        0.20718       -0.48562        1.00047        0.99870
0.036355        0.99287        0.99326        1.00039        1.23138        0.97039       -0.00446        0.21056       -0.49351        1.00049        0.99866
0.036946        0.99265        0.99304        1.00040        1.23160        0.97038       -0.00454        0.21400       -0.50153        1.00050        0.99861
0.037547        0.99241        0.99282        1.00041        1.23182        0.97038       -0.00461        0.21749       -0.50968        1.00052        0.99857
0.038158        0.99218        0.99260        1.00043        1.23205        0.97037       -0.00469        0.22104       -0.51797        1.00053        0.99853
0.038778        0.99194        0.99238        1.00044        1.23228        0.97036       -0.00477        0.22465       -0.52639        1.00055        0.99849
0.039409        0.99170        0.99215        1.00045        1.23251        0.97035       -0.00484        0.22832       -0.53494        1.00056        0.99844
0.040050        0.99145        0.99191        1.00046        1.23275        0.97034       -0.00492        0.23205       -0.54364        1.00058        0.99840
0.040701        0.99113        0.99161        1.00048        1.23306        0.97033       -0.00500        0.23585       -0.55247        1.00060        0.99834
0.041363        0.99081        0.99130        1.00050        1.23337        0.97032       -0.00509        0.23972       -0.56144        1.00062        0.99828
0.042036        0.99048        0.99099        1.00052        1.23370        0.97031       -0.00517        0.24365       -0.57056        1.00065        0.99822
0.042720        0.99014        0.99067        1.00053        1.23402        0.97030       -0.00526        0.24764       -0.57983        1.00067        0.99816
0.043415        0.98979        0.99034        1.00055        1.23436        0.97029       -0.00534        0.25169       -0.58925        1.00069        0.99809
0.044121        0.98945        0.99001        1.00057        1.23470        0.97027       -0.00543        0.25582       -0.59882        1.00071        0.99803
0.044839        0.98909        0.98967        1.00059        1.23504        0.97026       -0.00552        0.26001       -0.60855        1.00074        0.99797
0.045568        0.98873        0.98933        1.00061        1.23539        0.97025       -0.00561        0.26427       -0.61843        1.00076        0.99790
0.046309        0.98837        0.98899        1.00063        1.23575        0.97024       -0.00571        0.26859       -0.62848        1.00079        0.99783
0.047062        0.98799        0.98863        1.00065        1.23611        0.97022       -0.00580        0.27299       -0.63869        1.00081        0.99777
0.047828        0.98762        0.98827        1.00067        1.23647        0.97021       -0.00590        0.27746       -0.64906        1.00084        0.99770
0.048606        0.98723        0.98791        1.00069        1.23685        0.97020       -0.00600        0.28200       -0.65961        1.00086        0.99763
0.049396        0.98684        0.98754        1.00071        1.23723        0.97018       -0.00609        0.28662       -0.67032        1.00089        0.99756
0.050200        0.98643        0.98715        1.00073        1.23762        0.97017       -0.00620        0.29132       -0.68121        1.00091        0.99748
0.051016        0.98594        0.98669        1.00076        1.23811        0.97015       -0.00630        0.29611       -0.69227        1.00095        0.99739
0.051846        0.98544        0.98621        1.00078        1.23860        0.97013       -0.00640        0.30098       -0.70350        1.00098        0.99730
0.052689        0.98493        0.98573        1.00081        1.23909        0.97012       -0.00651        0.30593       -0.71492        1.00101        0.99721
0.053546        0.98442        0.98524        1.00084        1.23960        0.97010       -0.00662        0.31096       -0.72653        1.00105        0.99711
0.054417        0.98389        0.98474        1.00087        1.24011        0.97008       -0.00673        0.31607       -0.73832        1.00108        0.99702
0.055302        0.98336        0.98424        1.00089        1.24064        0.97006       -0.00684        0.32127       -0.75030        1.00112        0.99692
0.056202        0.98282        0.98372        1.00092        1.24117        0.97004       -0.00696        0.32655       -0.76249        1.00116        0.99682
0.057116        0.98226        0.98320        1.00095        1.24171        0.97002       -0.00707        0.33191       -0.77486        1.00119        0.99672
0.058045        0.98170        0.98267        1.00098        1.24226        0.97000       -0.00719        0.33736       -0.78744        1.00123        0.99662
0.058989        0.98114        0.98213        1.00101        1.24281        0.96998       -0.00731        0.34290       -0.80023        1.00127        0.99652
0.059948        0.98056        0.98158        1.00104        1.24338        0.96996       -0.00743        0.34854       -0.81322        1.00131        0.99641
0.060923        0.97988        0.98094        1.00108        1.24405        0.96994       -0.00756        0.35429       -0.82641        1.00135        0.99629
0.061914        0.97917        0.98027        1.00112        1.24475        0.96991       -0.00769        0.36014       -0.83981        1.00140        0.99616
0.062921        0.97846        0.97959        1.00116        1.24546        0.96989       -0.00782        0.36609       -0.85343        1.00145        0.99603
0.063945        0.97773        0.97890        1.00119        1.24618        0.96986       -0.00795        0.37214       -0.86727        1.00150        0.99590
0.064985        0.97699        0.97819        1.00123        1.24691        0.96983       -0.00808        0.37828       -0.88134        1.00155        0.99576
0.066042        0.97624        0.97748        1.00127        1.24765        0.96981       -0.00822        0.38452       -0.89564        1.00160        0.99562
0.067116        0.97547        0.97676        1.00131        1.24841        0.96978       -0.00836        0.39087       -0.91016        1.00165        0.99548
0.068208        0.97470        0.97602        1.00136        1.24918        0.96975       -0.00850        0.39731       -0.92493        1.00170        0.99534
0.069317        0.97391        0.97527        1.00140        1.24996        0.96972       -0.00864        0.40387       -0.93993        1.00175        0.99520
0.070445        0.97307        0.97447        1.00144        1.25079        0.96969       -0.00879        0.41054       -0.95518        1.00181        0.99505
0.071590        0.97213        0.97358        1.00149        1.25173        0.96966       -0.00894        0.41736       -0.97065        1.00187        0.99488
0.072755        0.97118        0.97268        1.00154        1.25269        0.96962       -0.00909        0.42429       -0.98638        1.00194        0.99470
0.073938        0.97021        0.97175        1.00160        1.25366        0.96959       -0.00925        0.43133       -1.00236        1.00201        0.99452
0.075141        0.96922        0.97082        1.00165        1.25465        0.96955       -0.00940        0.43848       -1.01860        1.00207        0.99435
0.076363        0.96822        0.96987        1.00170        1.25565        0.96952       -0.00956        0.44575       -1.03511        1.00214        0.99416
0.077605        0.96720        0.96890        1.00176        1.25667        0.96948       -0.00973        0.45314       -1.05188        1.00221        0.99398
0.078867        0.96617        0.96792        1.00181        1.25770        0.96944       -0.00989        0.46065       -1.06893        1.00228        0.99379
0.080150        0.96511        0.96691        1.00187        1.25876        0.96940       -0.01006        0.46829       -1.08625        1.00235        0.99360
0.081454        0.96390        0.96577        1.00193        1.25999        0.96936       -0.01024        0.47611       -1.10383        1.00243        0.99338
0.082779        0.96267        0.96460        1.00200        1.26124        0.96931       -0.01041        0.48406       -1.12169        1.00252        0.99315
0.084125        0.96142        0.96341        1.00207        1.26250        0.96927       -0.01059        0.49214       -1.13985        1.00260        0.99292
0.085493        0.96016        0.96221        1.00214        1.26379        0.96922       -0.01078        0.50035       -1.15830        1.00269        0.99269
0.086884        0.95887        0.96098        1.00221        1.26510        0.96917       -0.01096        0.50869       -1.17705        1.00278        0.99246
0.088297        0.95756        0.95974        1.00228        1.26643        0.96912       -0.01115        0.51717       -1.19610        1.00287        0.99222
0.089733        0.95623        0.95847        1.00235        1.26778        0.96907       -0.01134        0.52578       -1.21546        1.00296        0.99198
0.091193        0.95476        0.95707        1.00243        1.26929        0.96902       -0.01154        0.53460       -1.23512        1.00306        0.99171
0.092676        0.95322        0.95561        1.00251        1.27087        0.96896       -0.01175        0.54359       -1.25508        1.00317        0.99143
0.094183        0.95166        0.95413        1.00260        1.27247        0.96890       -0.01195        0.55272       -1.27536        1.00327        0.99115
0.095715        0.95008        0.95262        1.00268        1.27411        0.96884       -0.01216        0.56200       -1.29598        1.00338        0.99086
0.097272        0.94847        0.95109        1.00277        1.27577        0.96877       -0.01238        0.57142       -1.31693        1.00349        0.99056
0.098854        0.94683        0.94954        1.00286        1.27745        0.96871       -0.01259        0.58101       -1.33822        1.00361        0.99026
0.100462        0.94513        0.94792        1.00295        1.27921        0.96865       -0.01282        0.59077       -1.35985        1.00373        0.98995
0.102096        0.94327        0.94614        1.00305        1.28116        0.96857       -0.01304        0.60077       -1.38179        1.00386        0.98962
0.103757        0.94137        0.94434        1.00316        1.28315        0.96850       -0.01328        0.61094       -1.40409        1.00399        0.98927
0.105444        0.93945        0.94251        1.00326        1.28516        0.96842       -0.01352        0.62127       -1.42675        1.00412        0.98892
0.107159        0.93749        0.94065        1.00337        1.28721        0.96834       -0.01376        0.63177       -1.44978        1.00426        0.98856
0.108902        0.93550        0.93875        1.00348        1.28930        0.96827       -0.01400        0.64243       -1.47318        1.00440        0.98820
0.110674        0.93342        0.93677        1.00359        1.29149        0.96818       -0.01425        0.65332       -1.49695        1.00455        0.98782
0.112474        0.93118        0.93463        1.00371        1.29389        0.96809       -0.01451        0.66447       -1.52106        1.00470        0.98741
0.114303        0.92890        0.93246        1.00384        1.29632        0.96800       -0.01478        0.67580       -1.54557        1.00487        0.98700
0.116162        0.92658        0.93025        1.00397        1.29879        0.96790       -0.01505        0.68731       -1.57047        1.00503        0.98657
0.118052        0.92422        0.92801        1.00410        1.30131        0.96781       -0.01532        0.69901       -1.59578        1.00520        0.98614
0.119972        0.92183        0.92573        1.00423        1.30386        0.96771       -0.01560        0.71090       -1.62150        1.00537        0.98571
0.121923        0.91921        0.92322        1.00437        1.30672        0.96760       -0.01589        0.72313       -1.64757        1.00555        0.98523
0.123906        0.91653        0.92067        1.00452        1.30964        0.96749       -0.01618        0.73557       -1.67406        1.00575        0.98474
0.125922        0.91380        0.91807        1.00467        1.31260        0.96737       -0.01648        0.74822       -1.70098        1.00594        0.98425
0.127970        0.91104        0.91543        1.00483        1.31562        0.96725       -0.01679        0.76107       -1.72834        1.00614        0.98374
0.130051        0.90822        0.91275        1.00498        1.31868        0.96714       -0.01710        0.77412       -1.75614        1.00634        0.98323
0.132166        0.90515        0.90981        1.00515        1.32210        0.96700       -0.01743        0.78757       -1.78431        1.00657        0.98267
0.134316        0.90202        0.90682        1.00533        1.32559        0.96686       -0.01776        0.80125       -1.81293        1.00679        0.98210
0.136501        0.89884        0.90379        1.00551        1.32913        0.96672       -0.01809        0.81515       -1.84202        1.00702        0.98152
0.138721        0.89561        0.90070        1.00569        1.33273        0.96658       -0.01844        0.82927       -1.87158        1.00726        0.98093
0.140977        0.89223        0.89747        1.00588        1.33652        0.96643       -0.01879        0.84371       -1.90159        1.00751        0.98031
0.143270        0.88866        0.89406        1.00608        1.34060        0.96627       -0.01916        0.85852       -1.93201        1.00777        0.97966
0.145601        0.88503        0.89058        1.00628        1.34475        0.96610       -0.01953        0.87357       -1.96293        1.00804        0.97900
0.147969        0.88133        0.88705        1.00649        1.34896        0.96593       -0.01991        0.88886       -1.99435        1.00831        0.97833
0.150376        0.87755        0.88344        1.00670        1.35328        0.96576       -0.02029        0.90443       -2.02627        1.00859        0.97764
0.152821        0.87349        0.87955        1.00694        1.35804        0.96556       -0.02070        0.92049       -2.05860        1.00890        0.97690
0.155307        0.86936        0.87559        1.00717        1.36287        0.96536       -0.02111        0.93681       -2.09145        1.00921        0.97615
0.157833        0.86517        0.87158        1.00741        1.36778        0.96516       -0.02153        0.95339       -2.12484        1.00953        0.97538
0.160400        0.86087        0.86746        1.00766        1.37282        0.96495       -0.02196        0.97028       -2.15875        1.00985        0.97460
0.163009        0.85628        0.86306        1.00792        1.37835        0.96472       -0.02241        0.98771       -2.19308        1.01020        0.97376
0.165661        0.85160        0.85858        1.00819        1.38398        0.96449       -0.02287        1.00542       -2.22796        1.01056        0.97291
0.168355        0.84686        0.85402        1.00846        1.38969        0.96425       -0.02333        1.02342       -2.26342        1.01093        0.97204
0.171093        0.84193        0.84930        1.00875        1.39568        0.96399       -0.02381        1.04184       -2.29938        1.01131        0.97114
0.173876        0.83675        0.84432        1.00905        1.40210        0.96372       -0.02431        1.06079       -2.33582        1.01171        0.97020
0.176704        0.83149        0.83926        1.00936        1.40862        0.96344       -0.02482        1.08004       -2.37285        1.01212        0.96924
0.179578        0.82613        0.83412        1.00967        1.41525        0.96315       -0.02534        1.09960       -2.41048        1.01254        0.96826
0.182499        0.82046        0.82866        1.01001        1.42247        0.96284       -0.02589        1.11982       -2.44856        1.01300        0.96723
0.185468        0.81464        0.82307        1.01035        1.42991        0.96251       -0.02645        1.14043       -2.48721        1.01346        0.96616
0.188484        0.80873        0.81738        1.01070        1.43747        0.96217       -0.02702        1.16138       -2.52649        1.01394        0.96509
0.191550        0.80257        0.81145        1.01106        1.44546        0.96182       -0.02761        1.18289       -2.56629        1.01443        0.96396
0.194666        0.79616        0.80527        1.01145        1.45393        0.96143       -0.02823        1.20500       -2.60661        1.01496        0.96279
0.197832        0.78965        0.79899        1.01184        1.46253        0.96104       -0.02885        1.22746       -2.64759        1.01549        0.96160
0.201050        0.78294        0.79252        1.01224        1.47149        0.96063       -0.02950        1.25045       -2.68915        1.01604        0.96038
0.204320        0.77590        0.78572        1.01267        1.48112        0.96018       -0.03018        1.27418       -2.73117        1.01664        0.95909
0.207643        0.76874        0.77881        1.01311        1.49091        0.95972       -0.03087        1.29830       -2.77389        1.01724        0.95778
0.211020        0.76138        0.77170        1.01355        1.50108        0.95924       -0.03158        1.32297       -2.81720        1.01786        0.95644
0.214453        0.75367        0.76424        1.01403        1.51201        0.95871       -0.03234        1.34849       -2.86097        1.01852        0.95503
0.217941        0.74583        0.75665        1.01451        1.52313        0.95817       -0.03310        1.37442       -2.90545        1.01920        0.95360
0.221486        0.73774        0.74881        1.01502        1.53478        0.95760       -0.03390        1.40104       -2.95051        1.01990        0.95212
0.225088        0.72931        0.74064        1.01555        1.54719        0.95698       -0.03473        1.42850       -2.99605        1.02065        0.95058
0.228749        0.72075        0.73234        1.01608        1.55980        0.95634       -0.03558        1.45642       -3.04233        1.02141        0.94901
0.232470        0.71184        0.72368        1.01665        1.57326        0.95565       -0.03647        1.48527       -3.08908        1.02221        0.94738
0.236251        0.70265        0.71475        1.01723        1.58732        0.95491       -0.03740        1.51489       -3.13641        1.02305        0.94569
0.240093        0.69332        0.70568        1.01783        1.60161        0.95416       -0.03834        1.54498       -3.18451        1.02390        0.94399
0.243999        0.68349        0.69611        1.01847        1.61727        0.95330       -0.03935        1.57643       -3.23286        1.02483        0.94218
0.247967        0.67351        0.68638        1.01912        1.63318        0.95243       -0.04038        1.60839       -3.28199        1.02577        0.94035
0.252000        0.66320        0.67632        1.01980        1.64994        0.95149       -0.04146        1.64134       -3.33162        1.02675        0.93846
0.256099        0.65253        0.66590        1.02051        1.66763        0.95047       -0.04259        1.67534       -3.38173        1.02779        0.93650
0.260265        0.64168        0.65530        1.02123        1.68566        0.94943       -0.04374        1.70993       -3.43261        1.02885        0.93450
0.264498        0.63032        0.64418        1.02200        1.70529        0.94823       -0.04498        1.74615       -3.48362        1.02999        0.93241
0.268800        0.61878        0.63287        1.02278        1.72524        0.94702       -0.04624        1.78296       -3.53545        1.03115        0.93029
0.273172        0.60681        0.62112        1.02360        1.74652        0.94567       -0.04757        1.82122       -3.58752        1.03239        0.92808
0.277615        0.59454        0.60907        1.02445        1.76858        0.94424       -0.04895        1.86047       -3.64018        1.03368        0.92581
0.282131        0.58191        0.59665        1.02534        1.79167        0.94270       -0.05040        1.90097       -3.69323        1.03502        0.92348
0.286720        0.56890        0.58383        1.02627        1.81597        0.94102       -0.05191        1.94289       -3.74659        1.03643        0.92106
0.291383        0.55558        0.57070        1.02722        1.84106        0.93924       -0.05348        1.98589       -3.80048        1.03790        0.91859
0.296123        0.54181        0.55709        1.02822        1.86766        0.93725       -0.05514        2.03070       -3.85438        1.03946        0.91603
0.300939        0.52776        0.54319        1.02926        1.89492        0.93517       -0.05684        2.07652       -3.90891        1.04106        0.91341
0.305834        0.51322        0.52878        1.03035        1.92376        0.93281       -0.05865        2.12445       -3.96316        1.04278        0.91069
0.310808        0.49841        0.51409        1.03146        1.95323        0.93036       -0.06051        2.17342       -4.01805        1.04455        0.90791
0.315864        0.48311        0.49886        1.03265        1.98411        0.92755       -0.06247        2.22473       -4.07241        1.04644        0.90503
0.321001        0.46751        0.48334        1.03386        2.01558        0.92462       -0.06448        2.27720       -4.12731        1.04839        0.90208
0.326222        0.45146        0.46731        1.03515        2.04800        0.92128       -0.06659        2.33212       -4.18147        1.05048        0.89903
0.331528        0.43510        0.45096        1.03648        2.08083        0.91775       -0.06875        2.38847       -4.23589        1.05264        0.89591
0.336921        0.41832        0.43414        1.03787        2.11385        0.91379       -0.07097        2.44720       -4.28950        1.05493        0.89268
0.342401        0.40121        0.41698        1.03932        2.14657        0.90951       -0.07324        2.50774       -4.34284        1.05732        0.88936
0.347970        0.38376        0.39942        1.04083        2.17864        0.90482       -0.07553        2.57045       -4.39544        1.05984        0.88595
0.353630        0.36601        0.38151        1.04242        2.20849        0.89964       -0.07780        2.63538       -4.44692        1.06249        0.88243
0.359381        0.34795        0.36328        1.04406        2.23716        0.89413       -0.08008        2.70212       -4.49801        1.06524        0.87883
0.365227        0.32969        0.34477        1.04580        2.25948        0.88794       -0.08218        2.77143       -4.54668        1.06816        0.87511
0.371167        0.31120        0.32600        1.04760        2.27904        0.88144       -0.08422        2.84231       -4.59492        1.07117        0.87130
0.377204        0.29262        0.30709        1.04949        2.28887        0.87432       -0.08594        2.91537       -4.64044        1.07435        0.86736
0.383340        0.27400        0.28808        1.05147        2.28976        0.86681       -0.08734        2.98987       -4.68421        1.07763        0.86332
0.389575        0.25531        0.26897        1.05352        2.28238        0.85895       -0.08845        3.06581       -4.72642        1.08102        0.85918
0.395911        0.23697        0.25015        1.05569        2.25424        0.85076       -0.08873        3.14247       -4.76456        1.08454        0.85491
0.402351        0.21875        0.23141        1.05795        2.21464        0.84249       -0.08854        3.21965       -4.80102        1.08812        0.85053
0.408895        0.20088        0.21298        1.06030        2.15716        0.83420       -0.08759        3.29681       -4.83451        1.09178        0.84603
0.415546        0.18376        0.19527        1.06277        2.07651        0.82632       -0.08559        3.37237       -4.86409        1.09545        0.84139
0.422304        0.16708        0.17798        1.06533        1.98173        0.81880       -0.08292        3.44688       -4.89148        1.09914        0.83665
0.429173        0.15115        0.16142        1.06801        1.86900        0.81193       -0.07938        3.51917       -4.91580        1.10280        0.83177
0.436154        0.13641        0.14605        1.07081        1.73926        0.80621       -0.07490        3.58707       -4.93643        1.10637        0.82676
0.443248        0.12243        0.13144        1.07371        1.60125        0.80131       -0.06991        3.65197       -4.95498        1.10985        0.82162
0.450457        0.10929        0.11768        1.07671        1.45615        0.79732       -0.06444        3.71340       -4.97138        1.11325        0.81635
0.457784        0.09762        0.10540        1.07985        1.30900        0.79480       -0.05860        3.76836       -4.98487        1.11643        0.81093
0.465230        0.08691        0.09411        1.08309        1.16474        0.79324       -0.05268        3.81881       -4.99675        1.11946        0.80537
0.472797        0.07710        0.08375        1.08644        1.02503        0.79254       -0.04679        3.86494       -5.00726        1.12235        0.79968
0.480487        0.06820        0.07433        1.08990        0.89201        0.79269       -0.04100        3.90660       -5.01654        1.12507        0.79384
0.488302        0.06048        0.06613        1.09348        0.77133        0.79378       -0.03555        3.94230       -5.02452        1.12756        0.78785
0.496244        0.05358        0.05878        1.09717        0.66099        0.79549       -0.03040        3.97374       -5.03175        1.12989        0.78171
0.504316        0.04740        0.05218        1.10096        0.56051        0.79772       -0.02556        4.00136       -5.03842        1.13207        0.77542
0.512519        0.04190        0.04629        1.10487        0.46996        0.80040       -0.02104        4.02533       -5.04462        1.13411        0.76898
0.520855        0.03704        0.04107        1.10888        0.38909        0.80347       -0.01684        4.04587       -5.05047        1.13600        0.76239
0.529327        0.03280        0.03651        1.11301        0.31840        0.80690       -0.01298        4.06290       -5.05603        1.13775        0.75564
0.537936        0.02911        0.03252        1.11725        0.25653        0.81062       -0.00942        4.07688       -5.06141        1.13937        0.74873
0.546686        0.02584        0.02898        1.12160        0.20170        0.81456       -0.00609        4.08841       -5.06670        1.14088        0.74165
0.555578        0.02296        0.02585        1.12607        0.15323        0.81869       -0.00296        4.09768       -5.07193        1.14230        0.73442
0.564614        0.02042        0.02309        1.13064        0.11041        0.82300        0.00000        4.10491       -5.07715        1.14362        0.72702
0.573798        0.01819        0.02065        1.13533        0.07255        0.82746        0.00283        4.11027       -5.08238        1.14486        0.71946
0.583131        0.01623        0.01851        1.14014        0.03897        0.83207        0.00556        4.11396       -5.08764        1.14603        0.71174
0.592615        0.01451        0.01662        1.14507        0.00909        0.83679        0.00821        4.11614       -5.09296        1.14713        0.70384
0.602254        0.01300        0.01496        1.15011       -0.01766        0.84164        0.01082        4.11696       -5.09835        1.14816        0.69578
0.612050        0.01168        0.01349        1.15528       -0.04176        0.84659        0.01342        4.11656       -5.10382        1.14914        0.68756
0.622005        0.01052        0.01221        1.16057       -0.06365        0.85165        0.01602        4.11506       -5.10937        1.15007        0.67916
0.632122        0.00950        0.01108        1.16599       -0.08370        0.85682        0.01864        4.11256       -5.11503        1.15095        0.67060
0.642403        0.00861        0.01008        1.17154       -0.10224        0.86209        0.02131        4.10915       -5.12079        1.15178        0.66187
0.652852        0.00782        0.00921        1.17722       -0.11952        0.86747        0.02402        4.10492       -5.12665        1.15257        0.65297
0.663471        0.00713        0.00844        1.18304       -0.13577        0.87295        0.02679        4.09993       -5.13263        1.15333        0.64391
0.674262        0.00653        0.00776        1.18900       -0.15115        0.87856        0.02962        4.09425       -5.13873        1.15404        0.63468
0.685229        0.00600        0.00717        1.19510       -0.16580        0.88429        0.03251        4.08792       -5.14494        1.15473        0.62529
0.696374        0.00553        0.00665        1.20134       -0.17980        0.89015        0.03544        4.08099       -5.15128        1.15538        0.61574
0.707701        0.00513        0.00619        1.20773       -0.19321        0.89617        0.03839        4.07350       -5.15774        1.15600        0.60602
0.719212        0.00477        0.00580        1.21427       -0.20602        0.90236        0.04135        4.06547       -5.16432        1.15660        0.59615
0.730910        0.00447        0.00546        1.22097       -0.21816        0.90874        0.04428        4.05692       -5.17103        1.15716        0.58612
0.742798        0.00421        0.00517        1.22784       -0.22955        0.91535        0.04713        4.04785       -5.17787        1.15769        0.57594
0.754880        0.00399        0.00493        1.23486       -0.24015        0.92220        0.04987        4.03832       -5.18484        1.15819        0.56562
0.767158        0.00381        0.00473        1.24206       -0.24984        0.92932        0.05244        4.02832       -5.19194        1.15866        0.55514
0.779636        0.00366        0.00457        1.24943       -0.25848        0.93676        0.05478        4.01786       -5.19917        1.15910        0.54453
0.792317        0.00354        0.00445        1.25699       -0.26572        0.94457        0.05680        4.00690       -5.20653        1.15950        0.53379
0.805204        0.00346        0.00437        1.26472       -0.27153        0.95276        0.05846        3.99548       -5.21403        1.15987        0.52291
0.818301        0.00341        0.00434        1.27265       -0.27583        0.96137        0.05972        3.98359       -5.22166        1.16020        0.51191
0.831610        0.00339        0.00434        1.28077       -0.27834        0.97046        0.06049        3.97119       -5.22943        1.16050        0.50079
0.845137        0.00341        0.00439        1.28909       -0.27897        0.98005        0.06072        3.95825       -5.23733        1.16074        0.48956
0.858883        0.00346        0.00449        1.29762       -0.27788        0.99014        0.06043        3.94477       -5.24537        1.16095        0.47822
0.872853        0.00356        0.00465        1.30636       -0.27491        1.00078        0.05957        3.93065       -5.25354        1.16109        0.46680
0.887050        0.00370        0.00487        1.31531       -0.27036        1.01195        0.05818        3.91588       -5.26186        1.16117        0.45528
0.901478        0.00390        0.00516        1.32449       -0.26447        1.02365        0.05632        3.90037       -5.27031        1.16119        0.44368
0.916140        0.00416        0.00555        1.33389       -0.25752        1.03589        0.05402        3.88398       -5.27889        1.16112        0.43201
0.931041        0.00450        0.00604        1.34353       -0.25007        1.04861        0.05142        3.86664       -5.28761        1.16095        0.42028
0.946185        0.00494        0.00669        1.35340       -0.24266        1.06181        0.04860        3.84805       -5.29647        1.16066        0.40851
0.961575        0.00550        0.00750        1.36351       -0.23597        1.07544        0.04572        3.82808       -5.30546        1.16022        0.39668
0.977215        0.00622        0.00855        1.37387       -0.23097        1.08946        0.04292        3.80626       -5.31456        1.15959        0.38484
0.993109        0.00716        0.00991        1.38447       -0.22866        1.10384        0.04041        3.78217       -5.32377        1.15872        0.37297
1.009262        0.00837        0.01168        1.39532       -0.23028        1.11852        0.03837        3.75518       -5.33306        1.15753        0.36110
1.025678        0.00999        0.01405        1.40641       -0.23816        1.13346        0.03713        3.72400       -5.34238        1.15588        0.34924
1.042361        0.01212        0.01719        1.41773       -0.25412        1.14862        0.03695        3.68756       -5.35166        1.15365        0.33740
1.059315        0.01500        0.02145        1.42928       -0.28176        1.16392        0.03829        3.64364       -5.36077        1.15058        0.32558
1.076545        0.01902        0.02742        1.44102       -0.32723        1.17926        0.04191        3.58836       -5.36945        1.14622        0.31383
1.094055        0.02461        0.03576        1.45291       -0.39699        1.19451        0.04861        3.51741       -5.37729        1.14006        0.30212
1.111850        0.03248        0.04758        1.46489       -0.50181        1.20938        0.05971        3.42343       -5.38346        1.13123        0.29049
1.129934        0.04375        0.06461        1.47685       -0.65759        1.22339        0.07719        3.29478       -5.38633        1.11832        0.27894
1.148312        0.06032        0.08981        1.48860       -0.88914        1.23541        0.10422        3.11071       -5.38211        1.09879        0.26751
1.166990        0.08424        0.12637        1.49986       -1.21514        1.24371        0.14335        2.84650       -5.36395        1.06956        0.25619
1.185971        0.11788        0.17805        1.51022       -1.64078        1.24569        0.19572        2.46739       -5.31871        1.02618        0.24500
1.205261        0.16232        0.24660        1.51906       -2.12607        1.23914        0.25708        1.93691       -5.22528        0.96377        0.23396
1.224865        0.21453        0.32731        1.52560       -2.57420        1.22519        0.31592        1.23288       -5.05889        0.87896        0.22308
1.244787        0.26513        0.40538        1.52899       -2.87999        1.21000        0.35897        0.36311       -4.80543        0.77192        0.21237
1.265034        0.29962        0.45795        1.52844       -2.98939        1.20145        0.37854       -0.63509       -4.47725        0.64656        0.20184
1.285610        0.30348        0.46233        1.52341       -2.87913        1.20465        0.37047       -1.70397       -4.11788        0.50964        0.19153
1.306520        0.26923        0.40757        1.51369       -2.50498        1.21900        0.32761       -2.75992       -3.79319        0.37165        0.18142
1.327771        0.20531        0.30793        1.49959       -1.85986        1.23452        0.24737       -3.68349       -3.56441        0.24836        0.17154
1.349367        0.13628        0.20199        1.48204       -1.13575        1.23640        0.15395       -4.36396       -3.44411        0.15519        0.16190
1.371315        0.08375        0.12248        1.46219       -0.60093        1.22166        0.08356       -4.78284       -3.39335        0.09576        0.15252
1.393619        0.05085        0.07331        1.44113       -0.29800        1.19836        0.04344       -5.01856       -3.36963        0.06047        0.14340
1.416287        0.03154        0.04479        1.41952       -0.13902        1.17210        0.02278       -5.15073       -3.35413        0.03906        0.13455
1.439323        0.02035        0.02845        1.39771       -0.05307        1.14491        0.01241       -5.22690       -3.34101        0.02522        0.12598
1.462733        0.01392        0.01916        1.37590       -0.00181        1.11751        0.00726       -5.27214       -3.32858        0.01561        0.11771
1.486525        0.01007        0.01363        1.35419        0.03476        1.09022        0.00450       -5.30135       -3.31629        0.00817        0.10974
1.510703        0.00769        0.01026        1.33262        0.06414        1.06319        0.00292       -5.32153       -3.30401        0.00196        0.10206
1.535275        0.00627        0.00822        1.31126        0.08820        1.03667        0.00195       -5.33610       -3.29170       -0.00351        0.09471
1.560246        0.00541        0.00697        1.29009        0.10685        1.01077        0.00128       -5.34739       -3.27933       -0.00858        0.08765
1.585624        0.00497        0.00631        1.26917        0.11827        0.98573        0.00077       -5.35623       -3.26692       -0.01334        0.08094
1.611414        0.00485        0.00605        1.24847        0.12193        0.96155        0.00037       -5.36331       -3.25445       -0.01791        0.07453
1.637624        0.00503        0.00618        1.22802        0.11750        0.93833        0.00004       -5.36869       -3.24193       -0.02228        0.06844
1.664260        0.00555        0.00670        1.20783        0.10645        0.91595       -0.00023       -5.37225       -3.22936       -0.02642        0.06268
1.691330        0.00650        0.00772        1.18789        0.09112        0.89428       -0.00046       -5.37357       -3.21676       -0.03026        0.05724
1.718839        0.00807        0.00943        1.16821        0.07416        0.87320       -0.00071       -5.37162       -3.20414       -0.03360        0.05211
1.746796        0.01064        0.01222        1.14881        0.05827        0.85257       -0.00103       -5.36463       -3.19153       -0.03612        0.04730
1.775208        0.01484        0.01676        1.12970        0.04552        0.83229       -0.00152       -5.34947       -3.17893       -0.03723        0.04280
1.804082        0.02188        0.02431        1.11092        0.03746        0.81234       -0.00230       -5.32028       -3.16640       -0.03583        0.03860
1.833425        0.03402        0.03716        1.09252        0.03541        0.79279       -0.00362       -5.26607       -3.15402       -0.02982        0.03469
1.863246        0.05547        0.05960        1.07461        0.04091        0.77376       -0.00586       -5.16569       -3.14200       -0.01512        0.03107
1.893552        0.09392        0.09929        1.05739        0.05643        0.75549       -0.00965       -4.97843       -3.13082        0.01626        0.02773
1.924351        0.16173        0.16837        1.04125        0.08533        0.73841       -0.01582       -4.62817       -3.12170        0.07951        0.02465
1.955651        0.27240        0.27967        1.02685        0.12920        0.72327       -0.02491       -3.98706       -3.11751        0.20063        0.02183
1.987460        0.41972        0.42613        1.01535        0.17873        0.71125       -0.03529       -2.89511       -3.12349        0.41331        0.01926
2.019786        0.54008        0.54455        1.00828        0.20424        0.70382       -0.04107       -1.29357       -3.14360        0.73257        0.01692
2.052638        0.53191        0.53569        1.00711        0.17599        0.70241       -0.03593        0.55978       -3.17144        1.10970        0.01480
2.086024        0.39914        0.40386        1.01189        0.11343        0.70717       -0.02341        2.16502       -3.19413        1.44289        0.01289
2.119953        0.24370        0.24893        1.02146        0.05749        0.71704       -0.01177        3.24652       -3.20926        1.67242        0.01117
2.154435        0.13340        0.13797        1.03443        0.02380        0.73058       -0.00436        3.84464       -3.22119        1.80322        0.00964
2.189477        0.06957        0.07301        1.04953        0.00504        0.74639        0.00035        4.14951       -3.23289        1.87285        0.00828
2.225089        0.03649        0.03890        1.06614       -0.00792        0.76373        0.00454        4.29134       -3.24510        1.90787        0.00708
2.261280        0.01948        0.02112        1.08388       -0.02220        0.78208        0.01020        4.35371       -3.25788        1.92573        0.00602
2.298060        0.01083        0.01194        1.10260       -0.04333        0.80103        0.01929        4.37563       -3.27118        1.93471        0.00509
2.335438        0.00630        0.00707        1.12223       -0.07651        0.82024        0.03393        4.37756       -3.28496        1.93922        0.00428
2.373424        0.00385        0.00440        1.14275       -0.12678        0.83933        0.05633        4.37049       -3.29921        1.94168        0.00000
2.412028        0.00248        0.00289        1.16418       -0.19873        0.85801        0.08862        4.35641       -3.31393        1.94250        0.00000
2.451260        0.00168        0.00200        1.18656       -0.29581        0.87603        0.13243        4.33905       -3.32914        1.94252        0.00000
2.491130        0.00120        0.00145        1.20994       -0.41963        0.89331        0.18866        4.31962       -3.34486        1.94201        0.00000
2.531648        0.00089        0.00110        1.23438       -0.57031        0.90986        0.25753        4.29872       -3.36109        1.94110        0.00000
2.572826        0.00069        0.00087        1.25996       -0.74626        0.92585        0.33849        4.27670       -3.37786        1.93987        0.00000
2.614673        0.00059        0.00075        1.28561       -0.88718        0.94451        0.40424        4.25855       -3.39414        1.94033        0.00000
2.657201        0.00046        0.00060        1.31394       -1.14103        0.95705        0.52232        4.23568       -3.41193        1.93893        0.00000
2.700421        0.00038        0.00051        1.34401       -1.39671        0.97140        0.64242        4.21100       -3.43045        1.93685        0.00000
2.744343        0.00032        0.00044        1.37564       -1.67059        0.98603        0.77214        4.18546       -3.44957        1.93448        0.00000
2.788980        0.00028        0.00039        1.40893       -1.96525        1.00081        0.91282        4.15908       -3.46933        1.93181        0.00000
2.834343        0.00024        0.00035        1.44401       -2.28190        1.01578        1.06525        4.13182       -3.48977        1.92882        0.00000
2.880444        0.00021        0.00031        1.48100       -2.62086        1.03101        1.22975        4.10367       -3.51090        1.92550        0.00000
2.927295        0.00019        0.00029        1.52004       -2.98314        1.04656        1.40703        4.07459       -3.53275        1.92182        0.00000
2.974908        0.00017        0.00026        1.56130       -3.36966        1.06249        1.59777        4.04453       -3.55537        1.91775        0.00000
3.023295        0.00015        0.00024        1.60494       -3.78154        1.07886        1.80273        4.01345       -3.57879        1.91328        0.00000
3.072469        0.00014        0.00023        1.65115       -4.22018        1.09574        2.02288        3.98130       -3.60304        1.90836        0.00000
3.122443        0.00013        0.00021        1.70014       -4.68717        1.11317        2.25927        3.94803       -3.62816        1.90298        0.00000
3.173230        0.00012        0.00020        1.75213       -5.18432        1.13120        2.51311        3.91356       -3.65420        1.89709        0.00000
3.224842        0.00011        0.00019        1.80739       -5.71363        1.14988        2.78574        3.87782       -3.68119        1.89066        0.00000
3.277295        0.00010        0.00018        1.86616       -6.27729        1.16927        3.07862        3.84075       -3.70919        1.88364        0.00000
3.330600        0.00009        0.00018        1.92878       -6.87788        1.18940        3.39347        3.80226       -3.73824        1.87599        0.00000
3.384773        0.00008        0.00017        1.99558       -7.51817        1.21031        3.73217        3.76226       -3.76840        1.86765        0.00000
3.439826        0.00008        0.00016        2.06691       -8.20091        1.23204        4.09660        3.72065       -3.79972        1.85857        0.00000
3.495776        0.00007        0.00016        2.14322       -8.92970        1.25462        4.48923        3.67731       -3.83226        1.84869        0.00000
3.552635        0.00007        0.00015        2.22494       -9.70780        1.27807        4.91236        3.63213       -3.86608        1.83793        0.00000
3.610419        0.00006        0.00015        2.31258      -10.53902        1.30241        5.36870        3.58497       -3.90125        1.82622        0.00000
3.669142        0.00006        0.00014        2.40671      -11.42749        1.32763        5.86125        3.53570       -3.93783        1.81349        0.00000
3.728821        0.00006        0.00014        2.50798      -12.37760        1.35371        6.39326        3.48412       -3.97590        1.79962        0.00000
3.789471        0.00005        0.00014        2.61705      -13.39373        1.38060        6.96813        3.43008       -4.01554        1.78451        0.00000
3.851107        0.00005        0.00014        2.73473      -14.48055        1.40823        7.58961        3.37336       -4.05681        1.76805        0.00000
3.913746        0.00005        0.00013        2.86184      -15.64255        1.43647        8.26147        3.31373       -4.09980        1.75011        0.00000
3.977403        0.00004        0.00013        2.99932      -16.88394        1.46515        8.98761        3.25094       -4.14460        1.73053        0.00000
4.042096        0.00004        0.00013        3.14825      -18.20884        1.49399        9.77223        3.18468       -4.19129        1.70913        0.00000
4.107841        0.00004        0.00013        3.30971      -19.61993        1.52266       10.61893        3.11464       -4.23997        1.68574        0.00000
4.174655        0.00004        0.00013        3.48500      -21.11890        1.55066       11.53127        3.04042       -4.29072        1.66011        0.00000
4.242556        0.00003        0.00013        3.67539      -22.70444        1.57736       12.51145        2.96158       -4.34364        1.63200        0.00000
4.311562        0.00003        0.00013        3.88229      -24.37196        1.60191       13.56046        2.87762       -4.39884        1.60109        0.00000
4.381690        0.00003        0.00013        4.10715      -26.11132        1.62316       14.67675        2.78792       -4.45641        1.56704        0.00000
4.452959        0.00003        0.00013        4.35141      -27.90442        1.63967       15.85491        2.69175       -4.51644        1.52941        0.00000
4.525386        0.00003        0.00013        4.61637      -29.72165        1.64955       17.08373        2.58826       -4.57905        1.48770        0.00000
4.598992        0.00003        0.00013        4.90309      -31.51727        1.65042       18.34355        2.47637       -4.64433        1.44128        0.00000
4.673795        0.00002        0.00013        5.21232      -33.22150        1.63920       19.60205        2.35470       -4.71237        1.38936        0.00000
4.749815        0.00002        0.00013        5.54377      -34.73453        1.61230       20.80956        2.22162       -4.78322        1.33098        0.00000
4.827071        0.00002        0.00013        5.89614      -35.91014        1.56531       21.89054        2.07492       -4.85688        1.26485        0.00000
4.905584        0.00002        0.00013        6.26609      -36.54693        1.49351       22.73630        1.91184       -4.93322        1.18937        0.00000
4.985373        0.00002        0.00013        6.64752      -36.37258        1.39242       23.19460        1.72889       -5.01180        1.10249        0.00000
5.066461        0.00002        0.00013        7.03046      -35.03740        1.25920       23.06265        1.52175       -5.09164        1.00165        0.00000
5.148867        0.00002        0.00013        7.39983      -32.13191        1.09532       22.09208        1.28556       -5.17072        0.88388        0.00000
5.232614        0.00002        0.00013        7.73444      -27.24316        0.91059       20.01447        1.01567       -5.24532        0.74616        0.00000
5.317723        0.00002        0.00014        8.00802      -20.13146        0.72744       16.63634        0.70999       -5.30948        0.58672        0.00000
5.404216        0.00002        0.00014        8.19124      -10.92908        0.58096       11.95295        0.37171       -5.35508        0.40651        0.00000
