x               rho            P              T              ur             uphi           uz             Br             Bphi           Bz             m
0.010000        0.99984        0.99985        1.00001        0.91946        0.97012       -0.00091        0.02717       -0.04108        1.00002        0.99990
0.010163        0.99983        0.99985        1.00001        0.91946        0.97012       -0.00092        0.02761       -0.04175        1.00002        0.99990
0.010328        0.99982        0.99984        1.00001        0.91947        0.97011       -0.00094        0.02806       -0.04243        1.00002        0.99989
0.010496        0.99981        0.99983        1.00002        0.91947        0.97011       -0.00095        0.02851       -0.04312        1.00002        0.99989
0.010667        0.99980        0.99982        1.00002        0.91948        0.97011       -0.00097        0.02898       -0.04382        1.00002        0.99988
0.010840        0.99979        0.99981        1.00002        0.91948        0.97011       -0.00099        0.02945       -0.04453        1.00002        0.99988
0.011016        0.99978        0.99980        1.00002        0.91948        0.97011       -0.00100        0.02993       -0.04526        1.00002        0.99987
0.011196        0.99977        0.99979        1.00002        0.91949        0.97011       -0.00102        0.03042       -0.04599        1.00002        0.99986
0.011378        0.99976        0.99978        1.00002        0.91949        0.97011       -0.00103        0.03091       -0.04674        1.00002        0.99986
0.011563        0.99975        0.99977        1.00002        0.91950        0.97011       -0.00105        0.03141       -0.04750        1.00002        0.99985
0.011751        0.99974        0.99976        1.00002        0.91950        0.97011       -0.00107        0.03193       -0.04827        1.00003        0.99985
0.011942        0.99973        0.99975        1.00002        0.91951        0.97011       -0.00109        0.03244       -0.04906        1.00003        0.99984
0.012136        0.99972        0.99974        1.00002        0.91951        0.97011       -0.00110        0.03297       -0.04986        1.00003        0.99984
0.012334        0.99971        0.99973        1.00002        0.91952        0.97011       -0.00112        0.03351       -0.05067        1.00003        0.99983
0.012534        0.99970        0.99972        1.00002        0.91952        0.97011       -0.00114        0.03405       -0.05149        1.00003        0.99982
0.012738        0.99968        0.99971        1.00002        0.91953        0.97011       -0.00116        0.03461       -0.05233        1.00003        0.99982
0.012945        0.99967        0.99970        1.00003        0.91953        0.97011       -0.00118        0.03517       -0.05318        1.00003        0.99981
0.013156        0.99966        0.99969        1.00003        0.91954        0.97011       -0.00120        0.03574       -0.05405        1.00003        0.99981
0.013370        0.99965        0.99967        1.00003        0.91954        0.97011       -0.00122        0.03632       -0.05492        1.00003        0.99980
0.013587        0.99963        0.99966        1.00003        0.91955        0.97011       -0.00124        0.03692       -0.05582        1.00003        0.99979
0.013808        0.99962        0.99965        1.00003        0.91955        0.97011       -0.00126        0.03752       -0.05673        1.00004        0.99979
0.014033        0.99961        0.99964        1.00003        0.91956        0.97011       -0.00128        0.03813       -0.05765        1.00004        0.99978
0.014261        0.99960        0.99963        1.00003        0.91956        0.97011       -0.00130        0.03875       -0.05859        1.00004        0.99977
0.014493        0.99958        0.99961        1.00003        0.91957        0.97011       -0.00132        0.03938       -0.05954        1.00004        0.99977
0.014729        0.99957        0.99960        1.00003        0.91957        0.97011       -0.00134        0.04002       -0.06051        1.00004        0.99976
0.014968        0.99955        0.99959        1.00003        0.91958        0.97011       -0.00136        0.04067       -0.06149        1.00004        0.99975
0.015212        0.99954        0.99957        1.00003        0.91959        0.97011       -0.00138        0.04133       -0.06249        1.00004        0.99974
0.015459        0.99953        0.99956        1.00004        0.91959        0.97010       -0.00141        0.04200       -0.06351        1.00004        0.99974
0.015711        0.99951        0.99955        1.00004        0.91960        0.97010       -0.00143        0.04269       -0.06454        1.00005        0.99973
0.015966        0.99950        0.99953        1.00004        0.91960        0.97010       -0.00145        0.04338       -0.06559        1.00005        0.99972
0.016226        0.99948        0.99952        1.00004        0.91961        0.97010       -0.00148        0.04409       -0.06666        1.00005        0.99971
0.016490        0.99947        0.99951        1.00004        0.91962        0.97010       -0.00150        0.04480       -0.06774        1.00005        0.99971
0.016758        0.99945        0.99949        1.00004        0.91962        0.97010       -0.00152        0.04553       -0.06884        1.00005        0.99970
0.017031        0.99943        0.99948        1.00004        0.91963        0.97010       -0.00155        0.04627       -0.06996        1.00005        0.99969
0.017308        0.99942        0.99946        1.00004        0.91964        0.97010       -0.00157        0.04703       -0.07110        1.00005        0.99968
0.017589        0.99940        0.99945        1.00004        0.91964        0.97010       -0.00160        0.04779       -0.07226        1.00006        0.99967
0.017875        0.99939        0.99943        1.00005        0.91965        0.97010       -0.00163        0.04857       -0.07343        1.00006        0.99966
0.018166        0.99937        0.99942        1.00005        0.91966        0.97010       -0.00165        0.04936       -0.07462        1.00006        0.99965
0.018461        0.99935        0.99940        1.00005        0.91966        0.97010       -0.00168        0.05016       -0.07584        1.00006        0.99965
0.018762        0.99933        0.99938        1.00005        0.91967        0.97010       -0.00171        0.05098       -0.07707        1.00006        0.99964
0.019067        0.99932        0.99937        1.00005        0.91968        0.97010       -0.00173        0.05181       -0.07833        1.00006        0.99963
0.019377        0.99930        0.99935        1.00005        0.91969        0.97010       -0.00176        0.05265       -0.07960        1.00006        0.99962
0.019692        0.99928        0.99933        1.00005        0.91969        0.97010       -0.00179        0.05351       -0.08089        1.00007        0.99961
0.020012        0.99926        0.99932        1.00005        0.91970        0.97010       -0.00182        0.05438       -0.08221        1.00007        0.99960
0.020338        0.99923        0.99929        1.00006        0.91971        0.97009       -0.00185        0.05526       -0.08355        1.00007        0.99958
0.020669        0.99920        0.99926        1.00006        0.91973        0.97009       -0.00188        0.05616       -0.08490        1.00007        0.99957
0.021005        0.99917        0.99923        1.00006        0.91974        0.97009       -0.00191        0.05708       -0.08628        1.00008        0.99955
0.021347        0.99914        0.99920        1.00006        0.91975        0.97009       -0.00194        0.05801       -0.08769        1.00008        0.99953
0.021694        0.99910        0.99917        1.00007        0.91977        0.97009       -0.00197        0.05895       -0.08911        1.00008        0.99952
0.022047        0.99907        0.99914        1.00007        0.91978        0.97009       -0.00200        0.05991       -0.09056        1.00008        0.99950
0.022405        0.99903        0.99910        1.00007        0.91979        0.97009       -0.00204        0.06089       -0.09203        1.00009        0.99948
0.022770        0.99900        0.99907        1.00007        0.91981        0.97009       -0.00207        0.06188       -0.09353        1.00009        0.99946
0.023140        0.99896        0.99904        1.00008        0.91982        0.97009       -0.00210        0.06288       -0.09505        1.00009        0.99944
0.023516        0.99893        0.99901        1.00008        0.91984        0.97008       -0.00214        0.06391       -0.09660        1.00010        0.99942
0.023899        0.99889        0.99897        1.00008        0.91985        0.97008       -0.00217        0.06495       -0.09817        1.00010        0.99941
0.024288        0.99885        0.99894        1.00008        0.91987        0.97008       -0.00221        0.06600       -0.09976        1.00010        0.99939
0.024683        0.99881        0.99890        1.00009        0.91989        0.97008       -0.00224        0.06708       -0.10139        1.00011        0.99937
0.025084        0.99878        0.99886        1.00009        0.91990        0.97008       -0.00228        0.06817       -0.10303        1.00011        0.99935
0.025492        0.99874        0.99883        1.00009        0.91992        0.97008       -0.00232        0.06928       -0.10471        1.00011        0.99933
0.025907        0.99870        0.99879        1.00009        0.91993        0.97008       -0.00236        0.07041       -0.10641        1.00012        0.99930
0.026328        0.99866        0.99875        1.00010        0.91995        0.97008       -0.00239        0.07155       -0.10814        1.00012        0.99928
0.026756        0.99861        0.99871        1.00010        0.91997        0.97007       -0.00243        0.07272       -0.10990        1.00012        0.99926
0.027192        0.99857        0.99868        1.00010        0.91999        0.97007       -0.00247        0.07390       -0.11169        1.00013        0.99924
0.027634        0.99853        0.99864        1.00011        0.92000        0.97007       -0.00251        0.07511       -0.11350        1.00013        0.99922
0.028083        0.99849        0.99860        1.00011        0.92002        0.97007       -0.00255        0.07633       -0.11535        1.00014        0.99920
0.028540        0.99844        0.99855        1.00011        0.92004        0.97007       -0.00260        0.07757       -0.11722        1.00014        0.99917
0.029004        0.99840        0.99851        1.00012        0.92006        0.97007       -0.00264        0.07883       -0.11913        1.00014        0.99915
0.029476        0.99835        0.99847        1.00012        0.92008        0.97006       -0.00268        0.08012       -0.12107        1.00015        0.99913
0.029955        0.99831        0.99843        1.00012        0.92010        0.97006       -0.00272        0.08142       -0.12304        1.00015        0.99910
0.030443        0.99825        0.99837        1.00013        0.92012        0.97006       -0.00277        0.08275       -0.12504        1.00016        0.99907
0.030938        0.99818        0.99831        1.00013        0.92015        0.97006       -0.00281        0.08409       -0.12707        1.00016        0.99904
0.031441        0.99811        0.99825        1.00014        0.92018        0.97006       -0.00286        0.08546       -0.12913        1.00017        0.99900
0.031952        0.99804        0.99818        1.00014        0.92020        0.97005       -0.00291        0.08686       -0.13123        1.00018        0.99896
0.032472        0.99797        0.99812        1.00015        0.92023        0.97005       -0.00295        0.08827       -0.13336        1.00018        0.99893
0.033000        0.99790        0.99805        1.00015        0.92026        0.97005       -0.00300        0.08971       -0.13553        1.00019        0.99889
0.033537        0.99783        0.99798        1.00016        0.92029        0.97005       -0.00305        0.09117       -0.13773        1.00019        0.99885
0.034083        0.99776        0.99792        1.00016        0.92032        0.97004       -0.00310        0.09266       -0.13997        1.00020        0.99882
0.034637        0.99768        0.99785        1.00017        0.92035        0.97004       -0.00315        0.09416       -0.14225        1.00021        0.99878
0.035200        0.99760        0.99778        1.00017        0.92038        0.97004       -0.00320        0.09570       -0.14456        1.00021        0.99874
0.035773        0.99753        0.99770        1.00018        0.92042        0.97004       -0.00325        0.09726       -0.14691        1.00022        0.99870
0.036355        0.99745        0.99763        1.00018        0.92045        0.97003       -0.00331        0.09884       -0.14930        1.00023        0.99866
0.036946        0.99737        0.99756        1.00019        0.92048        0.97003       -0.00336        0.10045       -0.15172        1.00023        0.99861
0.037547        0.99729        0.99748        1.00019        0.92052        0.97003       -0.00342        0.10209       -0.15419        1.00024        0.99857
0.038158        0.99721        0.99741        1.00020        0.92055        0.97003       -0.00347        0.10375       -0.15670        1.00025        0.99853
0.038778        0.99712        0.99733        1.00021        0.92058        0.97002       -0.00353        0.10544       -0.15924        1.00026        0.99849
0.039409        0.99704        0.99725        1.00021        0.92062        0.97002       -0.00359        0.10716       -0.16183        1.00026        0.99844
0.040050        0.99695        0.99717        1.00022        0.92065        0.97002       -0.00364        0.10890       -0.16446        1.00027        0.99840
0.040701        0.99684        0.99707        1.00023        0.92070        0.97001       -0.00370        0.11068       -0.16713        1.00028        0.99834
0.041363        0.99673        0.99696        1.00023        0.92075        0.97001       -0.00376        0.11248       -0.16985        1.00029        0.99828
0.042036        0.99661        0.99685        1.00024        0.92080        0.97001       -0.00383        0.11432       -0.17261        1.00030        0.99822
0.042720        0.99649        0.99674        1.00025        0.92084        0.97000       -0.00389        0.11618       -0.17541        1.00031        0.99816
0.043415        0.99637        0.99663        1.00026        0.92089        0.97000       -0.00395        0.11808       -0.17826        1.00032        0.99809
0.044121        0.99625        0.99652        1.00027        0.92094        0.96999       -0.00402        0.12000       -0.18116        1.00033        0.99803
0.044839        0.99612        0.99640        1.00028        0.92100        0.96999       -0.00408        0.12196       -0.18410        1.00034        0.99797
0.045568        0.99600        0.99628        1.00029        0.92105        0.96998       -0.00415        0.12395       -0.18709        1.00036        0.99790
0.046309        0.99587        0.99616        1.00029        0.92110        0.96998       -0.00422        0.12597       -0.19013        1.00037        0.99783
0.047062        0.99574        0.99604        1.00030        0.92115        0.96998       -0.00429        0.12802       -0.19322        1.00038        0.99777
0.047828        0.99561        0.99592        1.00031        0.92121        0.96997       -0.00436        0.13011       -0.19636        1.00039        0.99770
0.048606        0.99547        0.99579        1.00032        0.92126        0.96997       -0.00443        0.13223       -0.19955        1.00040        0.99763
0.049396        0.99534        0.99567        1.00033        0.92132        0.96996       -0.00450        0.13439       -0.20279        1.00041        0.99756
0.050200        0.99519        0.99553        1.00034        0.92138        0.96996       -0.00457        0.13658       -0.20609        1.00043        0.99748
0.051016        0.99502        0.99537        1.00035        0.92145        0.96995       -0.00465        0.13881       -0.20943        1.00044        0.99739
0.051846        0.99484        0.99521        1.00037        0.92152        0.96994       -0.00472        0.14107       -0.21283        1.00046        0.99730
0.052689        0.99467        0.99504        1.00038        0.92160        0.96994       -0.00480        0.14338       -0.21629        1.00047        0.99721
0.053546        0.99449        0.99488        1.00039        0.92167        0.96993       -0.00488        0.14572       -0.21980        1.00049        0.99711
0.054417        0.99430        0.99471        1.00041        0.92175        0.96993       -0.00496        0.14810       -0.22337        1.00051        0.99702
0.055302        0.99411        0.99453        1.00042        0.92182        0.96992       -0.00504        0.15052       -0.22699        1.00052        0.99692
0.056202        0.99392        0.99435        1.00043        0.92190        0.96991       -0.00512        0.15297       -0.23068        1.00054        0.99682
0.057116        0.99373        0.99418        1.00045        0.92198        0.96991       -0.00521        0.15547       -0.23442        1.00056        0.99672
0.058045        0.99354        0.99399        1.00046        0.92206        0.96990       -0.00529        0.15801       -0.23823        1.00057        0.99662
0.058989        0.99334        0.99381        1.00047        0.92214        0.96989       -0.00538        0.16059       -0.24210        1.00059        0.99652
0.059948        0.99313        0.99362        1.00049        0.92223        0.96989       -0.00546        0.16321       -0.24603        1.00061        0.99641
0.060923        0.99290        0.99340        1.00051        0.92232        0.96988       -0.00555        0.16588       -0.25002        1.00063        0.99629
0.061914        0.99265        0.99317        1.00052        0.92242        0.96987       -0.00565        0.16859       -0.25408        1.00065        0.99616
0.062921        0.99240        0.99293        1.00054        0.92253        0.96986       -0.00574        0.17135       -0.25820        1.00067        0.99603
0.063945        0.99214        0.99270        1.00056        0.92263        0.96985       -0.00583        0.17415       -0.26239        1.00070        0.99590
0.064985        0.99188        0.99246        1.00058        0.92274        0.96984       -0.00593        0.17699       -0.26664        1.00072        0.99576
0.066042        0.99162        0.99221        1.00060        0.92285        0.96983       -0.00602        0.17989       -0.27097        1.00074        0.99562
0.067116        0.99135        0.99196        1.00062        0.92296        0.96982       -0.00612        0.18283       -0.27536        1.00077        0.99548
0.068208        0.99108        0.99171        1.00064        0.92307        0.96981       -0.00622        0.18582       -0.27983        1.00079        0.99534
0.069317        0.99080        0.99145        1.00066        0.92318        0.96981       -0.00633        0.18885       -0.28437        1.00082        0.99520
0.070445        0.99051        0.99118        1.00068        0.92330        0.96979       -0.00643        0.19194       -0.28899        1.00084        0.99505
0.071590        0.99018        0.99087        1.00070        0.92344        0.96978       -0.00653        0.19509       -0.29367        1.00087        0.99488
0.072755        0.98984        0.99056        1.00072        0.92357        0.96977       -0.00664        0.19828       -0.29843        1.00090        0.99470
0.073938        0.98950        0.99024        1.00075        0.92371        0.96976       -0.00675        0.20153       -0.30327        1.00093        0.99452
0.075141        0.98916        0.98992        1.00077        0.92385        0.96975       -0.00686        0.20483       -0.30818        1.00096        0.99435
0.076363        0.98881        0.98960        1.00080        0.92400        0.96974       -0.00697        0.20819       -0.31318        1.00099        0.99416
0.077605        0.98845        0.98926        1.00082        0.92414        0.96972       -0.00709        0.21159       -0.31825        1.00103        0.99398
0.078867        0.98809        0.98893        1.00085        0.92429        0.96971       -0.00721        0.21506       -0.32341        1.00106        0.99379
0.080150        0.98772        0.98858        1.00088        0.92444        0.96970       -0.00732        0.21858       -0.32866        1.00109        0.99360
0.081454        0.98729        0.98819        1.00091        0.92462        0.96968       -0.00744        0.22217       -0.33398        1.00113        0.99338
0.082779        0.98686        0.98779        1.00094        0.92479        0.96967       -0.00757        0.22581       -0.33938        1.00117        0.99315
0.084125        0.98642        0.98738        1.00097        0.92497        0.96965       -0.00769        0.22952       -0.34488        1.00121        0.99292
0.085493        0.98598        0.98696        1.00100        0.92515        0.96964       -0.00782        0.23329       -0.35046        1.00125        0.99269
0.086884        0.98553        0.98654        1.00103        0.92533        0.96962       -0.00795        0.23711       -0.35614        1.00129        0.99246
0.088297        0.98507        0.98612        1.00106        0.92552        0.96961       -0.00808        0.24100       -0.36191        1.00133        0.99222
0.089733        0.98460        0.98568        1.00110        0.92571        0.96959       -0.00821        0.24496       -0.36777        1.00137        0.99198
0.091193        0.98408        0.98520        1.00113        0.92592        0.96957       -0.00835        0.24898       -0.37372        1.00142        0.99171
0.092676        0.98355        0.98470        1.00117        0.92614        0.96955       -0.00848        0.25308       -0.37976        1.00146        0.99143
0.094183        0.98300        0.98419        1.00121        0.92636        0.96953       -0.00862        0.25724       -0.38590        1.00151        0.99115
0.095715        0.98244        0.98367        1.00125        0.92659        0.96951       -0.00877        0.26147       -0.39215        1.00156        0.99086
0.097272        0.98188        0.98315        1.00129        0.92682        0.96949       -0.00891        0.26577       -0.39849        1.00161        0.99056
0.098854        0.98130        0.98261        1.00133        0.92705        0.96947       -0.00906        0.27014       -0.40494        1.00167        0.99026
0.100462        0.98071        0.98206        1.00138        0.92729        0.96945       -0.00921        0.27458       -0.41149        1.00172        0.98995
0.102096        0.98005        0.98145        1.00142        0.92755        0.96943       -0.00936        0.27911       -0.41813        1.00178        0.98962
0.103757        0.97939        0.98083        1.00147        0.92782        0.96941       -0.00952        0.28371       -0.42488        1.00184        0.98927
0.105444        0.97871        0.98020        1.00152        0.92809        0.96938       -0.00967        0.28839       -0.43175        1.00190        0.98892
0.107159        0.97802        0.97956        1.00157        0.92837        0.96936       -0.00983        0.29314       -0.43872        1.00196        0.98856
0.108902        0.97733        0.97891        1.00162        0.92865        0.96933       -0.01000        0.29797       -0.44581        1.00202        0.98820
0.110674        0.97659        0.97823        1.00167        0.92895        0.96931       -0.01016        0.30289       -0.45301        1.00209        0.98782
0.112474        0.97581        0.97749        1.00173        0.92926        0.96928       -0.01033        0.30790       -0.46032        1.00216        0.98741
0.114303        0.97501        0.97675        1.00179        0.92958        0.96925       -0.01050        0.31299       -0.46774        1.00223        0.98700
0.116162        0.97419        0.97599        1.00185        0.92991        0.96922       -0.01068        0.31816       -0.47528        1.00231        0.98657
0.118052        0.97336        0.97522        1.00191        0.93024        0.96919       -0.01085        0.32342       -0.48295        1.00238        0.98614
0.119972        0.97252        0.97444        1.00197        0.93058        0.96916       -0.01103        0.32876       -0.49075        1.00246        0.98571
0.121923        0.97160        0.97358        1.00203        0.93095        0.96913       -0.01122        0.33421       -0.49865        1.00254        0.98523
0.123906        0.97066        0.97270        1.00210        0.93132        0.96909       -0.01141        0.33975       -0.50668        1.00263        0.98474
0.125922        0.96970        0.97181        1.00217        0.93170        0.96906       -0.01160        0.34538       -0.51484        1.00272        0.98425
0.127970        0.96873        0.97090        1.00224        0.93209        0.96903       -0.01179        0.35110       -0.52313        1.00281        0.98374
0.130051        0.96774        0.96998        1.00231        0.93249        0.96899       -0.01199        0.35692       -0.53156        1.00290        0.98323
0.132166        0.96666        0.96897        1.00239        0.93291        0.96895       -0.01219        0.36286       -0.54010        1.00300        0.98267
0.134316        0.96556        0.96795        1.00247        0.93335        0.96891       -0.01239        0.36889       -0.54878        1.00310        0.98210
0.136501        0.96444        0.96690        1.00255        0.93379        0.96887       -0.01260        0.37502       -0.55760        1.00320        0.98152
0.138721        0.96330        0.96584        1.00264        0.93424        0.96883       -0.01281        0.38125       -0.56657        1.00330        0.98093
0.140977        0.96212        0.96474        1.00272        0.93471        0.96879       -0.01302        0.38760       -0.57567        1.00341        0.98031
0.143270        0.96086        0.96356        1.00282        0.93520        0.96874       -0.01324        0.39407       -0.58491        1.00353        0.97966
0.145601        0.95958        0.96237        1.00291        0.93570        0.96869       -0.01347        0.40064       -0.59429        1.00365        0.97900
0.147969        0.95828        0.96116        1.00300        0.93621        0.96864       -0.01369        0.40732       -0.60383        1.00377        0.97833
0.150376        0.95695        0.95992        1.00310        0.93673        0.96860       -0.01392        0.41411       -0.61352        1.00389        0.97764
0.152821        0.95552        0.95859        1.00321        0.93729        0.96854       -0.01416        0.42105       -0.62334        1.00402        0.97690
0.155307        0.95407        0.95723        1.00331        0.93785        0.96849       -0.01440        0.42810       -0.63332        1.00416        0.97615
0.157833        0.95259        0.95585        1.00342        0.93843        0.96843       -0.01464        0.43526       -0.64346        1.00430        0.97538
0.160400        0.95108        0.95444        1.00353        0.93901        0.96838       -0.01489        0.44254       -0.65376        1.00444        0.97460
0.163009        0.94946        0.95293        1.00365        0.93964        0.96832       -0.01514        0.44998       -0.66420        1.00459        0.97376
0.165661        0.94781        0.95139        1.00377        0.94027        0.96826       -0.01539        0.45754       -0.67481        1.00474        0.97291
0.168355        0.94614        0.94983        1.00390        0.94091        0.96819       -0.01565        0.46522       -0.68560        1.00490        0.97204
0.171093        0.94440        0.94820        1.00403        0.94158        0.96813       -0.01592        0.47305       -0.69654        1.00506        0.97114
0.173876        0.94257        0.94650        1.00416        0.94227        0.96806       -0.01619        0.48103       -0.70764        1.00524        0.97020
0.176704        0.94072        0.94476        1.00430        0.94298        0.96799       -0.01647        0.48914       -0.71891        1.00541        0.96924
0.179578        0.93883        0.94300        1.00444        0.94369        0.96792       -0.01675        0.49738       -0.73037        1.00559        0.96826
0.182499        0.93683        0.94113        1.00459        0.94444        0.96784       -0.01703        0.50580       -0.74198        1.00578        0.96723
0.185468        0.93477        0.93921        1.00474        0.94521        0.96776       -0.01732        0.51437       -0.75377        1.00598        0.96616
0.188484        0.93268        0.93725        1.00490        0.94599        0.96768       -0.01762        0.52307       -0.76575        1.00618        0.96509
0.191550        0.93051        0.93522        1.00506        0.94680        0.96760       -0.01792        0.53194       -0.77790        1.00638        0.96396
0.194666        0.92824        0.93310        1.00523        0.94764        0.96751       -0.01823        0.54099       -0.79023        1.00660        0.96279
0.197832        0.92594        0.93095        1.00541        0.94849        0.96742       -0.01854        0.55018       -0.80275        1.00682        0.96160
0.201050        0.92357        0.92873        1.00559        0.94936        0.96733       -0.01886        0.55955       -0.81546        1.00705        0.96038
0.204320        0.92108        0.92640        1.00577        0.95026        0.96723       -0.01919        0.56911       -0.82833        1.00729        0.95909
0.207643        0.91855        0.92403        1.00597        0.95118        0.96713       -0.01952        0.57882       -0.84142        1.00754        0.95778
0.211020        0.91594        0.92159        1.00616        0.95212        0.96703       -0.01985        0.58871       -0.85470        1.00779        0.95644
0.214453        0.91321        0.91903        1.00637        0.95309        0.96692       -0.02020        0.59882       -0.86814        1.00806        0.95503
0.217941        0.91043        0.91643        1.00658        0.95407        0.96681       -0.02054        0.60909       -0.88181        1.00833        0.95360
0.221486        0.90756        0.91374        1.00680        0.95508        0.96669       -0.02090        0.61955       -0.89567        1.00861        0.95212
0.225088        0.90457        0.91094        1.00703        0.95612        0.96657       -0.02126        0.63023       -0.90971        1.00891        0.95058
0.228749        0.90154        0.90809        1.00727        0.95718        0.96645       -0.02163        0.64108       -0.92398        1.00921        0.94901
0.232470        0.89837        0.90512        1.00751        0.95826        0.96632       -0.02201        0.65217       -0.93843        1.00953        0.94738
0.236251        0.89511        0.90206        1.00777        0.95937        0.96618       -0.02239        0.66346       -0.95309        1.00985        0.94569
0.240093        0.89179        0.89894        1.00802        0.96049        0.96605       -0.02278        0.67494       -0.96798        1.01018        0.94399
0.243999        0.88829        0.89566        1.00830        0.96164        0.96590       -0.02318        0.68669       -0.98302        1.01054        0.94218
0.247967        0.88473        0.89232        1.00857        0.96281        0.96575       -0.02359        0.69863       -0.99831        1.01090        0.94035
0.252000        0.88106        0.88887        1.00886        0.96400        0.96560       -0.02400        0.71081       -1.01380        1.01127        0.93846
0.256099        0.87726        0.88529        1.00916        0.96521        0.96544       -0.02442        0.72325       -1.02949        1.01166        0.93650
0.260265        0.87338        0.88165        1.00947        0.96644        0.96527       -0.02485        0.73588       -1.04543        1.01206        0.93450
0.264498        0.86932        0.87783        1.00979        0.96769        0.96510       -0.02528        0.74882       -1.06153        1.01248        0.93241
0.268800        0.86519        0.87395        1.01012        0.96895        0.96492       -0.02573        0.76198       -1.07788        1.01290        0.93029
0.273172        0.86090        0.86991        1.01046        0.97023        0.96473       -0.02618        0.77542       -1.09441        1.01335        0.92808
0.277615        0.85650        0.86576        1.01082        0.97152        0.96454       -0.02664        0.78911       -1.11118        1.01381        0.92581
0.282131        0.85196        0.86149        1.01118        0.97282        0.96434       -0.02711        0.80308       -1.12816        1.01429        0.92348
0.286720        0.84727        0.85707        1.01156        0.97413        0.96413       -0.02758        0.81734       -1.14534        1.01479        0.92106
0.291383        0.84247        0.85254        1.01195        0.97545        0.96392       -0.02807        0.83186       -1.16276        1.01530        0.91859
0.296123        0.83749        0.84784        1.01236        0.97676        0.96369       -0.02856        0.84671       -1.18035        1.01584        0.91603
0.300939        0.83241        0.84304        1.01278        0.97809        0.96346       -0.02907        0.86182       -1.19820        1.01639        0.91341
0.305834        0.82712        0.83805        1.01322        0.97938        0.96321       -0.02958        0.87729       -1.21621        1.01696        0.91069
0.310808        0.82173        0.83296        1.01367        0.98069        0.96297       -0.03010        0.89302       -1.23448        1.01755        0.90791
0.315864        0.81613        0.82766        1.01414        0.98196        0.96270       -0.03062        0.90913       -1.25290        1.01817        0.90503
0.321001        0.81041        0.82225        1.01462        0.98323        0.96243       -0.03116        0.92552       -1.27158        1.01881        0.90208
0.326222        0.80448        0.81664        1.01512        0.98445        0.96215       -0.03170        0.94229       -1.29041        1.01947        0.89903
0.331528        0.79842        0.81090        1.01564        0.98565        0.96186       -0.03226        0.95938       -1.30949        1.02015        0.89591
0.336921        0.79216        0.80497        1.01617        0.98679        0.96156       -0.03282        0.97685       -1.32872        1.02087        0.89268
0.342401        0.78573        0.79887        1.01673        0.98788        0.96124       -0.03339        0.99467       -1.34817        1.02160        0.88936
0.347970        0.77912        0.79260        1.01730        0.98891        0.96092       -0.03396        1.01286       -1.36780        1.02237        0.88595
0.353630        0.77231        0.78614        1.01790        0.98985        0.96058       -0.03454        1.03144       -1.38759        1.02316        0.88243
0.359381        0.76534        0.77951        1.01852        0.99073        0.96023       -0.03513        1.05038       -1.40761        1.02398        0.87883
0.365227        0.75814        0.77266        1.01916        0.99145        0.95986       -0.03573        1.06977       -1.42772        1.02484        0.87511
0.371167        0.75078        0.76566        1.01982        0.99211        0.95948       -0.03633        1.08952       -1.44807        1.02572        0.87130
0.377204        0.74319        0.75843        1.02051        0.99257        0.95909       -0.03693        1.10971       -1.46851        1.02664        0.86736
0.383340        0.73541        0.75101        1.02122        0.99289        0.95869       -0.03754        1.13032       -1.48911        1.02759        0.86332
0.389575        0.72743        0.74341        1.02196        0.99308        0.95827       -0.03816        1.15134       -1.50990        1.02857        0.85918
0.395911        0.71922        0.73556        1.02273        0.99295        0.95783       -0.03877        1.17283       -1.53071        1.02960        0.85491
0.402351        0.71082        0.72754        1.02352        0.99267        0.95738       -0.03938        1.19474       -1.55170        1.03066        0.85053
0.408895        0.70220        0.71930        1.02434        0.99212        0.95692       -0.03999        1.21711       -1.57279        1.03176        0.84603
0.415546        0.69336        0.71082        1.02520        0.99119        0.95644       -0.04060        1.23995       -1.59391        1.03290        0.84139
0.422304        0.68431        0.70216        1.02608        0.99001        0.95595       -0.04121        1.26323       -1.61515        1.03408        0.83665
0.429173        0.67505        0.69327        1.02700        0.98845        0.95544       -0.04180        1.28699       -1.63645        1.03531        0.83177
0.436154        0.66555        0.68415        1.02795        0.98637        0.95491       -0.04238        1.31123       -1.65771        1.03658        0.82676
0.443248        0.65585        0.67482        1.02894        0.98389        0.95438       -0.04296        1.33593       -1.67903        1.03790        0.82162
0.450457        0.64594        0.66528        1.02995        0.98096        0.95383       -0.04352        1.36110       -1.70041        1.03925        0.81635
0.457784        0.63579        0.65551        1.03102        0.97729        0.95327       -0.04405        1.38675       -1.72164        1.04067        0.81093
0.465230        0.62544        0.64553        1.03212        0.97300        0.95269       -0.04455        1.41287       -1.74283        1.04213        0.80537
0.472797        0.61489        0.63534        1.03326        0.96806        0.95211       -0.04504        1.43944       -1.76399        1.04364        0.79968
0.480487        0.60414        0.62494        1.03444        0.96240        0.95152       -0.04549        1.46648       -1.78509        1.04520        0.79384
0.488302        0.59318        0.61433        1.03567        0.95571        0.95093       -0.04589        1.49395       -1.80594        1.04681        0.78785
0.496244        0.58203        0.60353        1.03695        0.94808        0.95034       -0.04625        1.52185       -1.82663        1.04848        0.78171
0.504316        0.57070        0.59254        1.03827        0.93946        0.94975       -0.04655        1.55015       -1.84715        1.05020        0.77542
0.512519        0.55920        0.58137        1.03965        0.92976        0.94916       -0.04680        1.57884       -1.86746        1.05197        0.76898
0.520855        0.54754        0.57002        1.04107        0.91889        0.94859       -0.04698        1.60789       -1.88752        1.05379        0.76239
0.529327        0.53573        0.55852        1.04254        0.90662        0.94803       -0.04708        1.63726       -1.90723        1.05567        0.75564
0.537936        0.52380        0.54688        1.04408        0.89285        0.94750       -0.04709        1.66688       -1.92654        1.05760        0.74873
0.546686        0.51175        0.53512        1.04567        0.87761        0.94701       -0.04701        1.69674       -1.94549        1.05958        0.74165
0.555578        0.49962        0.52325        1.04732        0.86079        0.94655       -0.04682        1.72679       -1.96403        1.06161        0.73442
0.564614        0.48741        0.51130        1.04903        0.84232        0.94614       -0.04652        1.75695       -1.98211        1.06368        0.72702
0.573798        0.47515        0.49928        1.05080        0.82210        0.94579       -0.04610        1.78716       -1.99970        1.06580        0.71946
0.583131        0.46287        0.48723        1.05264        0.80008        0.94552       -0.04554        1.81735       -2.01675        1.06795        0.71174
0.592615        0.45060        0.47517        1.05454        0.77619        0.94532       -0.04485        1.84743       -2.03322        1.07015        0.70384
0.602254        0.43837        0.46314        1.05652        0.75040        0.94523       -0.04400        1.87730       -2.04908        1.07237        0.69578
0.612050        0.42622        0.45117        1.05856        0.72272        0.94525       -0.04300        1.90687       -2.06429        1.07462        0.68756
0.622005        0.41418        0.43930        1.06068        0.69316        0.94539       -0.04184        1.93601       -2.07881        1.07688        0.67916
0.632122        0.40228        0.42757        1.06287        0.66177        0.94568       -0.04051        1.96462       -2.09263        1.07916        0.67060
0.642403        0.39057        0.41601        1.06514        0.62865        0.94612       -0.03902        1.99257       -2.10571        1.08144        0.66187
0.652852        0.37908        0.40466        1.06749        0.59389        0.94673       -0.03735        2.01973       -2.11805        1.08371        0.65297
0.663471        0.36785        0.39357        1.06991        0.55765        0.94753       -0.03553        2.04599       -2.12964        1.08596        0.64391
0.674262        0.35693        0.38277        1.07242        0.52010        0.94852       -0.03355        2.07121       -2.14045        1.08819        0.63468
0.685229        0.34633        0.37231        1.07501        0.48142        0.94971       -0.03141        2.09527       -2.15050        1.09038        0.62529
0.696374        0.33611        0.36221        1.07768        0.44182        0.95112       -0.02914        2.11803       -2.15979        1.09253        0.61574
0.707701        0.32629        0.35253        1.08043        0.40150        0.95275       -0.02673        2.13939       -2.16832        1.09462        0.60602
0.719212        0.31691        0.34330        1.08327        0.36068        0.95460       -0.02421        2.15921       -2.17611        1.09663        0.59615
0.730910        0.30802        0.33457        1.08620        0.31961        0.95669       -0.02157        2.17726       -2.18312        1.09856        0.58612
0.742798        0.29968        0.32641        1.08921        0.27851        0.95902       -0.01884        2.19339       -2.18936        1.10039        0.57594
0.754880        0.29185        0.31879        1.09231        0.23752        0.96158       -0.01603        2.20763       -2.19491        1.10210        0.56562
0.767158        0.28457        0.31174        1.09549        0.19680        0.96436       -0.01315        2.21986       -2.19979        1.10370        0.55514
0.779636        0.27785        0.30529        1.09876        0.15646        0.96735       -0.01021        2.23000       -2.20401        1.10516        0.54453
0.792317        0.27180        0.29956        1.10211        0.11676        0.97058       -0.00721        2.23761       -2.20751        1.10645        0.53379
0.805204        0.26638        0.29449        1.10554        0.07766        0.97401       -0.00417        2.24281       -2.21036        1.10757        0.52291
0.818301        0.26157        0.29010        1.10906        0.03913        0.97763       -0.00108        2.24559       -2.21262        1.10851        0.51191
0.831610        0.25745        0.28645        1.11265        0.00128        0.98144        0.00205        2.24560       -2.21422        1.10924        0.50079
0.845137        0.25406        0.28361        1.11633       -0.03590        0.98544        0.00522        2.24264       -2.21517        1.10973        0.48956
0.858883        0.25133        0.28150        1.12007       -0.07260        0.98959        0.00844        2.23687       -2.21552        1.10999        0.47822
0.872853        0.24938        0.28027        1.12389       -0.10875        0.99389        0.01172        2.22771       -2.21519        1.10996        0.46680
0.887050        0.24818        0.27989        1.12777       -0.14455        0.99834        0.01506        2.21520       -2.21421        1.10963        0.45528
0.901478        0.24775        0.28039        1.13172       -0.18012        1.00290        0.01847        2.19913       -2.21254        1.10897        0.44368
0.916140        0.24818        0.28187        1.13572       -0.21553        1.00757        0.02197        2.17896       -2.21009        1.10792        0.43201
0.931041        0.24941        0.28427        1.13977       -0.25099        1.01233        0.02558        2.15482       -2.20691        1.10648        0.42028
0.946185        0.25157        0.28777        1.14386       -0.28659        1.01715        0.02931        2.12582       -2.20281        1.10454        0.40851
0.961575        0.25461        0.29229        1.14799       -0.32250        1.02203        0.03317        2.09212       -2.19782        1.10212        0.39668
0.977215        0.25862        0.29797        1.15213       -0.35879        1.02694        0.03718        2.05280       -2.19175        1.09910        0.38484
0.993109        0.26361        0.30481        1.15628       -0.39558        1.03185        0.04136        2.00764       -2.18455        1.09544        0.37297
1.009262        0.26958        0.31283        1.16043       -0.43288        1.03675        0.04570        1.95615       -2.17609        1.09107        0.36110
1.025678        0.27662        0.32214        1.16455       -0.47066        1.04160        0.05023        1.89718       -2.16612        1.08583        0.34924
1.042361        0.28466        0.33266        1.16863       -0.50882        1.04639        0.05493        1.83070       -2.15459        1.07972        0.33740
1.059315        0.29370        0.34440        1.17264       -0.54717        1.05108        0.05979        1.75572       -2.14127        1.07258        0.32558
1.076545        0.30373        0.35736        1.17655       -0.58531        1.05564        0.06477        1.67105       -2.12587        1.06426        0.31383
1.094055        0.31461        0.37136        1.18035       -0.62281        1.06006        0.06982        1.57644       -2.10828        1.05468        0.30212
1.111850        0.32621        0.38624        1.18399       -0.65905        1.06432        0.07488        1.47103       -2.08832        1.04372        0.29049
1.129934        0.33834        0.40175        1.18744       -0.69317        1.06839        0.07986        1.35397       -2.06578        1.03122        0.27894
1.148312        0.35068        0.41754        1.19065       -0.72395        1.07224        0.08460        1.22411       -2.04043        1.01700        0.26751
1.166990        0.36284        0.43308        1.19358       -0.75033        1.07587        0.08897        1.08144       -2.01233        1.00101        0.25619
1.185971        0.37436        0.44780        1.19618       -0.77091        1.07927        0.09277        0.92567       -1.98154        0.98314        0.24500
1.205261        0.38465        0.46097        1.19841       -0.78418        1.08242        0.09580        0.75682       -1.94826        0.96335        0.23396
1.224865        0.39306        0.47175        1.20021       -0.78859        1.08529        0.09783        0.57539       -1.91287        0.94162        0.22308
1.244787        0.39889        0.47927        1.20153       -0.78266        1.08785        0.09863        0.38242       -1.87596        0.91802        0.21237
1.265034        0.40145        0.48267        1.20231       -0.76520        1.09003        0.09798        0.17964       -1.83831        0.89271        0.20184
1.285610        0.40016        0.48121        1.20253       -0.73551        1.09175        0.09572       -0.03051       -1.80089        0.86595        0.19153
1.306520        0.39461        0.47438        1.20213       -0.69363        1.09289        0.09178       -0.24490       -1.76474        0.83809        0.18142
1.327771        0.38465        0.46201        1.20110       -0.64054        1.09333        0.08622       -0.45981       -1.73088        0.80961        0.17154
1.349367        0.37047        0.44435        1.19942       -0.57825        1.09293        0.07923       -0.67116       -1.70019        0.78103        0.16190
1.371315        0.35251        0.42199        1.19709       -0.50964        1.09154        0.07114       -0.87453       -1.67341        0.75295        0.15252
1.393619        0.33164        0.39602        1.19411       -0.43840        1.08909        0.06241       -1.06604       -1.65080        0.72594        0.14340
1.416287        0.30889        0.36775        1.19054       -0.36814        1.08557        0.05354       -1.24293       -1.63222        0.70045        0.13455
1.439323        0.28528        0.33846        1.18642       -0.30188        1.08103        0.04496       -1.40320       -1.61733        0.67684        0.12598
1.462733        0.26178        0.30936        1.18177       -0.24220        1.07550        0.03707       -1.54485       -1.60576        0.65544        0.11771
1.486525        0.23917        0.28142        1.17665       -0.19013        1.06912        0.03005       -1.66847       -1.59679        0.63628        0.10974
1.510703        0.21799        0.25530        1.17114       -0.14596        1.06203        0.02401       -1.77484       -1.58984        0.61933        0.10206
1.535275        0.19872        0.23156        1.16525       -0.10974        1.05431        0.01900       -1.86424       -1.58447        0.60462        0.09471
1.560246        0.18138        0.21024        1.15907       -0.08023        1.04610        0.01487       -1.93925       -1.58017        0.59186        0.08765
1.585624        0.16620        0.19157        1.15262       -0.05694        1.03749        0.01159       -2.00034       -1.57669        0.58103        0.08094
1.611414        0.15296        0.17528        1.14595       -0.03849        1.02855        0.00899       -2.04997       -1.57374        0.57183        0.07453
1.637624        0.14165        0.16136        1.13909       -0.02418        1.01936        0.00697       -2.08901       -1.57115        0.56416        0.06844
1.664260        0.13211        0.14956        1.13208       -0.01311        1.00998        0.00541       -2.11892       -1.56881        0.55786        0.06268
1.691330        0.12416        0.13968        1.12495       -0.00459        1.00045        0.00421       -2.14084       -1.56662        0.55277        0.05724
1.718839        0.11772        0.13158        1.11772        0.00189        0.99081        0.00329       -2.15548       -1.56453        0.54884        0.05211
1.746796        0.11263        0.12507        1.11042        0.00677        0.98111        0.00260       -2.16354       -1.56250        0.54596        0.04730
1.775208        0.10879        0.12000        1.10307        0.01043        0.97137        0.00207       -2.16562       -1.56051        0.54410        0.04280
1.804082        0.10611        0.11626        1.09569        0.01310        0.96163        0.00165       -2.16201       -1.55854        0.54322        0.03860
1.833425        0.10452        0.11374        1.08830        0.01501        0.95191        0.00133       -2.15289       -1.55658        0.54333        0.03469
1.863246        0.10398        0.11239        1.08092        0.01630        0.94225        0.00106       -2.13827       -1.55464        0.54447        0.03107
1.893552        0.10446        0.11214        1.07357        0.01709        0.93266        0.00084       -2.11803       -1.55269        0.54670        0.02773
1.924351        0.10595        0.11297        1.06627        0.01749        0.92317        0.00066       -2.09189       -1.55076        0.55011        0.02465
1.955651        0.10844        0.11484        1.05904        0.01758        0.91381        0.00050       -2.05944       -1.54884        0.55482        0.02183
1.987460        0.11195        0.11776        1.05190        0.01740        0.90461        0.00035       -2.02014       -1.54694        0.56099        0.01926
2.019786        0.11647        0.12169        1.04489        0.01703        0.89560        0.00022       -1.97330       -1.54507        0.56879        0.01692
2.052638        0.12201        0.12665        1.03802        0.01648        0.88681        0.00011       -1.91792       -1.54323        0.57851        0.01480
2.086024        0.12853        0.13256        1.03134        0.01580        0.87829        0.00002       -1.85321       -1.54144        0.59037        0.01289
2.119953        0.13594        0.13932        1.02486        0.01501        0.87006       -0.00004       -1.77822       -1.53970        0.60463        0.01117
2.154435        0.14412        0.14681        1.01865        0.01412        0.86218       -0.00008       -1.69157       -1.53802        0.62170        0.00964
2.189477        0.15282        0.15476        1.01273        0.01315        0.85470       -0.00009       -1.59269       -1.53643        0.64177        0.00828
2.225089        0.16168        0.16283        1.00716        0.01211        0.84768       -0.00005       -1.48045       -1.53493        0.66521        0.00708
2.261280        0.17022        0.17055        1.00199        0.01100        0.84117        0.00002       -1.35480       -1.53355        0.69215        0.00602
2.298060        0.17780        0.17732        0.99726        0.00984        0.83524        0.00014       -1.21569       -1.53228        0.72271        0.00509
2.335438        0.18372        0.18244        0.99303        0.00864        0.82995        0.00031       -1.06420       -1.53115        0.75677        0.00428
2.373424        0.18722        0.18523        0.98935        0.00742        0.82534        0.00052       -0.90226       -1.53016        0.79399        0.00358
2.412028        0.18766        0.18508        0.98626        0.00620        0.82148        0.00078       -0.73273       -1.52934        0.83378        0.00297
2.451260        0.18457        0.18157        0.98379        0.00502        0.81839        0.00108       -0.55937       -1.52868        0.87531        0.00246
2.491130        0.17780        0.17459        0.98197        0.00390        0.81609        0.00143       -0.38655       -1.52820        0.91756        0.00202
2.531648        0.16760        0.16438        0.98078        0.00285        0.81459        0.00183       -0.21885       -1.52790        0.95937        0.00165
2.572826        0.15458        0.15152        0.98023        0.00188        0.81388        0.00228       -0.06052       -1.52778        0.99964        0.00133
2.614673        0.13957        0.13682        0.98029        0.00099        0.81390        0.00281        0.08495       -1.52784        1.03738        0.00107
2.657201        0.12353        0.12118        0.98091        0.00014        0.81461        0.00343        0.21514       -1.52805        1.07185        0.00086
2.700421        0.10737        0.10544        0.98205       -0.00070        0.81596        0.00417        0.32877       -1.52843        1.10256        0.00068
2.744343        0.09183        0.09033        0.98366       -0.00156        0.81787        0.00509        0.42535       -1.52895        1.12926        0.00054
2.788980        0.07745        0.07634        0.98569       -0.00251        0.82027        0.00622        0.46534       -1.52959        1.14073        0.00005
2.834343        0.06492        0.06413        0.98789       -0.00343        0.82285        0.00756        0.52598       -1.53028        1.15833        0.00000
2.880444        0.05388        0.05336        0.99039       -0.00456        0.82578        0.00925        0.57888       -1.53107        1.17406        0.00000
2.927295        0.04436        0.04405        0.99316       -0.00595        0.82899        0.01138        0.62030       -1.53193        1.18677        0.00000
2.974908        0.03628        0.03614        0.99616       -0.00766        0.83243        0.01407        0.65202       -1.53287        1.19687        0.00000
3.023295        0.02951        0.02950        0.99936       -0.00978        0.83604        0.01745        0.67555       -1.53387        1.20471        0.00000
3.072469        0.02391        0.02398        1.00272       -0.01241        0.83975        0.02169        0.69228       -1.53493        1.21063        0.00000
3.122443        0.01931        0.01943        1.00623       -0.01565        0.84352        0.02703        0.70342       -1.53603        1.21493        0.00000
3.173230        0.01556        0.01571        1.00987       -0.01966        0.84729        0.03373        0.71002       -1.53716        1.21788        0.00000
3.224842        0.01251        0.01268        1.01361       -0.02463        0.85098        0.04213        0.71297       -1.53834        1.21972        0.00000
3.277295        0.01004        0.01021        1.01744       -0.03077        0.85452        0.05267        0.71298       -1.53955        1.22064        0.00000
3.330600        0.00804        0.00822        1.02135       -0.03837        0.85784        0.06591        0.71064       -1.54079        1.22079        0.00000
3.384773        0.00644        0.00660        1.02533       -0.04781        0.86081        0.08259        0.70642       -1.54207        1.22031        0.00000
3.439826        0.00514        0.00529        1.02936       -0.05955        0.86331        0.10363        0.70072       -1.54338        1.21931        0.00000
3.495776        0.00409        0.00423        1.03345       -0.07431        0.86515        0.13044        0.69382       -1.54474        1.21787        0.00000
3.552635        0.00324        0.00336        1.03758       -0.09305        0.86607        0.16496        0.68599       -1.54615        1.21607        0.00000
3.610419        0.00313        0.00326        1.04087       -0.13070        0.86952        0.18785        0.89465       -1.54712        1.31725        0.00000
3.669142        0.00311        0.00325        1.04408       -0.17138        0.87350        0.20853        1.13943       -1.54802        1.43564        0.00000
3.728821        0.00310        0.00324        1.04733       -0.21272        0.87755        0.22954        1.38819       -1.54895        1.55596        0.00000
3.789471        0.00308        0.00323        1.05064       -0.25473        0.88166        0.25089        1.64099       -1.54988        1.67823        0.00000
3.851107        0.00306        0.00323        1.05400       -0.29743        0.88585        0.27259        1.89790       -1.55084        1.80249        0.00000
3.913746        0.00305        0.00322        1.05742       -0.34082        0.89010        0.29464        2.15899       -1.55181        1.92877        0.00000
3.977403        0.00303        0.00321        1.06090       -0.38492        0.89442        0.31705        2.42433       -1.55279        2.05711        0.00000
4.042096        0.00301        0.00320        1.06443       -0.42973        0.89880        0.33983        2.69399       -1.55379        2.18753        0.00000
4.107841        0.00300        0.00319        1.06801       -0.47527        0.90327        0.36298        2.96803       -1.55481        2.32007        0.00000
4.174655        0.00298        0.00319        1.07166       -0.52156        0.90780        0.38650        3.24653       -1.55584        2.45477        0.00000
4.242556        0.00296        0.00318        1.07537       -0.56859        0.91241        0.41040        3.52956       -1.55689        2.59166        0.00000
4.311562        0.00294        0.00317        1.07913       -0.61640        0.91709        0.43470        3.81719       -1.55796        2.73078        0.00000
4.381690        0.00292        0.00316        1.08296       -0.66498        0.92185        0.45939        4.10950       -1.55904        2.87216        0.00000
4.452959        0.00290        0.00315        1.08685       -0.71434        0.92668        0.48448        4.40656       -1.56014        3.01584        0.00000
4.525386        0.00288        0.00314        1.09080       -0.76452        0.93160        0.50998        4.70846       -1.56126        3.16186        0.00000
4.598992        0.00286        0.00313        1.09482       -0.81550        0.93659        0.53589        5.01527       -1.56240        3.31025        0.00000
4.673795        0.00284        0.00312        1.09890       -0.86732        0.94167        0.56223        5.32706       -1.56355        3.46105        0.00000
4.749815        0.00282        0.00312        1.10305       -0.91998        0.94682        0.58899        5.64393       -1.56473        3.61431        0.00000
4.827071        0.00200        0.00230        1.15046       -1.34335        0.99818        0.86206        5.65588       -1.57768        3.62950        0.00000
4.905584        0.00139        0.00168        1.20963       -1.99817        1.05993        1.28813        5.61948       -1.59306        3.62260        0.00000
4.985373        0.00103        0.00131        1.27502       -2.77455        1.12835        1.79681        5.58238       -1.60898        3.61516        0.00000
5.066461        0.00080        0.00108        1.34759       -3.67749        1.20513        2.39249        5.54470       -1.62540        3.60724        0.00000
5.148867        0.00065        0.00093        1.42852       -4.72102        1.29217        3.08550        5.50650       -1.64224        3.59886        0.00000
5.232614        0.00054        0.00082        1.51927       -5.92733        1.39178        3.89171        5.46784       -1.65940        3.59001        0.00000
5.317723        0.00045        0.00074        1.62162       -7.32642        1.50685        4.83240        5.42876       -1.67669        3.58072        0.00000
5.404216        0.00039        0.00067        1.73783       -8.95924        1.64114        5.93648        5.38932       -1.69385        3.57101        0.00000
5.492116        0.00034        0.00063        1.87071      -10.87994        1.79956        7.24210        5.34964       -1.71044        3.56091        0.00000
5.581446        0.00029        0.00059        2.02396      -13.16240        1.98883        8.80125        5.30986       -1.72580        3.55052        0.00000
5.672229        0.00025        0.00056        2.20237      -15.90774        2.21825       10.68506        5.27023       -1.73888        3.53995        0.00000
5.764488        0.00022        0.00054        2.41233      -19.25723        2.50111       12.99280        5.23117       -1.74799        3.52945        0.00000
5.858248        0.00020        0.00052        2.66248      -23.41322        2.85709       15.86660        5.19333       -1.75032        3.51939        0.00000
5.953533        0.00017        0.00051        2.96510      -28.67986        3.31708       19.51987        5.15784       -1.74106        3.51048        0.00000
6.050368        0.00015        0.00050        3.33760      -35.52218        3.93158       24.27848        5.12663       -1.71154        3.50391        0.00000
6.148778        0.00013        0.00050        3.80662      -44.71097        4.79231       30.68168        5.10317       -1.64476        3.50190        0.00000
6.248788        0.00011        0.00050        4.41378      -57.57861        6.08243       39.65972        5.09375       -1.50416        3.50853        0.00000
6.350425        0.00010        0.00051        5.22951      -76.65081        8.24151       52.97322        5.10909       -1.19675        3.53088        0.00000
