x               rho            P              T              ur             uphi           uz             Br             Bphi           Bz             m
0.010000        0.99982        0.99984        1.00001        0.67364        0.97912       -0.00054        0.02726       -0.05660        1.00002        0.99990
0.010163        0.99982        0.99983        1.00001        0.67365        0.97912       -0.00055        0.02770       -0.05752        1.00002        0.99990
0.010328        0.99981        0.99982        1.00001        0.67365        0.97912       -0.00056        0.02815       -0.05845        1.00002        0.99989
0.010496        0.99980        0.99982        1.00002        0.67365        0.97912       -0.00057        0.02861       -0.05940        1.00002        0.99989
0.010667        0.99979        0.99981        1.00002        0.67366        0.97912       -0.00058        0.02908       -0.06037        1.00002        0.99988
0.010840        0.99978        0.99980        1.00002        0.67366        0.97912       -0.00059        0.02955       -0.06135        1.00002        0.99988
0.011016        0.99977        0.99979        1.00002        0.67366        0.97912       -0.00060        0.03003       -0.06235        1.00002        0.99987
0.011196        0.99976        0.99978        1.00002        0.67366        0.97912       -0.00061        0.03052       -0.06336        1.00002        0.99986
0.011378        0.99975        0.99977        1.00002        0.67367        0.97912       -0.00062        0.03102       -0.06439        1.00002        0.99986
0.011563        0.99974        0.99976        1.00002        0.67367        0.97912       -0.00063        0.03152       -0.06544        1.00002        0.99985
0.011751        0.99973        0.99975        1.00002        0.67368        0.97912       -0.00064        0.03203       -0.06650        1.00002        0.99985
0.011942        0.99972        0.99975        1.00002        0.67368        0.97912       -0.00065        0.03255       -0.06759        1.00002        0.99984
0.012136        0.99971        0.99974        1.00002        0.67368        0.97912       -0.00066        0.03308       -0.06869        1.00003        0.99984
0.012334        0.99970        0.99973        1.00002        0.67369        0.97912       -0.00067        0.03362       -0.06980        1.00003        0.99983
0.012534        0.99969        0.99972        1.00002        0.67369        0.97912       -0.00068        0.03417       -0.07094        1.00003        0.99982
0.012738        0.99968        0.99971        1.00002        0.67369        0.97912       -0.00069        0.03472       -0.07209        1.00003        0.99982
0.012945        0.99967        0.99970        1.00003        0.67370        0.97912       -0.00070        0.03529       -0.07326        1.00003        0.99981
0.013156        0.99966        0.99969        1.00003        0.67370        0.97912       -0.00072        0.03586       -0.07446        1.00003        0.99981
0.013370        0.99965        0.99968        1.00003        0.67370        0.97912       -0.00073        0.03645       -0.07567        1.00003        0.99980
0.013587        0.99964        0.99966        1.00003        0.67371        0.97912       -0.00074        0.03704       -0.07690        1.00003        0.99979
0.013808        0.99963        0.99965        1.00003        0.67371        0.97912       -0.00075        0.03764       -0.07815        1.00003        0.99979
0.014033        0.99961        0.99964        1.00003        0.67372        0.97912       -0.00076        0.03826       -0.07942        1.00003        0.99978
0.014261        0.99960        0.99963        1.00003        0.67372        0.97912       -0.00078        0.03888       -0.08071        1.00004        0.99977
0.014493        0.99959        0.99962        1.00003        0.67373        0.97912       -0.00079        0.03951       -0.08202        1.00004        0.99977
0.014729        0.99958        0.99961        1.00003        0.67373        0.97912       -0.00080        0.04015       -0.08336        1.00004        0.99976
0.014968        0.99956        0.99960        1.00003        0.67373        0.97912       -0.00081        0.04081       -0.08471        1.00004        0.99975
0.015212        0.99955        0.99959        1.00003        0.67374        0.97912       -0.00083        0.04147       -0.08609        1.00004        0.99974
0.015459        0.99954        0.99957        1.00004        0.67374        0.97912       -0.00084        0.04215       -0.08749        1.00004        0.99974
0.015711        0.99952        0.99956        1.00004        0.67375        0.97912       -0.00085        0.04283       -0.08891        1.00004        0.99973
0.015966        0.99951        0.99955        1.00004        0.67375        0.97912       -0.00087        0.04353       -0.09036        1.00004        0.99972
0.016226        0.99950        0.99954        1.00004        0.67376        0.97912       -0.00088        0.04424       -0.09183        1.00005        0.99971
0.016490        0.99948        0.99952        1.00004        0.67376        0.97912       -0.00090        0.04496       -0.09332        1.00005        0.99971
0.016758        0.99947        0.99951        1.00004        0.67377        0.97912       -0.00091        0.04569       -0.09484        1.00005        0.99970
0.017031        0.99945        0.99950        1.00004        0.67377        0.97912       -0.00093        0.04643       -0.09638        1.00005        0.99969
0.017308        0.99944        0.99948        1.00004        0.67378        0.97912       -0.00094        0.04719       -0.09795        1.00005        0.99968
0.017589        0.99942        0.99947        1.00004        0.67378        0.97912       -0.00096        0.04795       -0.09954        1.00005        0.99967
0.017875        0.99941        0.99946        1.00005        0.67379        0.97912       -0.00097        0.04873       -0.10116        1.00005        0.99966
0.018166        0.99939        0.99944        1.00005        0.67379        0.97912       -0.00099        0.04953       -0.10281        1.00005        0.99965
0.018461        0.99938        0.99943        1.00005        0.67380        0.97912       -0.00100        0.05033       -0.10448        1.00006        0.99965
0.018762        0.99936        0.99941        1.00005        0.67380        0.97911       -0.00102        0.05115       -0.10618        1.00006        0.99964
0.019067        0.99935        0.99940        1.00005        0.67381        0.97911       -0.00104        0.05198       -0.10791        1.00006        0.99963
0.019377        0.99933        0.99938        1.00005        0.67381        0.97911       -0.00105        0.05283       -0.10966        1.00006        0.99962
0.019692        0.99931        0.99937        1.00005        0.67382        0.97911       -0.00107        0.05369       -0.11144        1.00006        0.99961
0.020012        0.99930        0.99935        1.00005        0.67383        0.97911       -0.00109        0.05456       -0.11326        1.00006        0.99960
0.020338        0.99927        0.99933        1.00006        0.67384        0.97911       -0.00111        0.05545       -0.11510        1.00007        0.99958
0.020669        0.99924        0.99930        1.00006        0.67385        0.97911       -0.00112        0.05635       -0.11697        1.00007        0.99957
0.021005        0.99921        0.99927        1.00006        0.67386        0.97911       -0.00114        0.05727       -0.11887        1.00007        0.99955
0.021347        0.99918        0.99925        1.00006        0.67387        0.97911       -0.00116        0.05820       -0.12080        1.00007        0.99953
0.021694        0.99915        0.99922        1.00007        0.67388        0.97911       -0.00118        0.05915       -0.12277        1.00008        0.99952
0.022047        0.99912        0.99919        1.00007        0.67389        0.97911       -0.00120        0.06011       -0.12476        1.00008        0.99950
0.022405        0.99909        0.99916        1.00007        0.67390        0.97911       -0.00122        0.06109       -0.12679        1.00008        0.99948
0.022770        0.99906        0.99913        1.00007        0.67391        0.97911       -0.00124        0.06209       -0.12886        1.00008        0.99946
0.023140        0.99902        0.99910        1.00008        0.67392        0.97911       -0.00126        0.06310       -0.13095        1.00009        0.99944
0.023516        0.99899        0.99907        1.00008        0.67393        0.97911       -0.00128        0.06412       -0.13308        1.00009        0.99942
0.023899        0.99896        0.99904        1.00008        0.67394        0.97911       -0.00130        0.06517       -0.13524        1.00009        0.99941
0.024288        0.99892        0.99901        1.00008        0.67396        0.97911       -0.00132        0.06623       -0.13744        1.00010        0.99939
0.024683        0.99889        0.99898        1.00009        0.67397        0.97910       -0.00134        0.06731       -0.13968        1.00010        0.99937
0.025084        0.99885        0.99894        1.00009        0.67398        0.97910       -0.00136        0.06840       -0.14195        1.00010        0.99935
0.025492        0.99882        0.99891        1.00009        0.67399        0.97910       -0.00139        0.06951       -0.14426        1.00011        0.99933
0.025907        0.99878        0.99888        1.00010        0.67400        0.97910       -0.00141        0.07065       -0.14660        1.00011        0.99930
0.026328        0.99874        0.99884        1.00010        0.67402        0.97910       -0.00143        0.07180       -0.14899        1.00011        0.99928
0.026756        0.99871        0.99881        1.00010        0.67403        0.97910       -0.00146        0.07296       -0.15141        1.00012        0.99926
0.027192        0.99867        0.99877        1.00010        0.67404        0.97910       -0.00148        0.07415       -0.15387        1.00012        0.99924
0.027634        0.99863        0.99874        1.00011        0.67406        0.97910       -0.00150        0.07536       -0.15637        1.00012        0.99922
0.028083        0.99859        0.99870        1.00011        0.67407        0.97910       -0.00153        0.07659       -0.15892        1.00013        0.99920
0.028540        0.99855        0.99866        1.00011        0.67408        0.97910       -0.00155        0.07783       -0.16150        1.00013        0.99917
0.029004        0.99851        0.99862        1.00012        0.67410        0.97910       -0.00158        0.07910       -0.16413        1.00013        0.99915
0.029476        0.99847        0.99859        1.00012        0.67411        0.97910       -0.00160        0.08039       -0.16680        1.00014        0.99913
0.029955        0.99843        0.99855        1.00012        0.67413        0.97909       -0.00163        0.08170       -0.16951        1.00014        0.99910
0.030443        0.99837        0.99850        1.00013        0.67415        0.97909       -0.00166        0.08303       -0.17226        1.00015        0.99907
0.030938        0.99831        0.99844        1.00013        0.67417        0.97909       -0.00168        0.08438       -0.17506        1.00015        0.99904
0.031441        0.99825        0.99838        1.00014        0.67419        0.97909       -0.00171        0.08575       -0.17791        1.00016        0.99900
0.031952        0.99818        0.99833        1.00014        0.67421        0.97909       -0.00174        0.08715       -0.18080        1.00016        0.99896
0.032472        0.99812        0.99827        1.00015        0.67423        0.97909       -0.00177        0.08857       -0.18374        1.00017        0.99893
0.033000        0.99806        0.99821        1.00015        0.67426        0.97909       -0.00180        0.09001       -0.18673        1.00017        0.99889
0.033537        0.99799        0.99815        1.00016        0.67428        0.97909       -0.00182        0.09148       -0.18976        1.00018        0.99885
0.034083        0.99792        0.99808        1.00016        0.67430        0.97908       -0.00185        0.09297       -0.19285        1.00019        0.99882
0.034637        0.99785        0.99802        1.00017        0.67433        0.97908       -0.00188        0.09448       -0.19598        1.00019        0.99878
0.035200        0.99779        0.99796        1.00017        0.67435        0.97908       -0.00192        0.09602       -0.19917        1.00020        0.99874
0.035773        0.99772        0.99789        1.00018        0.67437        0.97908       -0.00195        0.09759       -0.20241        1.00020        0.99870
0.036355        0.99764        0.99783        1.00018        0.67440        0.97908       -0.00198        0.09918       -0.20570        1.00021        0.99866
0.036946        0.99757        0.99776        1.00019        0.67442        0.97908       -0.00201        0.10079       -0.20904        1.00022        0.99861
0.037547        0.99750        0.99769        1.00019        0.67445        0.97908       -0.00204        0.10244       -0.21244        1.00022        0.99857
0.038158        0.99742        0.99762        1.00020        0.67448        0.97907       -0.00208        0.10410       -0.21589        1.00023        0.99853
0.038778        0.99735        0.99755        1.00021        0.67450        0.97907       -0.00211        0.10580       -0.21940        1.00024        0.99849
0.039409        0.99727        0.99748        1.00021        0.67453        0.97907       -0.00214        0.10752       -0.22297        1.00025        0.99844
0.040050        0.99719        0.99741        1.00022        0.67456        0.97907       -0.00218        0.10927       -0.22660        1.00025        0.99840
0.040701        0.99709        0.99731        1.00023        0.67459        0.97907       -0.00222        0.11106       -0.23028        1.00026        0.99834
0.041363        0.99698        0.99722        1.00023        0.67463        0.97906       -0.00225        0.11287       -0.23402        1.00027        0.99828
0.042036        0.99688        0.99712        1.00024        0.67466        0.97906       -0.00229        0.11471       -0.23782        1.00028        0.99822
0.042720        0.99677        0.99702        1.00025        0.67470        0.97906       -0.00233        0.11658       -0.24169        1.00029        0.99816
0.043415        0.99666        0.99692        1.00026        0.67474        0.97906       -0.00236        0.11848       -0.24562        1.00030        0.99809
0.044121        0.99655        0.99682        1.00027        0.67478        0.97906       -0.00240        0.12041       -0.24961        1.00031        0.99803
0.044839        0.99644        0.99671        1.00028        0.67482        0.97905       -0.00244        0.12238       -0.25366        1.00032        0.99797
0.045568        0.99632        0.99661        1.00029        0.67486        0.97905       -0.00248        0.12437       -0.25779        1.00033        0.99790
0.046309        0.99620        0.99650        1.00030        0.67490        0.97905       -0.00252        0.12640       -0.26198        1.00034        0.99783
0.047062        0.99608        0.99639        1.00030        0.67494        0.97905       -0.00256        0.12846       -0.26623        1.00035        0.99777
0.047828        0.99596        0.99628        1.00031        0.67498        0.97904       -0.00260        0.13056       -0.27056        1.00036        0.99770
0.048606        0.99584        0.99616        1.00032        0.67502        0.97904       -0.00265        0.13268       -0.27496        1.00037        0.99763
0.049396        0.99572        0.99605        1.00033        0.67507        0.97904       -0.00269        0.13485       -0.27943        1.00039        0.99756
0.050200        0.99559        0.99593        1.00034        0.67511        0.97903       -0.00273        0.13705       -0.28397        1.00040        0.99748
0.051016        0.99543        0.99578        1.00036        0.67516        0.97903       -0.00278        0.13928       -0.28858        1.00041        0.99739
0.051846        0.99527        0.99564        1.00037        0.67522        0.97903       -0.00282        0.14156       -0.29327        1.00043        0.99730
0.052689        0.99511        0.99549        1.00038        0.67528        0.97902       -0.00287        0.14387       -0.29803        1.00044        0.99721
0.053546        0.99494        0.99533        1.00039        0.67533        0.97902       -0.00292        0.14622       -0.30287        1.00046        0.99711
0.054417        0.99477        0.99518        1.00041        0.67539        0.97902       -0.00296        0.14861       -0.30779        1.00047        0.99702
0.055302        0.99460        0.99502        1.00042        0.67545        0.97901       -0.00301        0.15103       -0.31279        1.00049        0.99692
0.056202        0.99443        0.99486        1.00043        0.67551        0.97901       -0.00306        0.15350       -0.31787        1.00050        0.99682
0.057116        0.99425        0.99470        1.00045        0.67557        0.97901       -0.00311        0.15601       -0.32303        1.00052        0.99672
0.058045        0.99407        0.99453        1.00046        0.67563        0.97900       -0.00316        0.15855       -0.32828        1.00053        0.99662
0.058989        0.99389        0.99437        1.00048        0.67570        0.97900       -0.00321        0.16114       -0.33361        1.00055        0.99652
0.059948        0.99371        0.99419        1.00049        0.67576        0.97900       -0.00327        0.16377       -0.33903        1.00057        0.99641
0.060923        0.99349        0.99399        1.00051        0.67583        0.97899       -0.00332        0.16645       -0.34454        1.00059        0.99629
0.061914        0.99327        0.99379        1.00053        0.67591        0.97899       -0.00338        0.16917       -0.35013        1.00061        0.99616
0.062921        0.99304        0.99358        1.00054        0.67599        0.97898       -0.00343        0.17194       -0.35582        1.00063        0.99603
0.063945        0.99280        0.99336        1.00056        0.67607        0.97898       -0.00349        0.17475       -0.36159        1.00065        0.99590
0.064985        0.99257        0.99314        1.00058        0.67615        0.97897       -0.00354        0.17761       -0.36746        1.00067        0.99576
0.066042        0.99233        0.99292        1.00060        0.67624        0.97897       -0.00360        0.18051       -0.37343        1.00069        0.99562
0.067116        0.99208        0.99270        1.00062        0.67632        0.97896       -0.00366        0.18346       -0.37949        1.00071        0.99548
0.068208        0.99183        0.99247        1.00064        0.67640        0.97896       -0.00372        0.18646       -0.38565        1.00074        0.99534
0.069317        0.99158        0.99223        1.00066        0.67649        0.97895       -0.00378        0.18951       -0.39192        1.00076        0.99520
0.070445        0.99131        0.99199        1.00068        0.67658        0.97894       -0.00384        0.19261       -0.39828        1.00078        0.99505
0.071590        0.99101        0.99171        1.00070        0.67669        0.97894       -0.00391        0.19577       -0.40474        1.00081        0.99488
0.072755        0.99071        0.99143        1.00073        0.67679        0.97893       -0.00397        0.19898       -0.41131        1.00084        0.99470
0.073938        0.99040        0.99114        1.00075        0.67690        0.97892       -0.00404        0.20224       -0.41798        1.00087        0.99452
0.075141        0.99008        0.99085        1.00077        0.67701        0.97892       -0.00410        0.20555       -0.42476        1.00090        0.99435
0.076363        0.98976        0.99055        1.00080        0.67712        0.97891       -0.00417        0.20892       -0.43165        1.00093        0.99416
0.077605        0.98944        0.99025        1.00083        0.67723        0.97890       -0.00424        0.21234       -0.43866        1.00095        0.99398
0.078867        0.98911        0.98995        1.00085        0.67734        0.97890       -0.00431        0.21582       -0.44577        1.00098        0.99379
0.080150        0.98877        0.98964        1.00088        0.67746        0.97889       -0.00438        0.21935       -0.45301        1.00102        0.99360
0.081454        0.98838        0.98928        1.00091        0.67759        0.97888       -0.00445        0.22295       -0.46035        1.00105        0.99338
0.082779        0.98799        0.98892        1.00094        0.67773        0.97887       -0.00452        0.22661       -0.46781        1.00109        0.99315
0.084125        0.98759        0.98855        1.00097        0.67787        0.97886       -0.00460        0.23033       -0.47540        1.00112        0.99292
0.085493        0.98718        0.98817        1.00100        0.67801        0.97886       -0.00467        0.23412       -0.48311        1.00116        0.99269
0.086884        0.98677        0.98779        1.00104        0.67815        0.97885       -0.00475        0.23796       -0.49094        1.00120        0.99246
0.088297        0.98635        0.98741        1.00107        0.67829        0.97884       -0.00483        0.24186       -0.49890        1.00124        0.99222
0.089733        0.98593        0.98701        1.00110        0.67844        0.97883       -0.00491        0.24583       -0.50699        1.00128        0.99198
0.091193        0.98546        0.98658        1.00114        0.67860        0.97882       -0.00499        0.24987       -0.51521        1.00132        0.99171
0.092676        0.98497        0.98613        1.00118        0.67877        0.97881       -0.00507        0.25399       -0.52355        1.00136        0.99143
0.094183        0.98447        0.98566        1.00122        0.67894        0.97880       -0.00515        0.25817       -0.53203        1.00141        0.99115
0.095715        0.98396        0.98520        1.00126        0.67911        0.97879       -0.00524        0.26241       -0.54065        1.00146        0.99086
0.097272        0.98344        0.98472        1.00130        0.67929        0.97877       -0.00532        0.26673       -0.54941        1.00150        0.99056
0.098854        0.98292        0.98424        1.00134        0.67947        0.97876       -0.00541        0.27112       -0.55831        1.00155        0.99026
0.100462        0.98238        0.98373        1.00138        0.67966        0.97875       -0.00550        0.27558       -0.56736        1.00160        0.98995
0.102096        0.98178        0.98318        1.00143        0.67986        0.97874       -0.00559        0.28013       -0.57654        1.00166        0.98962
0.103757        0.98117        0.98262        1.00148        0.68007        0.97873       -0.00569        0.28475       -0.58587        1.00171        0.98927
0.105444        0.98056        0.98205        1.00153        0.68028        0.97871       -0.00578        0.28944       -0.59535        1.00177        0.98892
0.107159        0.97993        0.98148        1.00158        0.68049        0.97870       -0.00587        0.29422       -0.60499        1.00183        0.98856
0.108902        0.97930        0.98089        1.00163        0.68071        0.97868       -0.00597        0.29907       -0.61478        1.00189        0.98820
0.110674        0.97863        0.98027        1.00168        0.68094        0.97867       -0.00607        0.30400       -0.62473        1.00195        0.98782
0.112474        0.97791        0.97961        1.00174        0.68118        0.97865       -0.00617        0.30903       -0.63483        1.00201        0.98741
0.114303        0.97718        0.97893        1.00179        0.68143        0.97864       -0.00627        0.31415       -0.64509        1.00208        0.98700
0.116162        0.97644        0.97825        1.00185        0.68169        0.97862       -0.00638        0.31934       -0.65552        1.00215        0.98657
0.118052        0.97569        0.97755        1.00191        0.68194        0.97860       -0.00648        0.32462       -0.66612        1.00222        0.98614
0.119972        0.97492        0.97684        1.00197        0.68220        0.97859       -0.00659        0.32999       -0.67690        1.00229        0.98571
0.121923        0.97408        0.97607        1.00204        0.68249        0.97857       -0.00670        0.33546       -0.68783        1.00237        0.98523
0.123906        0.97322        0.97527        1.00211        0.68278        0.97855       -0.00681        0.34103       -0.69893        1.00245        0.98474
0.125922        0.97235        0.97447        1.00218        0.68308        0.97853       -0.00693        0.34669       -0.71022        1.00253        0.98425
0.127970        0.97146        0.97365        1.00225        0.68338        0.97851       -0.00704        0.35244       -0.72169        1.00261        0.98374
0.130051        0.97056        0.97282        1.00232        0.68369        0.97849       -0.00716        0.35828       -0.73335        1.00270        0.98323
0.132166        0.96958        0.97190        1.00240        0.68402        0.97847       -0.00728        0.36424       -0.74518        1.00279        0.98267
0.134316        0.96857        0.97098        1.00248        0.68436        0.97845       -0.00740        0.37031       -0.75720        1.00288        0.98210
0.136501        0.96756        0.97004        1.00256        0.68470        0.97842       -0.00752        0.37647       -0.76941        1.00298        0.98152
0.138721        0.96652        0.96908        1.00265        0.68506        0.97840       -0.00765        0.38273       -0.78182        1.00308        0.98093
0.140977        0.96544        0.96808        1.00273        0.68542        0.97838       -0.00777        0.38911       -0.79443        1.00318        0.98031
0.143270        0.96429        0.96702        1.00283        0.68581        0.97835       -0.00791        0.39561       -0.80722        1.00329        0.97966
0.145601        0.96313        0.96594        1.00292        0.68620        0.97832       -0.00804        0.40222       -0.82023        1.00340        0.97900
0.147969        0.96195        0.96485        1.00302        0.68660        0.97830       -0.00817        0.40893       -0.83344        1.00351        0.97833
0.150376        0.96073        0.96372        1.00311        0.68701        0.97827       -0.00831        0.41576       -0.84686        1.00362        0.97764
0.152821        0.95943        0.96252        1.00322        0.68745        0.97824       -0.00845        0.42273       -0.86048        1.00375        0.97690
0.155307        0.95811        0.96129        1.00333        0.68789        0.97821       -0.00859        0.42982       -0.87432        1.00388        0.97615
0.157833        0.95676        0.96005        1.00344        0.68834        0.97818       -0.00873        0.43702       -0.88838        1.00400        0.97538
0.160400        0.95538        0.95877        1.00355        0.68880        0.97815       -0.00888        0.44434       -0.90267        1.00414        0.97460
0.163009        0.95391        0.95741        1.00367        0.68930        0.97811       -0.00903        0.45182       -0.91716        1.00428        0.97376
0.165661        0.95241        0.95602        1.00379        0.68980        0.97808       -0.00918        0.45943       -0.93189        1.00442        0.97291
0.168355        0.95089        0.95461        1.00391        0.69031        0.97805       -0.00934        0.46715       -0.94686        1.00457        0.97204
0.171093        0.94931        0.95314        1.00404        0.69083        0.97801       -0.00950        0.47502       -0.96205        1.00472        0.97114
0.173876        0.94764        0.95160        1.00418        0.69138        0.97797       -0.00966        0.48305       -0.97747        1.00488        0.97020
0.176704        0.94595        0.95004        1.00432        0.69195        0.97793       -0.00982        0.49121       -0.99314        1.00505        0.96924
0.179578        0.94423        0.94844        1.00446        0.69252        0.97789       -0.00999        0.49950       -1.00906        1.00521        0.96826
0.182499        0.94241        0.94675        1.00461        0.69312        0.97785       -0.01016        0.50798       -1.02520        1.00539        0.96723
0.185468        0.94054        0.94502        1.00476        0.69373        0.97780       -0.01033        0.51660       -1.04160        1.00557        0.96616
0.188484        0.93864        0.94326        1.00492        0.69436        0.97776       -0.01050        0.52536       -1.05827        1.00576        0.96509
0.191550        0.93666        0.94143        1.00508        0.69501        0.97771       -0.01068        0.53429       -1.07518        1.00595        0.96396
0.194666        0.93460        0.93951        1.00526        0.69568        0.97766       -0.01086        0.54340       -1.09234        1.00616        0.96279
0.197832        0.93251        0.93757        1.00543        0.69637        0.97761       -0.01105        0.55266       -1.10978        1.00636        0.96160
0.201050        0.93035        0.93557        1.00561        0.69707        0.97756       -0.01124        0.56209       -1.12749        1.00658        0.96038
0.204320        0.92808        0.93346        1.00580        0.69780        0.97751       -0.01143        0.57172       -1.14544        1.00681        0.95909
0.207643        0.92578        0.93133        1.00599        0.69855        0.97745       -0.01163        0.58150       -1.16369        1.00703        0.95778
0.211020        0.92341        0.92913        1.00619        0.69931        0.97739       -0.01182        0.59147       -1.18221        1.00727        0.95644
0.214453        0.92093        0.92682        1.00640        0.70011        0.97733       -0.01203        0.60165       -1.20099        1.00752        0.95503
0.217941        0.91840        0.92447        1.00661        0.70092        0.97727       -0.01223        0.61200       -1.22008        1.00778        0.95360
0.221486        0.91579        0.92205        1.00683        0.70175        0.97721       -0.01244        0.62255       -1.23944        1.00804        0.95212
0.225088        0.91307        0.91952        1.00707        0.70261        0.97714       -0.01266        0.63332       -1.25908        1.00832        0.95058
0.228749        0.91031        0.91696        1.00730        0.70349        0.97707       -0.01288        0.64427       -1.27904        1.00860        0.94901
0.232470        0.90743        0.91428        1.00755        0.70439        0.97700       -0.01310        0.65545       -1.29927        1.00890        0.94738
0.236251        0.90447        0.91152        1.00780        0.70532        0.97692       -0.01332        0.66684       -1.31979        1.00920        0.94569
0.240093        0.90145        0.90872        1.00806        0.70626        0.97685       -0.01355        0.67842       -1.34066        1.00952        0.94399
0.243999        0.89827        0.90576        1.00833        0.70724        0.97676       -0.01379        0.69029       -1.36177        1.00985        0.94218
0.247967        0.89504        0.90275        1.00861        0.70824        0.97668       -0.01403        0.70235       -1.38322        1.01019        0.94035
0.252000        0.89170        0.89964        1.00890        0.70926        0.97660       -0.01427        0.71466       -1.40498        1.01054        0.93846
0.256099        0.88824        0.89642        1.00921        0.71031        0.97651       -0.01452        0.72722       -1.42703        1.01090        0.93650
0.260265        0.88473        0.89314        1.00951        0.71137        0.97641       -0.01477        0.73999       -1.44945        1.01128        0.93450
0.264498        0.88103        0.88970        1.00984        0.71247        0.97632       -0.01502        0.75308       -1.47211        1.01167        0.93241
0.268800        0.87728        0.88620        1.01017        0.71359        0.97622       -0.01529        0.76638       -1.49515        1.01207        0.93029
0.273172        0.87339        0.88257        1.01052        0.71473        0.97611       -0.01555        0.77998       -1.51848        1.01250        0.92808
0.277615        0.86939        0.87884        1.01087        0.71589        0.97601       -0.01582        0.79384       -1.54214        1.01293        0.92581
0.282131        0.86527        0.87499        1.01124        0.71708        0.97589       -0.01610        0.80798       -1.56614        1.01338        0.92348
0.286720        0.86101        0.87102        1.01162        0.71828        0.97578       -0.01638        0.82243       -1.59044        1.01385        0.92106
0.291383        0.85665        0.86695        1.01202        0.71951        0.97566       -0.01666        0.83715       -1.61511        1.01434        0.91859
0.296123        0.85213        0.86272        1.01243        0.72076        0.97553       -0.01695        0.85222       -1.64006        1.01484        0.91603
0.300939        0.84751        0.85840        1.01285        0.72203        0.97540       -0.01724        0.86755       -1.66540        1.01536        0.91341
0.305834        0.84271        0.85391        1.01329        0.72331        0.97527       -0.01754        0.88325       -1.69101        1.01591        0.91069
0.310808        0.83782        0.84933        1.01374        0.72461        0.97513       -0.01785        0.89924       -1.71701        1.01646        0.90791
0.315864        0.83273        0.84457        1.01422        0.72592        0.97498       -0.01815        0.91561       -1.74328        1.01705        0.90503
0.321001        0.82754        0.83971        1.01470        0.72725        0.97483       -0.01847        0.93229       -1.76994        1.01765        0.90208
0.326222        0.82216        0.83466        1.01521        0.72858        0.97468       -0.01878        0.94937       -1.79687        1.01828        0.89903
0.331528        0.81666        0.82950        1.01573        0.72992        0.97451       -0.01911        0.96678       -1.82419        1.01893        0.89591
0.336921        0.81097        0.82417        1.01627        0.73126        0.97434       -0.01943        0.98460       -1.85179        1.01961        0.89268
0.342401        0.80514        0.81869        1.01683        0.73260        0.97417       -0.01976        1.00278       -1.87974        1.02031        0.88936
0.347970        0.79913        0.81305        1.01742        0.73393        0.97399       -0.02010        1.02137       -1.90801        1.02104        0.88595
0.353630        0.79295        0.80724        1.01802        0.73525        0.97380       -0.02044        1.04038       -1.93659        1.02179        0.88243
0.359381        0.78663        0.80129        1.01864        0.73657        0.97360       -0.02078        1.05977       -1.96553        1.02258        0.87883
0.365227        0.78008        0.79513        1.01929        0.73783        0.97340       -0.02113        1.07966       -1.99470        1.02340        0.87511
0.371167        0.77340        0.78883        1.01996        0.73909        0.97319       -0.02148        1.09993       -2.02426        1.02424        0.87130
0.377204        0.76650        0.78233        1.02066        0.74030        0.97296       -0.02183        1.12070       -2.05405        1.02512        0.86736
0.383340        0.75943        0.77566        1.02138        0.74146        0.97274       -0.02218        1.14191       -2.08416        1.02603        0.86332
0.389575        0.75218        0.76882        1.02212        0.74258        0.97250       -0.02254        1.16358       -2.11460        1.02698        0.85918
0.395911        0.74471        0.76176        1.02290        0.74359        0.97225       -0.02289        1.18580       -2.14521        1.02797        0.85491
0.402351        0.73707        0.75454        1.02371        0.74455        0.97200       -0.02325        1.20848       -2.17616        1.02899        0.85053
0.408895        0.72922        0.74712        1.02454        0.74541        0.97174       -0.02361        1.23168       -2.20737        1.03005        0.84603
0.415546        0.72117        0.73948        1.02541        0.74613        0.97146       -0.02396        1.25543       -2.23875        1.03116        0.84139
0.422304        0.71292        0.73167        1.02630        0.74674        0.97118       -0.02431        1.27970       -2.27041        1.03231        0.83665
0.429173        0.70447        0.72366        1.02723        0.74722        0.97089       -0.02466        1.30451       -2.30230        1.03350        0.83177
0.436154        0.69580        0.71542        1.02820        0.74747        0.97058       -0.02499        1.32993       -2.33429        1.03474        0.82676
0.443248        0.68694        0.70700        1.02921        0.74755        0.97027       -0.02533        1.35589       -2.36651        1.03603        0.82162
0.450457        0.67787        0.69837        1.03025        0.74745        0.96995       -0.02565        1.38242       -2.39894        1.03736        0.81635
0.457784        0.66858        0.68952        1.03133        0.74701        0.96962       -0.02596        1.40959       -2.43138        1.03876        0.81093
0.465230        0.65908        0.68047        1.03245        0.74630        0.96928       -0.02626        1.43736       -2.46394        1.04020        0.80537
0.472797        0.64939        0.67122        1.03362        0.74529        0.96893       -0.02654        1.46573       -2.49662        1.04170        0.79968
0.480487        0.63949        0.66176        1.03483        0.74396        0.96857       -0.02680        1.49470       -2.52939        1.04325        0.79384
0.488302        0.62938        0.65209        1.03609        0.74212        0.96820       -0.02704        1.52434       -2.56206        1.04487        0.78785
0.496244        0.61907        0.64221        1.03740        0.73982        0.96783       -0.02724        1.55460       -2.59470        1.04655        0.78171
0.504316        0.60856        0.63214        1.03876        0.73703        0.96745       -0.02742        1.58548       -2.62731        1.04829        0.77542
0.512519        0.59787        0.62188        1.04016        0.73369        0.96706       -0.02756        1.61699       -2.65985        1.05009        0.76898
0.520855        0.58699        0.61143        1.04163        0.72974        0.96668       -0.02766        1.64912       -2.69226        1.05196        0.76239
0.529327        0.57594        0.60079        1.04315        0.72503        0.96629       -0.02771        1.68188       -2.72441        1.05390        0.75564
0.537936        0.56472        0.58998        1.04474        0.71949        0.96590       -0.02771        1.71524       -2.75626        1.05590        0.74873
0.546686        0.55334        0.57900        1.04638        0.71309        0.96552       -0.02764        1.74918       -2.78781        1.05798        0.74165
0.555578        0.54182        0.56787        1.04810        0.70576        0.96515       -0.02750        1.78368       -2.81901        1.06012        0.73442
0.564614        0.53016        0.55660        1.04987        0.69740        0.96478       -0.02728        1.81872       -2.84979        1.06233        0.72702
0.573798        0.51839        0.54520        1.05172        0.68790        0.96444       -0.02698        1.85425       -2.88008        1.06462        0.71946
0.583131        0.50653        0.53369        1.05364        0.67717        0.96412       -0.02658        1.89022       -2.90980        1.06696        0.71174
0.592615        0.49458        0.52210        1.05564        0.66509        0.96382       -0.02607        1.92660       -2.93888        1.06938        0.70384
0.602254        0.48259        0.51043        1.05771        0.65156        0.96357       -0.02544        1.96330       -2.96724        1.07186        0.69578
0.612050        0.47056        0.49873        1.05987        0.63647        0.96336       -0.02468        2.00026       -2.99479        1.07440        0.68756
0.622005        0.45853        0.48701        1.06211        0.61969        0.96320       -0.02377        2.03738       -3.02146        1.07700        0.67916
0.632122        0.44654        0.47531        1.06444        0.60114        0.96311       -0.02271        2.07455       -3.04715        1.07965        0.67060
0.642403        0.43461        0.46366        1.06686        0.58071        0.96309       -0.02147        2.11167       -3.07177        1.08235        0.66187
0.652852        0.42278        0.45211        1.06938        0.55830        0.96317       -0.02006        2.14859       -3.09525        1.08508        0.65297
0.663471        0.41109        0.44068        1.07199        0.53386        0.96334       -0.01845        2.18516       -3.11749        1.08784        0.64391
0.674262        0.39958        0.42942        1.07470        0.50730        0.96364       -0.01663        2.22124       -3.13841        1.09062        0.63468
0.685229        0.38830        0.41839        1.07751        0.47859        0.96407       -0.01460        2.25662       -3.15794        1.09340        0.62529
0.696374        0.37728        0.40762        1.08043        0.44770        0.96464       -0.01236        2.29113       -3.17599        1.09617        0.61574
0.707701        0.36659        0.39717        1.08345        0.41464        0.96539       -0.00988        2.32454       -3.19250        1.09892        0.60602
0.719212        0.35625        0.38709        1.08658        0.37941        0.96631       -0.00717        2.35664       -3.20738        1.10162        0.59615
0.730910        0.34637        0.37748        1.08982        0.34198        0.96744       -0.00422        2.38704       -3.22047        1.10425        0.58612
0.742798        0.33700        0.36839        1.09318        0.30241        0.96880       -0.00103        2.41542       -3.23166        1.10678        0.57594
0.754880        0.32815        0.35986        1.09665        0.26090        0.97039        0.00238        2.44165       -3.24103        1.10919        0.56562
0.767158        0.31989        0.35195        1.10023        0.21753        0.97221        0.00601        2.46544       -3.24854        1.11146        0.55514
0.779636        0.31225        0.34470        1.10393        0.17243        0.97429        0.00985        2.48649       -3.25414        1.11356        0.54453
0.792317        0.30540        0.33830        1.10774        0.12562        0.97666        0.01391        2.50398       -3.25750        1.11542        0.53379
0.805204        0.29932        0.33274        1.11166        0.07731        0.97930        0.01815        2.51787       -3.25878        1.11703        0.52291
0.818301        0.29403        0.32805        1.11569        0.02764        0.98221        0.02256        2.52794       -3.25801        1.11835        0.51191
0.831610        0.28966        0.32437        1.11983       -0.02334        0.98540        0.02714        2.53339       -3.25496        1.11932        0.50079
0.845137        0.28629        0.32181        1.12407       -0.07556        0.98887        0.03187        2.53364       -3.24952        1.11986        0.48956
0.858883        0.28387        0.32032        1.12840       -0.12894        0.99259        0.03674        2.52873       -3.24185        1.11998        0.47822
0.872853        0.28260        0.32014        1.13283       -0.18352        0.99656        0.04176        2.51733       -3.23154        1.11953        0.46680
0.887050        0.28246        0.32125        1.13733       -0.23933        1.00075        0.04693        2.49926       -3.21866        1.11849        0.45528
0.901478        0.28351        0.32373        1.14189       -0.29642        1.00512        0.05225        2.47385       -3.20306        1.11676        0.44368
0.916140        0.28590        0.32779        1.14652       -0.35494        1.00966        0.05774        2.43971       -3.18436        1.11421        0.43201
0.931041        0.28957        0.33334        1.15117       -0.41494        1.01431        0.06342        2.39684       -3.16261        1.11080        0.42028
0.946185        0.29474        0.34067        1.15585       -0.47656        1.01902        0.06933        2.34304       -3.13714        1.10630        0.40851
0.961575        0.30130        0.34966        1.16051       -0.53977        1.02374        0.07546        2.27839       -3.10798        1.10068        0.39668
0.977215        0.30942        0.36052        1.16514       -0.60454        1.02840        0.08184        2.20060       -3.07437        1.09367        0.38484
0.993109        0.31904        0.37318        1.16970       -0.67060        1.03293        0.08849        2.10892       -3.03600        1.08516        0.37297
1.009262        0.33012        0.38762        1.17416       -0.73754        1.03730        0.09537        2.00215       -2.99239        1.07498        0.36110
1.025678        0.34269        0.40385        1.17845       -0.80457        1.04140        0.10246        1.87750       -2.94246        1.06278        0.34924
1.042361        0.35646        0.42154        1.18255       -0.87078        1.04524        0.10966        1.73504       -2.88609        1.04851        0.33740
1.059315        0.37125        0.44046        1.18640       -0.93484        1.04877        0.11688        1.57275       -2.82241        1.03189        0.32558
1.076545        0.38669        0.46012        1.18990       -0.99481        1.05196        0.12392        1.38840       -2.75049        1.01258        0.31383
1.094055        0.40222        0.47986        1.19301       -1.04914        1.05487        0.13062        1.18223       -2.67039        0.99054        0.30212
1.111850        0.41722        0.49885        1.19566       -1.09581        1.05754        0.13674        0.95340       -2.58191        0.96560        0.29049
1.129934        0.43086        0.51606        1.19776       -1.13256        1.06002        0.14202        0.70143       -2.48522        0.93759        0.27894
1.148312        0.44203        0.53008        1.19920       -1.15642        1.06240        0.14608        0.42594       -2.38092        0.90635        0.26751
1.166990        0.44974        0.53965        1.19992       -1.16548        1.06473        0.14865        0.12906       -2.27088        0.87206        0.25619
1.185971        0.45290        0.54341        1.19984       -1.15709        1.06704        0.14935       -0.18707       -2.15735        0.83485        0.24500
1.205261        0.45047        0.54007        1.19889       -1.12848        1.06930        0.14777       -0.51901       -2.04343        0.79505        0.23396
1.224865        0.44167        0.52868        1.19700       -1.07708        1.07136        0.14350       -0.86166       -1.93294        0.75321        0.22308
1.244787        0.42613        0.50886        1.19413       -1.00119        1.07296        0.13621       -1.20804       -1.83011        0.71012        0.21237
1.265034        0.40414        0.48105        1.19027       -0.90103        1.07371        0.12581       -1.54937       -1.73912        0.66687        0.20184
1.285610        0.37678        0.44665        1.18542       -0.77999        1.07312        0.11261       -1.87559       -1.66334        0.62473        0.19153
1.306520        0.34579        0.40792        1.17964       -0.64511        1.07071        0.09743       -2.17663       -1.60463        0.58507        0.18142
1.327771        0.31339        0.36762        1.17301       -0.50627        1.06616        0.08148       -2.44403       -1.56296        0.54911        0.17154
1.349367        0.28175        0.32842        1.16563       -0.37370        1.05942        0.06610       -2.67241       -1.53659        0.51771        0.16190
1.371315        0.25271        0.29254        1.15761       -0.25582        1.05065        0.05242       -2.85901       -1.52292        0.49140        0.15252
1.393619        0.22739        0.26130        1.14909       -0.15665        1.04028        0.04100       -3.00582       -1.51864        0.47011        0.14340
1.416287        0.20619        0.23510        1.14017       -0.07623        1.02876        0.03189       -3.11725       -1.52081        0.45340        0.13455
1.439323        0.18913        0.21390        1.13097       -0.01277        1.01646        0.02481       -3.19771       -1.52730        0.44080        0.12598
1.462733        0.17616        0.19758        1.12156        0.03570        1.00369        0.01945       -3.25023       -1.53667        0.43203        0.11771
1.486525        0.16685        0.18555        1.11203        0.07238        0.99069        0.01531       -3.27936       -1.54776        0.42654        0.10974
1.510703        0.16087        0.17735        1.10244        0.09963        0.97765        0.01203       -3.28787       -1.55987        0.42406        0.10206
1.535275        0.15814        0.17283        1.09286        0.11893        0.96470        0.00934       -3.27643       -1.57258        0.42457        0.09471
1.560246        0.15832        0.17151        1.08333        0.13234        0.95194        0.00699       -3.24699       -1.58558        0.42788        0.08765
1.585624        0.16154        0.17349        1.07393        0.14077        0.93948        0.00483       -3.19797       -1.59871        0.43434        0.08094
1.611414        0.16763        0.17848        1.06469        0.14567        0.92735        0.00276       -3.12946       -1.61187        0.44404        0.07453
1.637624        0.17677        0.18661        1.05568        0.14789        0.91566        0.00073       -3.03860       -1.62502        0.45757        0.06844
1.664260        0.18895        0.19782        1.04697        0.14831        0.90444       -0.00126       -2.92283       -1.63816        0.47547        0.06268
1.691330        0.20413        0.21201        1.03862        0.14753        0.89377       -0.00320       -2.77887       -1.65130        0.49844        0.05724
1.718839        0.22215        0.22898        1.03073        0.14589        0.88375       -0.00502       -2.60191       -1.66444        0.52749        0.05211
1.746796        0.24246        0.24813        1.02340        0.14344        0.87448       -0.00660       -2.38757       -1.67760        0.56357        0.04730
1.775208        0.26399        0.26840        1.01673        0.13988        0.86605       -0.00781       -2.13250       -1.69069        0.60752        0.04280
1.804082        0.28504        0.28813        1.01084        0.13466        0.85862       -0.00845       -1.83447       -1.70359        0.65998        0.03860
1.833425        0.30326        0.30504        1.00587        0.12709        0.85232       -0.00834       -1.49426       -1.71602        0.72112        0.03469
1.863246        0.31585        0.31647        1.00195        0.11654        0.84729       -0.00728       -1.11699       -1.72756        0.79026        0.03107
1.893552        0.32015        0.31989        0.99917        0.10275        0.84367       -0.00515       -0.71297       -1.73769        0.86573        0.02773
1.924351        0.31441        0.31366        0.99762        0.08599        0.84154       -0.00192       -0.29718       -1.74590        0.94486        0.02465
1.955651        0.29844        0.29765        0.99734        0.06702        0.84094        0.00235        0.11272       -1.75177        1.02433        0.02183
1.987460        0.27383        0.27336        0.99831        0.04686        0.84185        0.00757        0.49950       -1.75514        1.10072        0.01926
2.019786        0.24341        0.24353        1.00049        0.02637        0.84419        0.01368        0.84936       -1.75610        1.17114        0.01692
2.052638        0.21049        0.21129        1.00382        0.00600        0.84785        0.02077        1.15256       -1.75486        1.23337        0.01480
2.086024        0.17805        0.17950        1.00816       -0.01440        0.85264        0.02902        1.40718       -1.75185        1.28670        0.01289
2.119953        0.14814        0.15012        1.01339       -0.03542        0.85838        0.03874        1.61523       -1.74742        1.33122        0.01117
2.154435        0.12199        0.12436        1.01944       -0.05802        0.86493        0.05042        1.78000       -1.74187        1.36733        0.00964
2.189477        0.09982        0.10244        1.02619       -0.08322        0.87210        0.06448        1.90925       -1.73549        1.39638        0.00828
2.225089        0.08160        0.08434        1.03356       -0.11215        0.87977        0.08150        2.00826       -1.72844        1.41930        0.00708
2.261280        0.06679        0.06956        1.04149       -0.14570        0.88780        0.10190        2.08381       -1.72090        1.43738        0.00602
2.298060        0.05493        0.05767        1.04993       -0.18482        0.89611        0.12621        2.14050       -1.71295        1.45149        0.00509
2.335438        0.04546        0.04813        1.05885       -0.23021        0.90461        0.15480        2.18274       -1.70467        1.46251        0.00428
2.373424        0.03789        0.04048        1.06821       -0.28241        0.91325        0.18800        2.21391       -1.69611        1.47113        0.00358
2.412028        0.03185        0.03433        1.07799       -0.34188        0.92200        0.22612        2.23659       -1.68730        1.47787        0.00297
2.451260        0.02700        0.02938        1.08820       -0.40900        0.93084        0.26941        2.25279       -1.67826        1.48316        0.00246
2.491130        0.02308        0.02536        1.09882       -0.48411        0.93974        0.31811        2.26405       -1.66899        1.48732        0.00202
2.531648        0.01988        0.02206        1.10986       -0.56758        0.94870        0.37252        2.27081       -1.65950        1.49042        0.00000
2.572826        0.01721        0.01930        1.12131       -0.66117        0.95761        0.43380        2.27569       -1.64986        1.49311        0.00000
2.614673        0.01493        0.01691        1.13306       -0.77069        0.96598        0.50545        2.28117       -1.64054        1.49610        0.00000
2.657201        0.01338        0.01533        1.14529       -0.86485        0.97623        0.56765        2.28219       -1.62934        1.49792        0.00000
2.700421        0.01192        0.01381        1.15810       -0.97740        0.98610        0.64231        2.28132       -1.61824        1.49920        0.00000
2.744343        0.01066        0.01249        1.17137       -1.10009        0.99608        0.72400        2.27961       -1.60680        1.50027        0.00000
2.788980        0.00959        0.01136        1.18514       -1.23191        1.00633        0.81210        2.27718       -1.59488        1.50116        0.00000
2.834343        0.00866        0.01039        1.19942       -1.37277        1.01690        0.90659        2.27422       -1.58239        1.50191        0.00000
2.880444        0.00786        0.00954        1.21425       -1.52291        1.02787        1.00766        2.27087       -1.56926        1.50257        0.00000
2.927295        0.00716        0.00880        1.22964       -1.68257        1.03929        1.11550        2.26728       -1.55541        1.50315        0.00000
2.974908        0.00655        0.00816        1.24563       -1.85223        1.05124        1.23046        2.26355       -1.54073        1.50371        0.00000
3.023295        0.00601        0.00758        1.26225       -2.03238        1.06380        1.35288        2.25979       -1.52512        1.50426        0.00000
3.072469        0.00553        0.00708        1.27953       -2.22358        1.07704        1.48315        2.25609       -1.50847        1.50483        0.00000
3.122443        0.00511        0.00663        1.29752       -2.42654        1.09108        1.62176        2.25253       -1.49064        1.50546        0.00000
3.173230        0.00473        0.00622        1.31626       -2.64206        1.10602        1.76925        2.24919       -1.47146        1.50617        0.00000
3.224842        0.00439        0.00586        1.33579       -2.87110        1.12200        1.92625        2.24617       -1.45076        1.50698        0.00000
3.277295        0.00408        0.00553        1.35617       -3.11478        1.13917        2.09351        2.24354       -1.42830        1.50793        0.00000
3.330600        0.00380        0.00523        1.37746       -3.37440        1.15774        2.27187        2.24140       -1.40383        1.50906        0.00000
3.384773        0.00355        0.00496        1.39971       -3.65135        1.17791        2.46222        2.23985       -1.37704        1.51040        0.00000
3.439826        0.00331        0.00472        1.42300       -3.94749        1.19996        2.66576        2.23899       -1.34754        1.51200        0.00000
3.495776        0.00310        0.00449        1.44741       -4.26472        1.22422        2.88368        2.23893       -1.31488        1.51390        0.00000
3.552635        0.00291        0.00428        1.47303       -4.60561        1.25113        3.11761        2.23983       -1.27844        1.51617        0.00000
3.610419        0.00273        0.00409        1.49995       -4.97282        1.28120        3.36919        2.24180       -1.23751        1.51887        0.00000
3.669142        0.00256        0.00391        1.52828       -5.36970        1.31509        3.64051        2.24502       -1.19115        1.52206        0.00000
3.728821        0.00241        0.00375        1.55816       -5.80021        1.35371        3.93400        2.24967       -1.13812        1.52584        0.00000
3.789471        0.00226        0.00359        1.58973       -6.26899        1.39823        4.25253        2.25592       -1.07677        1.53029        0.00000
3.851107        0.00213        0.00345        1.62315       -6.78149        1.45027        4.59947        2.26393       -1.00486        1.53549        0.00000
3.913746        0.00200        0.00332        1.65861       -7.34387        1.51205        4.97870        2.27380       -0.91930        1.54150        0.00000
3.977403        0.00188        0.00319        1.69632       -7.96295        1.58685        5.39466        2.28544       -0.81554        1.54832        0.00000
4.042096        0.00177        0.00307        1.73653       -8.64511        1.67960        5.85195        2.29834       -0.68677        1.55577        0.00000
4.107841        0.00166        0.00296        1.77946       -9.39272        1.79785        6.35372        2.31089       -0.52256        1.56321        0.00000
4.174655        0.00156        0.00285        1.82537      -10.19565        1.95423        6.89821        2.31876       -0.30547        1.56884        0.00000
