x               rho            P              T              ur             uphi           uz             Br             Bphi           Bz             m
0.010000        0.99987        0.99988        1.00001        0.56282        0.98006       -0.00048        0.02079       -0.04008        1.00001        0.99990
0.010163        0.99987        0.99988        1.00001        0.56282        0.98006       -0.00048        0.02113       -0.04073        1.00001        0.99990
0.010328        0.99986        0.99987        1.00001        0.56282        0.98006       -0.00049        0.02147       -0.04139        1.00001        0.99989
0.010496        0.99985        0.99987        1.00001        0.56282        0.98006       -0.00050        0.02182       -0.04206        1.00001        0.99989
0.010667        0.99985        0.99986        1.00001        0.56282        0.98006       -0.00051        0.02217       -0.04275        1.00001        0.99988
0.010840        0.99984        0.99985        1.00001        0.56283        0.98006       -0.00052        0.02253       -0.04344        1.00001        0.99988
0.011016        0.99983        0.99985        1.00001        0.56283        0.98006       -0.00053        0.02290       -0.04415        1.00002        0.99987
0.011196        0.99983        0.99984        1.00001        0.56283        0.98006       -0.00053        0.02327       -0.04487        1.00002        0.99986
0.011378        0.99982        0.99983        1.00001        0.56283        0.98006       -0.00054        0.02365       -0.04560        1.00002        0.99986
0.011563        0.99981        0.99983        1.00002        0.56283        0.98006       -0.00055        0.02404       -0.04634        1.00002        0.99985
0.011751        0.99981        0.99982        1.00002        0.56283        0.98006       -0.00056        0.02443       -0.04709        1.00002        0.99985
0.011942        0.99980        0.99981        1.00002        0.56283        0.98006       -0.00057        0.02483       -0.04786        1.00002        0.99984
0.012136        0.99979        0.99981        1.00002        0.56284        0.98006       -0.00058        0.02523       -0.04864        1.00002        0.99984
0.012334        0.99978        0.99980        1.00002        0.56284        0.98006       -0.00059        0.02564       -0.04943        1.00002        0.99983
0.012534        0.99978        0.99979        1.00002        0.56284        0.98006       -0.00060        0.02606       -0.05023        1.00002        0.99982
0.012738        0.99977        0.99979        1.00002        0.56284        0.98006       -0.00061        0.02648       -0.05105        1.00002        0.99982
0.012945        0.99976        0.99978        1.00002        0.56284        0.98006       -0.00062        0.02691       -0.05188        1.00002        0.99981
0.013156        0.99975        0.99977        1.00002        0.56284        0.98006       -0.00063        0.02735       -0.05272        1.00002        0.99981
0.013370        0.99974        0.99976        1.00002        0.56285        0.98006       -0.00064        0.02779       -0.05358        1.00002        0.99980
0.013587        0.99973        0.99976        1.00002        0.56285        0.98006       -0.00065        0.02825       -0.05445        1.00002        0.99979
0.013808        0.99973        0.99975        1.00002        0.56285        0.98006       -0.00066        0.02871       -0.05534        1.00003        0.99979
0.014033        0.99972        0.99974        1.00002        0.56285        0.98006       -0.00067        0.02917       -0.05624        1.00003        0.99978
0.014261        0.99971        0.99973        1.00002        0.56285        0.98006       -0.00068        0.02965       -0.05715        1.00003        0.99977
0.014493        0.99970        0.99972        1.00002        0.56285        0.98006       -0.00069        0.03013       -0.05808        1.00003        0.99977
0.014729        0.99969        0.99972        1.00003        0.56286        0.98005       -0.00070        0.03062       -0.05903        1.00003        0.99976
0.014968        0.99968        0.99971        1.00003        0.56286        0.98005       -0.00071        0.03112       -0.05999        1.00003        0.99975
0.015212        0.99967        0.99970        1.00003        0.56286        0.98005       -0.00073        0.03162       -0.06096        1.00003        0.99974
0.015459        0.99966        0.99969        1.00003        0.56286        0.98005       -0.00074        0.03214       -0.06195        1.00003        0.99974
0.015711        0.99965        0.99968        1.00003        0.56286        0.98005       -0.00075        0.03266       -0.06296        1.00003        0.99973
0.015966        0.99964        0.99967        1.00003        0.56287        0.98005       -0.00076        0.03319       -0.06398        1.00003        0.99972
0.016226        0.99963        0.99966        1.00003        0.56287        0.98005       -0.00077        0.03373       -0.06502        1.00003        0.99971
0.016490        0.99962        0.99965        1.00003        0.56287        0.98005       -0.00079        0.03428       -0.06608        1.00004        0.99971
0.016758        0.99961        0.99964        1.00003        0.56287        0.98005       -0.00080        0.03484       -0.06716        1.00004        0.99970
0.017031        0.99960        0.99963        1.00003        0.56287        0.98005       -0.00081        0.03541       -0.06825        1.00004        0.99969
0.017308        0.99959        0.99962        1.00003        0.56288        0.98005       -0.00083        0.03598       -0.06936        1.00004        0.99968
0.017589        0.99958        0.99961        1.00003        0.56288        0.98005       -0.00084        0.03657       -0.07049        1.00004        0.99967
0.017875        0.99957        0.99960        1.00004        0.56288        0.98005       -0.00085        0.03716       -0.07163        1.00004        0.99966
0.018166        0.99956        0.99959        1.00004        0.56288        0.98005       -0.00087        0.03777       -0.07280        1.00004        0.99965
0.018461        0.99955        0.99958        1.00004        0.56289        0.98005       -0.00088        0.03838       -0.07398        1.00004        0.99965
0.018762        0.99953        0.99957        1.00004        0.56289        0.98005       -0.00089        0.03901       -0.07519        1.00004        0.99964
0.019067        0.99952        0.99956        1.00004        0.56289        0.98005       -0.00091        0.03964       -0.07641        1.00005        0.99963
0.019377        0.99951        0.99955        1.00004        0.56289        0.98005       -0.00092        0.04029       -0.07765        1.00005        0.99962
0.019692        0.99950        0.99954        1.00004        0.56290        0.98005       -0.00094        0.04094       -0.07891        1.00005        0.99961
0.020012        0.99949        0.99953        1.00004        0.56290        0.98005       -0.00095        0.04161       -0.08020        1.00005        0.99960
0.020338        0.99947        0.99951        1.00004        0.56290        0.98005       -0.00097        0.04228       -0.08150        1.00005        0.99958
0.020669        0.99945        0.99949        1.00004        0.56291        0.98005       -0.00099        0.04297       -0.08283        1.00005        0.99957
0.021005        0.99942        0.99947        1.00005        0.56291        0.98005       -0.00100        0.04367       -0.08417        1.00005        0.99955
0.021347        0.99940        0.99945        1.00005        0.56291        0.98005       -0.00102        0.04438       -0.08554        1.00006        0.99953
0.021694        0.99938        0.99943        1.00005        0.56292        0.98005       -0.00103        0.04510       -0.08693        1.00006        0.99952
0.022047        0.99936        0.99941        1.00005        0.56292        0.98005       -0.00105        0.04584       -0.08835        1.00006        0.99950
0.022405        0.99933        0.99939        1.00005        0.56293        0.98005       -0.00107        0.04659       -0.08978        1.00006        0.99948
0.022770        0.99931        0.99937        1.00006        0.56293        0.98005       -0.00109        0.04734       -0.09124        1.00007        0.99946
0.023140        0.99929        0.99935        1.00006        0.56294        0.98005       -0.00110        0.04811       -0.09273        1.00007        0.99944
0.023516        0.99926        0.99932        1.00006        0.56294        0.98005       -0.00112        0.04890       -0.09423        1.00007        0.99942
0.023899        0.99924        0.99930        1.00006        0.56295        0.98005       -0.00114        0.04969       -0.09577        1.00007        0.99941
0.024288        0.99921        0.99928        1.00006        0.56295        0.98005       -0.00116        0.05050       -0.09732        1.00007        0.99939
0.024683        0.99919        0.99925        1.00007        0.56296        0.98005       -0.00118        0.05132       -0.09891        1.00008        0.99937
0.025084        0.99916        0.99923        1.00007        0.56296        0.98004       -0.00120        0.05216       -0.10052        1.00008        0.99935
0.025492        0.99914        0.99921        1.00007        0.56297        0.98004       -0.00122        0.05301       -0.10215        1.00008        0.99933
0.025907        0.99911        0.99918        1.00007        0.56297        0.98004       -0.00124        0.05387       -0.10381        1.00009        0.99930
0.026328        0.99908        0.99916        1.00007        0.56298        0.98004       -0.00126        0.05475       -0.10550        1.00009        0.99928
0.026756        0.99906        0.99913        1.00008        0.56299        0.98004       -0.00128        0.05564       -0.10721        1.00009        0.99926
0.027192        0.99903        0.99911        1.00008        0.56299        0.98004       -0.00130        0.05654       -0.10896        1.00009        0.99924
0.027634        0.99900        0.99908        1.00008        0.56300        0.98004       -0.00132        0.05746       -0.11073        1.00010        0.99922
0.028083        0.99897        0.99905        1.00008        0.56300        0.98004       -0.00134        0.05840       -0.11253        1.00010        0.99920
0.028540        0.99894        0.99903        1.00009        0.56301        0.98004       -0.00136        0.05935       -0.11436        1.00010        0.99917
0.029004        0.99891        0.99900        1.00009        0.56301        0.98004       -0.00138        0.06032       -0.11622        1.00010        0.99915
0.029476        0.99888        0.99897        1.00009        0.56302        0.98004       -0.00141        0.06130       -0.11811        1.00011        0.99913
0.029955        0.99885        0.99894        1.00009        0.56303        0.98004       -0.00143        0.06229       -0.12003        1.00011        0.99910
0.030443        0.99881        0.99891        1.00010        0.56303        0.98004       -0.00145        0.06331       -0.12198        1.00011        0.99907
0.030938        0.99877        0.99887        1.00010        0.56304        0.98004       -0.00148        0.06434       -0.12396        1.00012        0.99904
0.031441        0.99872        0.99882        1.00010        0.56305        0.98004       -0.00150        0.06539       -0.12598        1.00012        0.99900
0.031952        0.99867        0.99878        1.00011        0.56306        0.98004       -0.00152        0.06645       -0.12803        1.00013        0.99896
0.032472        0.99863        0.99874        1.00011        0.56307        0.98003       -0.00155        0.06753       -0.13011        1.00013        0.99893
0.033000        0.99858        0.99870        1.00012        0.56308        0.98003       -0.00157        0.06863       -0.13222        1.00014        0.99889
0.033537        0.99853        0.99865        1.00012        0.56309        0.98003       -0.00160        0.06975       -0.13437        1.00014        0.99885
0.034083        0.99848        0.99861        1.00012        0.56310        0.98003       -0.00163        0.07089       -0.13656        1.00014        0.99882
0.034637        0.99843        0.99856        1.00013        0.56311        0.98003       -0.00165        0.07204       -0.13878        1.00015        0.99878
0.035200        0.99838        0.99851        1.00013        0.56312        0.98003       -0.00168        0.07322       -0.14103        1.00015        0.99874
0.035773        0.99833        0.99847        1.00014        0.56313        0.98003       -0.00171        0.07441       -0.14333        1.00016        0.99870
0.036355        0.99828        0.99842        1.00014        0.56314        0.98003       -0.00173        0.07562       -0.14566        1.00016        0.99866
0.036946        0.99823        0.99837        1.00014        0.56315        0.98003       -0.00176        0.07685       -0.14802        1.00017        0.99861
0.037547        0.99817        0.99832        1.00015        0.56316        0.98003       -0.00179        0.07810       -0.15043        1.00017        0.99857
0.038158        0.99812        0.99827        1.00015        0.56317        0.98002       -0.00182        0.07937       -0.15288        1.00018        0.99853
0.038778        0.99806        0.99822        1.00016        0.56319        0.98002       -0.00185        0.08067       -0.15536        1.00018        0.99849
0.039409        0.99800        0.99817        1.00016        0.56320        0.98002       -0.00188        0.08198       -0.15789        1.00019        0.99844
0.040050        0.99795        0.99811        1.00017        0.56321        0.98002       -0.00191        0.08331       -0.16045        1.00020        0.99840
0.040701        0.99787        0.99805        1.00017        0.56322        0.98002       -0.00194        0.08467       -0.16306        1.00020        0.99834
0.041363        0.99780        0.99798        1.00018        0.56324        0.98002       -0.00197        0.08605       -0.16571        1.00021        0.99828
0.042036        0.99772        0.99790        1.00019        0.56325        0.98002       -0.00201        0.08746       -0.16840        1.00022        0.99822
0.042720        0.99764        0.99783        1.00019        0.56327        0.98002       -0.00204        0.08888       -0.17114        1.00023        0.99816
0.043415        0.99756        0.99776        1.00020        0.56329        0.98001       -0.00207        0.09033       -0.17392        1.00023        0.99809
0.044121        0.99748        0.99768        1.00020        0.56330        0.98001       -0.00211        0.09180       -0.17675        1.00024        0.99803
0.044839        0.99740        0.99761        1.00021        0.56332        0.98001       -0.00214        0.09330       -0.17962        1.00025        0.99797
0.045568        0.99731        0.99753        1.00022        0.56334        0.98001       -0.00217        0.09482       -0.18254        1.00026        0.99790
0.046309        0.99723        0.99745        1.00023        0.56335        0.98001       -0.00221        0.09636       -0.18551        1.00026        0.99783
0.047062        0.99714        0.99737        1.00023        0.56337        0.98001       -0.00225        0.09793       -0.18852        1.00027        0.99777
0.047828        0.99705        0.99729        1.00024        0.56339        0.98000       -0.00228        0.09953       -0.19158        1.00028        0.99770
0.048606        0.99696        0.99721        1.00025        0.56341        0.98000       -0.00232        0.10115       -0.19470        1.00029        0.99763
0.049396        0.99687        0.99712        1.00025        0.56342        0.98000       -0.00236        0.10280       -0.19786        1.00030        0.99756
0.050200        0.99678        0.99704        1.00026        0.56344        0.98000       -0.00240        0.10448       -0.20108        1.00031        0.99748
0.051016        0.99666        0.99693        1.00027        0.56347        0.98000       -0.00244        0.10618       -0.20434        1.00032        0.99739
0.051846        0.99654        0.99682        1.00028        0.56349        0.97999       -0.00247        0.10791       -0.20766        1.00033        0.99730
0.052689        0.99643        0.99671        1.00029        0.56351        0.97999       -0.00252        0.10967       -0.21104        1.00034        0.99721
0.053546        0.99630        0.99660        1.00030        0.56354        0.97999       -0.00256        0.11146       -0.21446        1.00035        0.99711
0.054417        0.99618        0.99649        1.00031        0.56356        0.97999       -0.00260        0.11328       -0.21795        1.00037        0.99702
0.055302        0.99606        0.99638        1.00032        0.56359        0.97998       -0.00264        0.11513       -0.22149        1.00038        0.99692
0.056202        0.99593        0.99626        1.00033        0.56361        0.97998       -0.00268        0.11701       -0.22509        1.00039        0.99682
0.057116        0.99580        0.99614        1.00034        0.56364        0.97998       -0.00273        0.11892       -0.22874        1.00040        0.99672
0.058045        0.99567        0.99602        1.00035        0.56366        0.97998       -0.00277        0.12086       -0.23246        1.00041        0.99662
0.058989        0.99554        0.99590        1.00036        0.56369        0.97997       -0.00282        0.12283       -0.23623        1.00043        0.99652
0.059948        0.99540        0.99578        1.00037        0.56372        0.97997       -0.00286        0.12483       -0.24007        1.00044        0.99641
0.060923        0.99524        0.99563        1.00039        0.56375        0.97997       -0.00291        0.12687       -0.24397        1.00046        0.99629
0.061914        0.99508        0.99548        1.00040        0.56378        0.97997       -0.00296        0.12894       -0.24793        1.00047        0.99616
0.062921        0.99491        0.99533        1.00041        0.56382        0.97996       -0.00300        0.13105       -0.25195        1.00049        0.99603
0.063945        0.99474        0.99517        1.00043        0.56385        0.97996       -0.00305        0.13319       -0.25604        1.00050        0.99590
0.064985        0.99457        0.99501        1.00044        0.56388        0.97996       -0.00310        0.13536       -0.26020        1.00052        0.99576
0.066042        0.99439        0.99485        1.00046        0.56392        0.97995       -0.00315        0.13757       -0.26443        1.00054        0.99562
0.067116        0.99422        0.99468        1.00047        0.56395        0.97995       -0.00321        0.13982       -0.26872        1.00055        0.99548
0.068208        0.99403        0.99452        1.00049        0.56399        0.97994       -0.00326        0.14210       -0.27308        1.00057        0.99534
0.069317        0.99385        0.99435        1.00050        0.56403        0.97994       -0.00331        0.14443       -0.27752        1.00059        0.99520
0.070445        0.99365        0.99417        1.00052        0.56406        0.97994       -0.00337        0.14678       -0.28202        1.00061        0.99505
0.071590        0.99343        0.99397        1.00054        0.56411        0.97993       -0.00342        0.14919       -0.28660        1.00063        0.99488
0.072755        0.99321        0.99376        1.00055        0.56415        0.97993       -0.00348        0.15163       -0.29125        1.00065        0.99470
0.073938        0.99299        0.99355        1.00057        0.56420        0.97992       -0.00353        0.15411       -0.29597        1.00067        0.99452
0.075141        0.99276        0.99334        1.00059        0.56424        0.97992       -0.00359        0.15663       -0.30077        1.00069        0.99435
0.076363        0.99252        0.99313        1.00061        0.56429        0.97991       -0.00365        0.15919       -0.30565        1.00072        0.99416
0.077605        0.99228        0.99291        1.00063        0.56433        0.97991       -0.00371        0.16179       -0.31061        1.00074        0.99398
0.078867        0.99204        0.99269        1.00065        0.56438        0.97991       -0.00377        0.16444       -0.31565        1.00076        0.99379
0.080150        0.99179        0.99246        1.00067        0.56443        0.97990       -0.00383        0.16713       -0.32078        1.00079        0.99360
0.081454        0.99151        0.99220        1.00069        0.56449        0.97990       -0.00389        0.16986       -0.32598        1.00081        0.99338
0.082779        0.99123        0.99193        1.00072        0.56454        0.97989       -0.00396        0.17265       -0.33126        1.00084        0.99315
0.084125        0.99093        0.99167        1.00074        0.56460        0.97988       -0.00402        0.17548       -0.33663        1.00087        0.99292
0.085493        0.99064        0.99139        1.00076        0.56466        0.97988       -0.00409        0.17835       -0.34209        1.00090        0.99269
0.086884        0.99034        0.99112        1.00079        0.56472        0.97987       -0.00415        0.18127       -0.34764        1.00093        0.99246
0.088297        0.99003        0.99084        1.00081        0.56478        0.97987       -0.00422        0.18424       -0.35327        1.00096        0.99222
0.089733        0.98972        0.99055        1.00084        0.56484        0.97986       -0.00429        0.18726       -0.35900        1.00099        0.99198
0.091193        0.98937        0.99023        1.00087        0.56490        0.97985       -0.00436        0.19033       -0.36482        1.00102        0.99171
0.092676        0.98902        0.98990        1.00090        0.56497        0.97985       -0.00443        0.19345       -0.37073        1.00106        0.99143
0.094183        0.98865        0.98957        1.00093        0.56504        0.97984       -0.00451        0.19663       -0.37673        1.00109        0.99115
0.095715        0.98828        0.98923        1.00096        0.56512        0.97983       -0.00458        0.19985       -0.38284        1.00113        0.99086
0.097272        0.98790        0.98888        1.00099        0.56519        0.97982       -0.00465        0.20313       -0.38904        1.00116        0.99056
0.098854        0.98752        0.98853        1.00102        0.56526        0.97982       -0.00473        0.20647       -0.39534        1.00120        0.99026
0.100462        0.98712        0.98816        1.00105        0.56534        0.97981       -0.00481        0.20985       -0.40175        1.00124        0.98995
0.102096        0.98669        0.98776        1.00109        0.56542        0.97980       -0.00489        0.21331       -0.40825        1.00128        0.98962
0.103757        0.98625        0.98736        1.00113        0.56551        0.97979       -0.00497        0.21681       -0.41485        1.00133        0.98927
0.105444        0.98580        0.98694        1.00116        0.56559        0.97978       -0.00505        0.22038       -0.42157        1.00137        0.98892
0.107159        0.98534        0.98652        1.00120        0.56568        0.97977       -0.00513        0.22400       -0.42839        1.00141        0.98856
0.108902        0.98487        0.98609        1.00124        0.56577        0.97976       -0.00521        0.22768       -0.43533        1.00146        0.98820
0.110674        0.98439        0.98564        1.00128        0.56586        0.97975       -0.00530        0.23143       -0.44237        1.00151        0.98782
0.112474        0.98386        0.98516        1.00132        0.56596        0.97974       -0.00539        0.23524       -0.44952        1.00156        0.98741
0.114303        0.98333        0.98467        1.00137        0.56606        0.97973       -0.00548        0.23912       -0.45679        1.00161        0.98700
0.116162        0.98279        0.98417        1.00141        0.56616        0.97972       -0.00557        0.24306       -0.46418        1.00166        0.98657
0.118052        0.98223        0.98367        1.00146        0.56627        0.97971       -0.00566        0.24706       -0.47168        1.00172        0.98614
0.119972        0.98167        0.98315        1.00150        0.56637        0.97970       -0.00575        0.25113       -0.47931        1.00177        0.98571
0.121923        0.98106        0.98258        1.00155        0.56649        0.97969       -0.00584        0.25528       -0.48705        1.00183        0.98523
0.123906        0.98043        0.98201        1.00161        0.56661        0.97968       -0.00594        0.25949       -0.49491        1.00189        0.98474
0.125922        0.97979        0.98142        1.00166        0.56672        0.97966       -0.00604        0.26378       -0.50291        1.00196        0.98425
0.127970        0.97915        0.98082        1.00171        0.56685        0.97965       -0.00614        0.26813       -0.51103        1.00202        0.98374
0.130051        0.97849        0.98022        1.00177        0.56697        0.97964       -0.00624        0.27256       -0.51929        1.00209        0.98323
0.132166        0.97777        0.97956        1.00183        0.56710        0.97962       -0.00634        0.27707       -0.52766        1.00216        0.98267
0.134316        0.97704        0.97888        1.00189        0.56723        0.97961       -0.00644        0.28166       -0.53617        1.00223        0.98210
0.136501        0.97629        0.97820        1.00195        0.56737        0.97959       -0.00655        0.28632       -0.54482        1.00230        0.98152
0.138721        0.97553        0.97750        1.00201        0.56751        0.97958       -0.00666        0.29106       -0.55361        1.00238        0.98093
0.140977        0.97474        0.97677        1.00208        0.56765        0.97956       -0.00677        0.29588       -0.56254        1.00246        0.98031
0.143270        0.97391        0.97600        1.00215        0.56780        0.97954       -0.00688        0.30079       -0.57160        1.00254        0.97966
0.145601        0.97305        0.97522        1.00222        0.56796        0.97953       -0.00699        0.30579       -0.58080        1.00263        0.97900
0.147969        0.97219        0.97442        1.00229        0.56811        0.97951       -0.00711        0.31086       -0.59016        1.00271        0.97833
0.150376        0.97130        0.97360        1.00237        0.56827        0.97949       -0.00722        0.31602       -0.59967        1.00280        0.97764
0.152821        0.97035        0.97273        1.00245        0.56844        0.97947       -0.00734        0.32128       -0.60931        1.00290        0.97690
0.155307        0.96938        0.97183        1.00253        0.56861        0.97945       -0.00746        0.32663       -0.61911        1.00299        0.97615
0.157833        0.96840        0.97093        1.00261        0.56879        0.97943       -0.00759        0.33206       -0.62907        1.00309        0.97538
0.160400        0.96739        0.97000        1.00270        0.56896        0.97941       -0.00771        0.33759       -0.63919        1.00319        0.97460
0.163009        0.96631        0.96901        1.00279        0.56915        0.97939       -0.00784        0.34323       -0.64945        1.00330        0.97376
0.165661        0.96521        0.96800        1.00288        0.56934        0.97937       -0.00797        0.34896       -0.65988        1.00341        0.97291
0.168355        0.96410        0.96697        1.00298        0.56953        0.97934       -0.00810        0.35478       -0.67048        1.00352        0.97204
0.171093        0.96294        0.96590        1.00307        0.56973        0.97932       -0.00823        0.36071       -0.68124        1.00364        0.97114
0.173876        0.96173        0.96478        1.00318        0.56993        0.97930       -0.00837        0.36675       -0.69215        1.00376        0.97020
0.176704        0.96049        0.96364        1.00328        0.57014        0.97927       -0.00851        0.37289       -0.70325        1.00389        0.96924
0.179578        0.95923        0.96248        1.00339        0.57035        0.97924       -0.00865        0.37913       -0.71453        1.00402        0.96826
0.182499        0.95790        0.96125        1.00350        0.57057        0.97922       -0.00879        0.38550       -0.72596        1.00415        0.96723
0.185468        0.95653        0.95999        1.00362        0.57080        0.97919       -0.00894        0.39197       -0.73757        1.00429        0.96616
0.188484        0.95514        0.95871        1.00374        0.57102        0.97916       -0.00908        0.39855       -0.74938        1.00444        0.96509
0.191550        0.95369        0.95738        1.00386        0.57126        0.97913       -0.00924        0.40526       -0.76136        1.00459        0.96396
0.194666        0.95218        0.95599        1.00399        0.57150        0.97910       -0.00939        0.41209       -0.77351        1.00474        0.96279
0.197832        0.95065        0.95457        1.00412        0.57174        0.97907       -0.00954        0.41904       -0.78586        1.00490        0.96160
0.201050        0.94907        0.95311        1.00426        0.57199        0.97903       -0.00970        0.42610       -0.79840        1.00506        0.96038
0.204320        0.94741        0.95158        1.00440        0.57224        0.97900       -0.00986        0.43331       -0.81112        1.00523        0.95909
0.207643        0.94573        0.95003        1.00455        0.57250        0.97896       -0.01002        0.44064       -0.82404        1.00541        0.95778
0.211020        0.94399        0.94843        1.00470        0.57276        0.97893       -0.01019        0.44810       -0.83716        1.00559        0.95644
0.214453        0.94217        0.94675        1.00486        0.57303        0.97889       -0.01036        0.45571       -0.85047        1.00578        0.95503
0.217941        0.94032        0.94504        1.00502        0.57330        0.97885       -0.01053        0.46344       -0.86399        1.00598        0.95360
0.221486        0.93841        0.94328        1.00519        0.57358        0.97881       -0.01070        0.47132       -0.87771        1.00618        0.95212
0.225088        0.93642        0.94144        1.00536        0.57386        0.97877       -0.01088        0.47935       -0.89162        1.00639        0.95058
0.228749        0.93440        0.93957        1.00554        0.57414        0.97872       -0.01106        0.48751       -0.90575        1.00660        0.94901
0.232470        0.93229        0.93762        1.00572        0.57443        0.97868       -0.01125        0.49584       -0.92009        1.00683        0.94738
0.236251        0.93011        0.93561        1.00591        0.57472        0.97863       -0.01143        0.50432       -0.93463        1.00706        0.94569
0.240093        0.92790        0.93357        1.00611        0.57502        0.97858       -0.01162        0.51294       -0.94941        1.00730        0.94399
0.243999        0.92557        0.93142        1.00632        0.57531        0.97853       -0.01181        0.52175       -0.96437        1.00755        0.94218
0.247967        0.92320        0.92923        1.00653        0.57561        0.97848       -0.01201        0.53071       -0.97958        1.00780        0.94035
0.252000        0.92076        0.92697        1.00674        0.57591        0.97843       -0.01221        0.53984       -0.99500        1.00807        0.93846
0.256099        0.91822        0.92462        1.00697        0.57621        0.97837       -0.01241        0.54915       -1.01063        1.00834        0.93650
0.260265        0.91564        0.92224        1.00720        0.57652        0.97832       -0.01261        0.55861       -1.02651        1.00863        0.93450
0.264498        0.91293        0.91973        1.00745        0.57681        0.97826       -0.01282        0.56828       -1.04258        1.00892        0.93241
0.268800        0.91018        0.91719        1.00770        0.57711        0.97820       -0.01303        0.57812       -1.05891        1.00923        0.93029
0.273172        0.90732        0.91454        1.00796        0.57741        0.97813       -0.01324        0.58815       -1.07545        1.00955        0.92808
0.277615        0.90439        0.91182        1.00822        0.57770        0.97807       -0.01346        0.59838       -1.09223        1.00987        0.92581
0.282131        0.90136        0.90902        1.00850        0.57799        0.97800       -0.01368        0.60879       -1.10925        1.01021        0.92348
0.286720        0.89824        0.90613        1.00879        0.57827        0.97793       -0.01390        0.61942       -1.12649        1.01056        0.92106
0.291383        0.89504        0.90316        1.00908        0.57855        0.97786       -0.01413        0.63024       -1.14398        1.01092        0.91859
0.296123        0.89171        0.90009        1.00939        0.57881        0.97779       -0.01436        0.64129       -1.16169        1.01130        0.91603
0.300939        0.88832        0.89694        1.00970        0.57907        0.97771       -0.01460        0.65253       -1.17966        1.01169        0.91341
0.305834        0.88479        0.89367        1.01003        0.57931        0.97763       -0.01483        0.66402       -1.19783        1.01210        0.91069
0.310808        0.88120        0.89033        1.01037        0.57955        0.97755       -0.01507        0.67571       -1.21629        1.01251        0.90791
0.315864        0.87746        0.88687        1.01072        0.57975        0.97746       -0.01531        0.68766       -1.23494        1.01295        0.90503
0.321001        0.87364        0.88332        1.01109        0.57995        0.97738       -0.01556        0.69982       -1.25387        1.01340        0.90208
0.326222        0.86968        0.87965        1.01146        0.58011        0.97728       -0.01581        0.71225       -1.27300        1.01387        0.89903
0.331528        0.86563        0.87589        1.01185        0.58026        0.97719       -0.01606        0.72490       -1.29241        1.01435        0.89591
0.336921        0.86144        0.87200        1.01226        0.58037        0.97710       -0.01631        0.73782       -1.31202        1.01485        0.89268
0.342401        0.85714        0.86801        1.01267        0.58045        0.97700       -0.01657        0.75099       -1.33189        1.01537        0.88936
0.347970        0.85272        0.86390        1.01311        0.58050        0.97689       -0.01682        0.76443       -1.35200        1.01590        0.88595
0.353630        0.84816        0.85966        1.01355        0.58050        0.97679       -0.01708        0.77815       -1.37232        1.01646        0.88243
0.359381        0.84350        0.85532        1.01401        0.58047        0.97668       -0.01735        0.79213       -1.39292        1.01704        0.87883
0.365227        0.83867        0.85083        1.01450        0.58036        0.97656       -0.01761        0.80642       -1.41369        1.01764        0.87511
0.371167        0.83373        0.84623        1.01499        0.58022        0.97645       -0.01788        0.82097       -1.43473        1.01825        0.87130
0.377204        0.82864        0.84149        1.01551        0.57999        0.97633       -0.01814        0.83584       -1.45597        1.01890        0.86736
0.383340        0.82341        0.83662        1.01604        0.57970        0.97621       -0.01841        0.85101       -1.47743        1.01957        0.86332
0.389575        0.81805        0.83162        1.01659        0.57935        0.97608       -0.01868        0.86647       -1.49914        1.02025        0.85918
0.395911        0.81252        0.82647        1.01716        0.57887        0.97595       -0.01894        0.88227       -1.52100        1.02097        0.85491
0.402351        0.80686        0.82119        1.01775        0.57832        0.97581       -0.01921        0.89838       -1.54311        1.02172        0.85053
0.408895        0.80105        0.81576        1.01836        0.57767        0.97568       -0.01947        0.91481       -1.56541        1.02248        0.84603
0.415546        0.79507        0.81018        1.01900        0.57687        0.97554       -0.01973        0.93160       -1.58787        1.02328        0.84139
0.422304        0.78895        0.80446        1.01966        0.57596        0.97539       -0.01999        0.94870       -1.61054        1.02411        0.83665
0.429173        0.78268        0.79859        1.02034        0.57491        0.97524       -0.02025        0.96616       -1.63340        1.02497        0.83177
0.436154        0.77623        0.79256        1.02105        0.57367        0.97509       -0.02049        0.98398       -1.65636        1.02586        0.82676
0.443248        0.76962        0.78638        1.02178        0.57227        0.97494       -0.02074        1.00215       -1.67951        1.02678        0.82162
0.450457        0.76287        0.78006        1.02254        0.57071        0.97478       -0.02098        1.02067       -1.70283        1.02773        0.81635
0.457784        0.75593        0.77356        1.02333        0.56888        0.97462       -0.02120        1.03957       -1.72621        1.02872        0.81093
0.465230        0.74883        0.76691        1.02414        0.56683        0.97446       -0.02142        1.05883       -1.74970        1.02975        0.80537
0.472797        0.74157        0.76010        1.02499        0.56454        0.97429       -0.02163        1.07846       -1.77332        1.03081        0.79968
0.480487        0.73416        0.75314        1.02586        0.56200        0.97413       -0.02182        1.09846       -1.79705        1.03190        0.79384
0.488302        0.72656        0.74601        1.02677        0.55909        0.97396       -0.02200        1.11884       -1.82075        1.03304        0.78785
0.496244        0.71880        0.73872        1.02771        0.55584        0.97380       -0.02215        1.13959       -1.84449        1.03422        0.78171
0.504316        0.71088        0.73127        1.02869        0.55224        0.97363       -0.02229        1.16071       -1.86827        1.03544        0.77542
0.512519        0.70280        0.72368        1.02970        0.54826        0.97347       -0.02241        1.18220       -1.89205        1.03670        0.76898
0.520855        0.69456        0.71592        1.03075        0.54386        0.97330       -0.02250        1.20404       -1.91581        1.03800        0.76239
0.529327        0.68617        0.70801        1.03184        0.53894        0.97315       -0.02256        1.22624       -1.93946        1.03934        0.75564
0.537936        0.67762        0.69996        1.03297        0.53347        0.97299       -0.02258        1.24877       -1.96297        1.04073        0.74873
0.546686        0.66892        0.69176        1.03414        0.52745        0.97285       -0.02257        1.27163       -1.98636        1.04216        0.74165
0.555578        0.66008        0.68342        1.03536        0.52083        0.97271       -0.02251        1.29480       -2.00958        1.04364        0.73442
0.564614        0.65111        0.67495        1.03662        0.51354        0.97259       -0.02241        1.31825       -2.03260        1.04516        0.72702
0.573798        0.64201        0.66635        1.03792        0.50554        0.97248       -0.02226        1.34197       -2.05538        1.04672        0.71946
0.583131        0.63279        0.65764        1.03928        0.49677        0.97238       -0.02205        1.36593       -2.07785        1.04832        0.71174
0.592615        0.62346        0.64882        1.04068        0.48716        0.97230       -0.02178        1.39008       -2.09998        1.04997        0.70384
0.602254        0.61404        0.63991        1.04214        0.47665        0.97225       -0.02143        1.41438       -2.12172        1.05166        0.69578
0.612050        0.60454        0.63092        1.04364        0.46518        0.97223       -0.02101        1.43878       -2.14300        1.05338        0.68756
0.622005        0.59497        0.62186        1.04521        0.45268        0.97223       -0.02051        1.46324       -2.16378        1.05514        0.67916
0.632122        0.58535        0.61275        1.04683        0.43909        0.97228       -0.01991        1.48767       -2.18398        1.05693        0.67060
0.642403        0.57569        0.60362        1.04851        0.42433        0.97236       -0.01921        1.51201       -2.20356        1.05875        0.66187
0.652852        0.56603        0.59447        1.05025        0.40835        0.97249       -0.01841        1.53617       -2.22245        1.06059        0.65297
0.663471        0.55639        0.58534        1.05205        0.39108        0.97268       -0.01749        1.56006       -2.24058        1.06245        0.64391
0.674262        0.54677        0.57625        1.05391        0.37246        0.97293       -0.01644        1.58356       -2.25788        1.06432        0.63468
0.685229        0.53723        0.56722        1.05584        0.35246        0.97325       -0.01526        1.60657       -2.27430        1.06618        0.62529
0.696374        0.52777        0.55829        1.05784        0.33102        0.97364       -0.01395        1.62896       -2.28976        1.06804        0.61574
0.707701        0.51843        0.54948        1.05990        0.30811        0.97412       -0.01248        1.65058       -2.30419        1.06988        0.60602
0.719212        0.50925        0.54084        1.06203        0.28370        0.97468       -0.01086        1.67129       -2.31753        1.07169        0.59615
0.730910        0.50027        0.53240        1.06423        0.25772        0.97536       -0.00907        1.69082       -2.32963        1.07345        0.58612
0.742798        0.49155        0.52423        1.06650        0.23014        0.97615       -0.00711        1.70894       -2.34038        1.07514        0.57594
0.754880        0.48308        0.51633        1.06883        0.20107        0.97705       -0.00498        1.72556       -2.34983        1.07674        0.56562
0.767158        0.47492        0.50875        1.07124        0.17052        0.97808       -0.00267        1.74047       -2.35789        1.07824        0.55514
0.779636        0.46709        0.50153        1.07372        0.13853        0.97924       -0.00019        1.75345       -2.36451        1.07963        0.54453
0.792317        0.45972        0.49477        1.07626        0.10505        0.98055        0.00248        1.76390       -2.36940        1.08083        0.53379
0.805204        0.45278        0.48849        1.07888        0.07026        0.98201        0.00534        1.77179       -2.37266        1.08186        0.52291
0.818301        0.44629        0.48269        1.08155        0.03425        0.98361        0.00836        1.77693       -2.37427        1.08268        0.51191
0.831610        0.44036        0.47748        1.08429       -0.00291        0.98538        0.01156        1.77875       -2.37403        1.08324        0.50079
0.845137        0.43503        0.47291        1.08708       -0.04111        0.98730        0.01492        1.77684       -2.37183        1.08350        0.48956
0.858883        0.43027        0.46896        1.08993       -0.08018        0.98936        0.01845        1.77123       -2.36780        1.08344        0.47822
0.872853        0.42621        0.46577        1.09283       -0.12001        0.99159        0.02213        1.76100       -2.36160        1.08298        0.46680
0.887050        0.42282        0.46331        1.09576       -0.16043        0.99396        0.02595        1.74606       -2.35332        1.08210        0.45528
0.901478        0.42014        0.46162        1.09873       -0.20128        0.99646        0.02989        1.72601       -2.34288        1.08074        0.44368
0.916140        0.41825        0.46080        1.10172       -0.24237        0.99909        0.03396        1.69999       -2.33002        1.07881        0.43201
0.931041        0.41708        0.46076        1.10473       -0.28356        1.00183        0.03812        1.66812       -2.31491        1.07630        0.42028
0.946185        0.41673        0.46162        1.10773       -0.32457        1.00468        0.04238        1.62913       -2.29714        1.07307        0.40851
0.961575        0.41711        0.46329        1.11072       -0.36527        1.00760        0.04669        1.58325       -2.27691        1.06913        0.39668
0.977215        0.41827        0.46581        1.11367       -0.40531        1.01059        0.05106        1.52928       -2.25388        1.06431        0.38484
0.993109        0.42013        0.46911        1.11658       -0.44446        1.01362        0.05544        1.46702       -2.22808        1.05859        0.37297
1.009262        0.42264        0.47311        1.11942       -0.48244        1.01667        0.05980        1.39602       -2.19945        1.05189        0.36110
1.025678        0.42576        0.47776        1.12216       -0.51867        1.01972        0.06411        1.31499       -2.16769        1.04402        0.34924
1.042361        0.42931        0.48288        1.12478       -0.55294        1.02276        0.06832        1.22423       -2.13300        1.03501        0.33740
1.059315        0.43318        0.48831        1.12726       -0.58465        1.02576        0.07237        1.12290       -2.09526        1.02471        0.32558
1.076545        0.43719        0.49382        1.12954       -0.61299        1.02870        0.07618        1.01008       -2.05438        1.01297        0.31383
1.094055        0.44108        0.49914        1.13162       -0.63754        1.03156        0.07968        0.88607       -2.01064        0.99979        0.30212
1.111850        0.44461        0.50394        1.13345       -0.65750        1.03432        0.08278        0.75058       -1.96420        0.98511        0.29049
1.129934        0.44746        0.50787        1.13500       -0.67201        1.03696        0.08536        0.60348       -1.91534        0.96883        0.27894
1.148312        0.44922        0.51041        1.13621       -0.67983        1.03943        0.08727        0.44466       -1.86449        0.95090        0.26751
1.166990        0.44957        0.51118        1.13706       -0.68035        1.04172        0.08840        0.27520       -1.81235        0.93140        0.25619
1.185971        0.44812        0.50974        1.13751       -0.67268        1.04376        0.08861        0.09607       -1.75968        0.91038        0.24500
1.205261        0.44453        0.50566        1.13751       -0.65606        1.04550        0.08778       -0.09127       -1.70741        0.88798        0.23396
1.224865        0.43852        0.49861        1.13705       -0.63000        1.04684        0.08579       -0.28476       -1.65662        0.86441        0.22308
1.244787        0.42988        0.48838        1.13608       -0.59443        1.04768        0.08261       -0.48181       -1.60842        0.83994        0.21237
1.265034        0.41861        0.47495        1.13460       -0.54987        1.04791        0.07822       -0.67928       -1.56392        0.81496        0.20184
1.285610        0.40483        0.45851        1.13259       -0.49751        1.04741        0.07275       -0.87368       -1.52406        0.78989        0.19153
1.306520        0.38889        0.43947        1.13005       -0.43925        1.04607        0.06639       -1.06132       -1.48958        0.76522        0.18142
1.327771        0.37129        0.41845        1.12700       -0.37748        1.04380        0.05941       -1.23869       -1.46083        0.74144        0.17154
1.349367        0.35264        0.39618        1.12347       -0.31490        1.04057        0.05216       -1.40266       -1.43786        0.71901        0.16190
1.371315        0.33361        0.37346        1.11947       -0.25417        1.03638        0.04498       -1.55029       -1.42050        0.69836        0.15252
1.393619        0.31486        0.35108        1.11505       -0.19750        1.03129        0.03817       -1.67996       -1.40813        0.67981        0.14340
1.416287        0.29693        0.32967        1.11026       -0.14629        1.02541        0.03194       -1.79121       -1.39998        0.66350        0.13455
1.439323        0.28024        0.30971        1.10516       -0.10129        1.01886        0.02643       -1.88393       -1.39529        0.64954        0.12598
1.462733        0.26517        0.29163        1.09978       -0.06303        1.01174        0.02171       -1.95765       -1.39350        0.63806        0.11771
1.486525        0.25185        0.27557        1.09418       -0.03099        1.00419        0.01775       -2.01380       -1.39385        0.62897        0.10974
1.510703        0.24034        0.26159        1.08841       -0.00461        0.99632        0.01446       -2.05342       -1.39583        0.62218        0.10206
1.535275        0.23075        0.24979        1.08251        0.01649        0.98822        0.01180       -2.07666       -1.39907        0.61776        0.09471
1.560246        0.22291        0.23997        1.07653        0.03334        0.97999        0.00965       -2.08541       -1.40316        0.61551        0.08765
1.585624        0.21688        0.23217        1.07051        0.04626        0.97171        0.00794       -2.07933       -1.40789        0.61555        0.08094
1.611414        0.21242        0.22613        1.06449        0.05609        0.96344        0.00658       -2.05990       -1.41304        0.61773        0.07453
1.637624        0.20951        0.22178        1.05852        0.06318        0.95526        0.00551       -2.02687       -1.41846        0.62217        0.06844
1.664260        0.20798        0.21893        1.05262        0.06801        0.94721        0.00469       -1.98068       -1.42404        0.62888        0.06268
1.691330        0.20766        0.21739        1.04685        0.07094        0.93935        0.00406       -1.92148       -1.42968        0.63789        0.05724
1.718839        0.20840        0.21700        1.04123        0.07221        0.93175        0.00362       -1.84894       -1.43531        0.64936        0.05211
1.746796        0.20999        0.21752        1.03582        0.07208        0.92444        0.00335       -1.76297       -1.44087        0.66339        0.04730
1.775208        0.21217        0.21867        1.03065        0.07075        0.91749        0.00325       -1.66362       -1.44630        0.68004        0.04280
1.804082        0.21464        0.22017        1.02577        0.06836        0.91093        0.00332       -1.55087       -1.45154        0.69942        0.03860
1.833425        0.21706        0.22166        1.02121        0.06506        0.90483        0.00358       -1.42492       -1.45653        0.72157        0.03469
1.863246        0.21903        0.22276        1.01702        0.06095        0.89923        0.00404       -1.28631       -1.46123        0.74649        0.03107
1.893552        0.22013        0.22304        1.01325        0.05616        0.89419        0.00472       -1.13605       -1.46557        0.77408        0.02773
1.924351        0.21993        0.22211        1.00993        0.05078        0.88975        0.00562       -0.97564       -1.46949        0.80414        0.02465
1.955651        0.21804        0.21959        1.00709        0.04495        0.88594        0.00676       -0.80716       -1.47295        0.83634        0.02183
1.987460        0.21416        0.21519        1.00477        0.03879        0.88280        0.00814       -0.63321       -1.47592        0.87024        0.01926
2.019786        0.20812        0.20874        1.00299        0.03243        0.88036        0.00978       -0.45681       -1.47835        0.90527        0.01692
2.052638        0.19985        0.20021        1.00178        0.02599        0.87864        0.01168       -0.28138       -1.48022        0.94078        0.01480
2.086024        0.18956        0.18977        1.00113        0.01958        0.87763        0.01387       -0.11020       -1.48155        0.97609        0.01289
2.119953        0.17756        0.17774        1.00103        0.01324        0.87730        0.01637        0.05370       -1.48237        1.01053        0.01117
2.154435        0.16426        0.16450        1.00149        0.00701        0.87767        0.01923        0.20722       -1.48268        1.04342        0.00964
2.189477        0.15018        0.15055        1.00247        0.00085        0.87866        0.02249        0.34875       -1.48256        1.07432        0.00828
2.225089        0.13584        0.13638        1.00396       -0.00533        0.88026        0.02626        0.47642       -1.48203        1.10276        0.00708
2.261280        0.12168        0.12240        1.00591       -0.01164        0.88240        0.03062        0.58998       -1.48114        1.12856        0.00602
2.298060        0.10809        0.10899        1.00829       -0.01824        0.88502        0.03569        0.68904       -1.47995        1.15155        0.00509
2.335438        0.09536        0.09641        1.01108       -0.02531        0.88809        0.04161        0.77420       -1.47850        1.17175        0.00428
2.373424        0.08365        0.08484        1.01423       -0.03301        0.89152        0.04851        0.84640       -1.47683        1.18928        0.00358
2.412028        0.07306        0.07435        1.01772       -0.04156        0.89526        0.05657        0.90669       -1.47497        1.20428        0.00297
2.451260        0.06361        0.06498        1.02151       -0.05113        0.89926        0.06596        0.95629       -1.47296        1.21698        0.00246
2.491130        0.05527        0.05669        1.02557       -0.06194        0.90346        0.07687        0.99649       -1.47082        1.22759        0.00202
2.531648        0.04798        0.04941        1.02989       -0.07418        0.90781        0.08953        1.02855       -1.46860        1.23634        0.00165
2.572826        0.04163        0.04306        1.03443       -0.08805        0.91226        0.10415        1.05363       -1.46630        1.24349        0.00133
2.614673        0.03612        0.03754        1.03919       -0.10377        0.91675        0.12098        1.07211       -1.46397        1.24905        0.00060
2.657201        0.03136        0.03275        1.04413       -0.12150        0.92122        0.14029        1.08551       -1.46163        1.25338        0.00000
2.700421        0.02725        0.02859        1.04925       -0.14158        0.92563        0.16242        1.09566       -1.45930        1.25692        0.00000
2.744343        0.02370        0.02499        1.05454       -0.16440        0.92992        0.18784        1.10240       -1.45701        1.25959        0.00000
2.788980        0.02061        0.02185        1.06000       -0.19035        0.93402        0.21704        1.10643       -1.45481        1.26156        0.00000
2.834343        0.01792        0.01909        1.06561       -0.22014        0.93782        0.25086        1.10828       -1.45275        1.26295        0.00000
2.880444        0.01554        0.01665        1.07138       -0.25478        0.94119        0.29049        1.10851       -1.45091        1.26390        0.00000
2.927295        0.01340        0.01443        1.07729       -0.29639        0.94384        0.33838        1.10762       -1.44944        1.26455        0.00000
2.974908        0.01155        0.01251        1.08330       -0.34605        0.94568        0.39513        1.10800       -1.44839        1.26570        0.00000
3.023295        0.01116        0.01214        1.08901       -0.37153        0.95136        0.41917        1.12346       -1.44511        1.27246        0.00000
3.072469        0.01078        0.01176        1.09480       -0.39743        0.95714        0.44360        1.13916       -1.44178        1.27933        0.00000
3.122443        0.01038        0.01138        1.10069       -0.42375        0.96300        0.46842        1.15512       -1.43840        1.28631        0.00000
3.173230        0.00998        0.01100        1.10668       -0.45050        0.96897        0.49365        1.17134       -1.43497        1.29340        0.00000
3.224842        0.00957        0.01060        1.11276       -0.47768        0.97502        0.51929        1.18782       -1.43148        1.30061        0.00000
3.277295        0.00916        0.01021        1.11894       -0.50531        0.98118        0.54535        1.20458       -1.42793        1.30793        0.00000
3.330600        0.00874        0.00980        1.12522       -0.53338        0.98744        0.57183        1.22160       -1.42432        1.31537        0.00000
3.384773        0.00831        0.00939        1.13161       -0.56192        0.99380        0.59874        1.23890       -1.42065        1.32294        0.00000
3.439826        0.00786        0.00895        1.13849       -0.59241        1.00046        0.62915        1.25112       -1.41678        1.32871        0.00000
3.495776        0.00720        0.00826        1.14738       -0.64394        1.00662        0.68908        1.23883       -1.41297        1.32565        0.00000
3.552635        0.00659        0.00762        1.15645       -0.69988        1.01248        0.75476        1.22632       -1.40929        1.32246        0.00000
3.610419        0.00605        0.00705        1.16571       -0.75808        1.01825        0.82404        1.21351       -1.40560        1.31910        0.00000
3.669142        0.00558        0.00655        1.17516       -0.81827        1.02398        0.89674        1.20046       -1.40189        1.31558        0.00000
3.728821        0.00515        0.00611        1.18480       -0.88031        1.02966        0.97280        1.18719       -1.39814        1.31191        0.00000
3.789471        0.00478        0.00571        1.19463       -0.94411        1.03532        1.05219        1.17373       -1.39436        1.30809        0.00000
3.851107        0.00444        0.00535        1.20466       -1.00958        1.04094        1.13493        1.16011       -1.39053        1.30414        0.00000
3.913746        0.00414        0.00503        1.21489       -1.07664        1.04655        1.22101        1.14634       -1.38666        1.30005        0.00000
3.977403        0.00387        0.00474        1.22532       -1.14521        1.05214        1.31043        1.13245       -1.38273        1.29583        0.00000
4.042096        0.00362        0.00447        1.23596       -1.21522        1.05772        1.40322        1.11845       -1.37875        1.29148        0.00000
4.107841        0.00340        0.00423        1.24680       -1.28660        1.06330        1.49940        1.10434       -1.37471        1.28700        0.00000
4.174655        0.00319        0.00401        1.25786       -1.35927        1.06887        1.59899        1.09014       -1.37061        1.28239        0.00000
4.242556        0.00300        0.00381        1.26913       -1.43318        1.07444        1.70201        1.07586       -1.36644        1.27766        0.00000
4.311562        0.00283        0.00363        1.28062       -1.50826        1.08002        1.80849        1.06150       -1.36220        1.27279        0.00000
4.381690        0.00268        0.00346        1.29233       -1.58443        1.08561        1.91847        1.04706       -1.35788        1.26780        0.00000
4.452959        0.00253        0.00330        1.30427       -1.66164        1.09120        2.03198        1.03256       -1.35349        1.26268        0.00000
4.525386        0.00240        0.00316        1.31644       -1.73983        1.09681        2.14906        1.01799       -1.34901        1.25743        0.00000
4.598992        0.00228        0.00303        1.32884       -1.81891        1.10244        2.26975        1.00336       -1.34445        1.25205        0.00000
4.673795        0.00216        0.00290        1.34147       -1.89884        1.10809        2.39408        0.98868       -1.33979        1.24654        0.00000
4.749815        0.00206        0.00279        1.35434       -1.97953        1.11375        2.52210        0.97395       -1.33505        1.24090        0.00000
4.827071        0.00196        0.00268        1.36744       -2.06092        1.11944        2.65385        0.95917       -1.33021        1.23511        0.00000
4.905584        0.00187        0.00258        1.38080       -2.14295        1.12515        2.78936        0.94434       -1.32527        1.22920        0.00000
4.985373        0.00178        0.00248        1.39439       -2.22552        1.13088        2.92869        0.92947       -1.32024        1.22314        0.00000
5.066461        0.00170        0.00240        1.40824       -2.30858        1.13664        3.07187        0.91456       -1.31510        1.21695        0.00000
5.148867        0.00163        0.00231        1.42233       -2.39203        1.14243        3.21894        0.89962       -1.30985        1.21061        0.00000
5.232614        0.00155        0.00223        1.43668       -2.47580        1.14825        3.36995        0.88464       -1.30449        1.20414        0.00000
5.317723        0.00149        0.00216        1.45129       -2.55979        1.15409        3.52492        0.86963       -1.29903        1.19752        0.00000
5.404216        0.00143        0.00209        1.46615       -2.64392        1.15996        3.68390        0.85460       -1.29345        1.19075        0.00000
5.492116        0.00137        0.00202        1.48126       -2.72808        1.16585        3.84690        0.83954       -1.28775        1.18384        0.00000
5.581446        0.00131        0.00196        1.49664       -2.81219        1.17177        4.01397        0.82445       -1.28194        1.17678        0.00000
5.672229        0.00126        0.00190        1.51228       -2.89612        1.17772        4.18512        0.80935       -1.27602        1.16957        0.00000
5.764488        0.00121        0.00185        1.52817       -2.97977        1.18369        4.36037        0.79422       -1.26997        1.16220        0.00000
5.858248        0.00116        0.00179        1.54433       -3.06301        1.18968        4.53973        0.77908       -1.26381        1.15468        0.00000
5.953533        0.00112        0.00174        1.56074       -3.14572        1.19569        4.72320        0.76393       -1.25752        1.14701        0.00000
6.050368        0.00108        0.00170        1.57742       -3.22774        1.20171        4.91077        0.74876       -1.25112        1.13918        0.00000
6.148778        0.00103        0.00165        1.59435       -3.30894        1.20775        5.10243        0.73358       -1.24461        1.13119        0.00000
6.248788        0.00100        0.00161        1.61154       -3.38915        1.21380        5.29815        0.71839       -1.23798        1.12303        0.00000
6.350425        0.00096        0.00156        1.62898       -3.46818        1.21984        5.49788        0.70318       -1.23124        1.11471        0.00000
6.453715        0.00093        0.00152        1.64667       -3.54584        1.22588        5.70155        0.68796       -1.22439        1.10621        0.00000
6.558686        0.00089        0.00149        1.66460       -3.62192        1.23190        5.90908        0.67273       -1.21745        1.09754        0.00000
6.665363        0.00086        0.00145        1.68278       -3.69617        1.23789        6.12035        0.65748       -1.21042        1.08869        0.00000
6.773776        0.00083        0.00141        1.70118       -3.76831        1.24383        6.33522        0.64219       -1.20331        1.07964        0.00000
6.883952        0.00080        0.00138        1.71982       -3.83802        1.24972        6.55347        0.62688       -1.19613        1.07040        0.00000
6.995920        0.00077        0.00135        1.73867       -3.90494        1.25551        6.77486        0.61151       -1.18892        1.06094        0.00000
7.109709        0.00075        0.00132        1.75772       -3.96863        1.26118        6.99907        0.59608       -1.18168        1.05125        0.00000
7.225349        0.00072        0.00129        1.77697       -4.02853        1.26670        7.22565        0.58056       -1.17447        1.04131        0.00000
7.342870        0.00070        0.00126        1.79640       -4.08401        1.27200        7.45406        0.56492       -1.16732        1.03109        0.00000
7.462303        0.00068        0.00123        1.81598       -4.13422        1.27701        7.68355        0.54911       -1.16029        1.02054        0.00000
7.583678        0.00065        0.00120        1.83571       -4.17805        1.28164        7.91309        0.53306       -1.15348        1.00960        0.00000
7.707027        0.00063        0.00118        1.85553       -4.21402        1.28574        8.14127        0.51668       -1.14700        0.99821        0.00000
7.832383        0.00061        0.00115        1.87543       -4.24004        1.28910        8.36605        0.49983       -1.14104        0.98622        0.00000
7.959777        0.00059        0.00113        1.89535       -4.25305        1.29144        8.58446        0.48228       -1.13584        0.97345        0.00000
8.089243        0.00058        0.00110        1.91523       -4.24834        1.29228        8.79182        0.46369       -1.13182        0.95959        0.00000
8.220816        0.00056        0.00108        1.93497       -4.21825        1.29088        8.98061        0.44347       -1.12963        0.94413        0.00000
8.354528        0.00054        0.00106        1.95445       -4.14942        1.28595        9.13765        0.42057       -1.13036        0.92616        0.00000
8.490415        0.00053        0.00104        1.97343       -4.01668        1.27518        9.23835        0.39300       -1.13601        0.90389        0.00000
8.628513        0.00051        0.00102        1.99154       -3.76703        1.25406        9.23117        0.35645       -1.15045        0.87350        0.00000
