x               rho            P              T              ur             uphi           uz             Br             Bphi           Bz
0.010000        0.99975        0.99976        1.00002        1.00016        0.99999       -0.00908       -0.01000       -0.01000       -0.01000
0.010163        0.99974        0.99976        1.00002        1.00016        0.99999       -0.00923       -0.01016       -0.01016       -0.01016
0.010328        0.99973        0.99975        1.00002        1.00017        0.99999       -0.00938       -0.01033       -0.01033       -0.01033
0.010496        0.99971        0.99973        1.00002        1.00018        0.99999       -0.00953       -0.01050       -0.01050       -0.01050
0.010667        0.99970        0.99972        1.00002        1.00019        0.99999       -0.00968       -0.01067       -0.01067       -0.01067
0.010840        0.99969        0.99971        1.00002        1.00019        0.99999       -0.00984       -0.01084       -0.01084       -0.01084
0.011016        0.99967        0.99970        1.00002        1.00020        0.99999       -0.01000       -0.01102       -0.01102       -0.01102
0.011196        0.99966        0.99968        1.00002        1.00021        0.99999       -0.01016       -0.01120       -0.01120       -0.01120
0.011378        0.99965        0.99967        1.00002        1.00022        0.99999       -0.01033       -0.01138       -0.01138       -0.01138
0.011563        0.99963        0.99966        1.00003        1.00023        0.99999       -0.01050       -0.01156       -0.01156       -0.01156
0.011751        0.99962        0.99964        1.00003        1.00024        0.99999       -0.01067       -0.01175       -0.01175       -0.01175
0.011942        0.99960        0.99963        1.00003        1.00025        0.99999       -0.01084       -0.01194       -0.01194       -0.01194
0.012136        0.99959        0.99962        1.00003        1.00025        0.99999       -0.01102       -0.01214       -0.01214       -0.01214
0.012334        0.99957        0.99960        1.00003        1.00026        0.99999       -0.01120       -0.01233       -0.01233       -0.01233
0.012534        0.99956        0.99959        1.00003        1.00027        0.99999       -0.01138       -0.01253       -0.01253       -0.01253
0.012738        0.99954        0.99957        1.00003        1.00028        0.99999       -0.01157       -0.01274       -0.01274       -0.01274
0.012945        0.99953        0.99956        1.00003        1.00029        0.99999       -0.01175       -0.01294       -0.01294       -0.01294
0.013156        0.99951        0.99955        1.00003        1.00030        0.99999       -0.01195       -0.01316       -0.01316       -0.01316
0.013370        0.99949        0.99953        1.00004        1.00031        0.99999       -0.01214       -0.01337       -0.01337       -0.01337
0.013587        0.99948        0.99951        1.00004        1.00032        0.99999       -0.01234       -0.01359       -0.01359       -0.01359
0.013808        0.99946        0.99950        1.00004        1.00033        0.99999       -0.01254       -0.01381       -0.01381       -0.01381
0.014033        0.99944        0.99948        1.00004        1.00034        0.99999       -0.01274       -0.01403       -0.01403       -0.01403
0.014261        0.99943        0.99947        1.00004        1.00035        0.99999       -0.01295       -0.01426       -0.01426       -0.01426
0.014493        0.99941        0.99945        1.00004        1.00037        0.99998       -0.01316       -0.01449       -0.01449       -0.01449
0.014729        0.99939        0.99943        1.00004        1.00038        0.99998       -0.01337       -0.01473       -0.01473       -0.01473
0.014968        0.99937        0.99942        1.00004        1.00039        0.99998       -0.01359       -0.01497       -0.01497       -0.01497
0.015212        0.99935        0.99940        1.00005        1.00040        0.99998       -0.01381       -0.01521       -0.01521       -0.01521
0.015459        0.99934        0.99938        1.00005        1.00041        0.99998       -0.01404       -0.01546       -0.01546       -0.01546
0.015711        0.99932        0.99936        1.00005        1.00042        0.99998       -0.01427       -0.01571       -0.01571       -0.01571
0.015966        0.99930        0.99935        1.00005        1.00044        0.99998       -0.01450       -0.01597       -0.01597       -0.01597
0.016226        0.99928        0.99933        1.00005        1.00045        0.99998       -0.01473       -0.01622       -0.01622       -0.01622
0.016490        0.99926        0.99931        1.00005        1.00046        0.99998       -0.01497       -0.01649       -0.01649       -0.01649
0.016758        0.99924        0.99929        1.00005        1.00047        0.99998       -0.01522       -0.01676       -0.01676       -0.01676
0.017031        0.99922        0.99927        1.00005        1.00049        0.99998       -0.01547       -0.01703       -0.01703       -0.01703
0.017308        0.99920        0.99925        1.00006        1.00050        0.99998       -0.01572       -0.01731       -0.01731       -0.01731
0.017589        0.99917        0.99923        1.00006        1.00051        0.99998       -0.01597       -0.01759       -0.01759       -0.01759
0.017875        0.99915        0.99921        1.00006        1.00053        0.99998       -0.01623       -0.01787       -0.01787       -0.01787
0.018166        0.99913        0.99919        1.00006        1.00054        0.99998       -0.01650       -0.01816       -0.01816       -0.01816
0.018461        0.99911        0.99917        1.00006        1.00055        0.99998       -0.01677       -0.01846       -0.01846       -0.01846
0.018762        0.99908        0.99915        1.00006        1.00057        0.99998       -0.01704       -0.01876       -0.01876       -0.01876
0.019067        0.99906        0.99913        1.00007        1.00058        0.99998       -0.01732       -0.01907       -0.01907       -0.01907
0.019377        0.99904        0.99911        1.00007        1.00060        0.99997       -0.01760       -0.01938       -0.01938       -0.01938
0.019692        0.99901        0.99908        1.00007        1.00061        0.99997       -0.01788       -0.01969       -0.01969       -0.01969
0.020012        0.99899        0.99906        1.00007        1.00063        0.99997       -0.01818       -0.02001       -0.02001       -0.02001
0.020338        0.99895        0.99903        1.00007        1.00065        0.99997       -0.01847       -0.02034       -0.02034       -0.02034
0.020669        0.99891        0.99899        1.00008        1.00067        0.99997       -0.01877       -0.02067       -0.02067       -0.02067
0.021005        0.99887        0.99895        1.00008        1.00070        0.99997       -0.01908       -0.02100       -0.02100       -0.02100
0.021347        0.99883        0.99891        1.00008        1.00073        0.99997       -0.01939       -0.02134       -0.02134       -0.02134
0.021694        0.99878        0.99887        1.00009        1.00075        0.99997       -0.01971       -0.02169       -0.02169       -0.02169
0.022047        0.99874        0.99883        1.00009        1.00078        0.99997       -0.02003       -0.02204       -0.02204       -0.02204
0.022405        0.99869        0.99878        1.00009        1.00081        0.99997       -0.02035       -0.02240       -0.02240       -0.02240
0.022770        0.99865        0.99874        1.00009        1.00084        0.99996       -0.02068       -0.02277       -0.02277       -0.02277
0.023140        0.99860        0.99870        1.00010        1.00087        0.99996       -0.02102       -0.02314       -0.02314       -0.02314
0.023516        0.99855        0.99865        1.00010        1.00090        0.99996       -0.02136       -0.02351       -0.02351       -0.02351
0.023899        0.99850        0.99861        1.00010        1.00093        0.99996       -0.02171       -0.02390       -0.02390       -0.02390
0.024288        0.99845        0.99856        1.00011        1.00096        0.99996       -0.02207       -0.02428       -0.02428       -0.02428
0.024683        0.99840        0.99852        1.00011        1.00099        0.99996       -0.02243       -0.02468       -0.02468       -0.02468
0.025084        0.99835        0.99847        1.00012        1.00102        0.99996       -0.02279       -0.02508       -0.02508       -0.02508
0.025492        0.99830        0.99842        1.00012        1.00105        0.99996       -0.02316       -0.02549       -0.02549       -0.02549
0.025907        0.99825        0.99837        1.00012        1.00108        0.99995       -0.02354       -0.02590       -0.02590       -0.02590
0.026328        0.99820        0.99832        1.00013        1.00112        0.99995       -0.02392       -0.02632       -0.02632       -0.02632
0.026756        0.99814        0.99827        1.00013        1.00115        0.99995       -0.02431       -0.02675       -0.02675       -0.02675
0.027192        0.99809        0.99822        1.00013        1.00119        0.99995       -0.02471       -0.02719       -0.02719       -0.02719
0.027634        0.99803        0.99817        1.00014        1.00122        0.99995       -0.02511       -0.02763       -0.02763       -0.02763
0.028083        0.99797        0.99812        1.00014        1.00126        0.99995       -0.02552       -0.02808       -0.02808       -0.02808
0.028540        0.99792        0.99806        1.00015        1.00129        0.99995       -0.02594       -0.02853       -0.02853       -0.02853
0.029004        0.99786        0.99801        1.00015        1.00133        0.99994       -0.02636       -0.02900       -0.02900       -0.02900
0.029476        0.99780        0.99795        1.00015        1.00136        0.99994       -0.02679       -0.02947       -0.02947       -0.02947
0.029955        0.99774        0.99790        1.00016        1.00140        0.99994       -0.02723       -0.02995       -0.02995       -0.02995
0.030443        0.99766        0.99782        1.00016        1.00145        0.99994       -0.02767       -0.03044       -0.03044       -0.03044
0.030938        0.99757        0.99774        1.00017        1.00150        0.99994       -0.02812       -0.03093       -0.03093       -0.03093
0.031441        0.99748        0.99766        1.00018        1.00156        0.99993       -0.02858       -0.03143       -0.03143       -0.03143
0.031952        0.99739        0.99757        1.00018        1.00162        0.99993       -0.02905       -0.03194       -0.03194       -0.03194
0.032472        0.99730        0.99749        1.00019        1.00167        0.99993       -0.02952       -0.03246       -0.03246       -0.03246
0.033000        0.99721        0.99740        1.00020        1.00173        0.99993       -0.03000       -0.03299       -0.03299       -0.03299
0.033537        0.99711        0.99731        1.00020        1.00179        0.99992       -0.03049       -0.03353       -0.03353       -0.03353
0.034083        0.99702        0.99722        1.00021        1.00185        0.99992       -0.03099       -0.03407       -0.03407       -0.03407
0.034637        0.99692        0.99713        1.00022        1.00191        0.99992       -0.03150       -0.03463       -0.03463       -0.03463
0.035200        0.99682        0.99704        1.00022        1.00197        0.99992       -0.03201       -0.03519       -0.03519       -0.03519
0.035773        0.99672        0.99695        1.00023        1.00203        0.99991       -0.03253       -0.03576       -0.03576       -0.03576
0.036355        0.99661        0.99685        1.00024        1.00210        0.99991       -0.03307       -0.03634       -0.03634       -0.03634
0.036946        0.99651        0.99675        1.00024        1.00216        0.99991       -0.03361       -0.03693       -0.03693       -0.03693
0.037547        0.99640        0.99665        1.00025        1.00223        0.99991       -0.03415       -0.03753       -0.03753       -0.03753
0.038158        0.99630        0.99655        1.00026        1.00230        0.99990       -0.03471       -0.03814       -0.03814       -0.03814
0.038778        0.99619        0.99645        1.00027        1.00236        0.99990       -0.03528       -0.03876       -0.03876       -0.03876
0.039409        0.99608        0.99635        1.00027        1.00243        0.99990       -0.03585       -0.03939       -0.03939       -0.03939
0.040050        0.99596        0.99624        1.00028        1.00250        0.99989       -0.03644       -0.04003       -0.04003       -0.04003
0.040701        0.99582        0.99611        1.00029        1.00259        0.99989       -0.03703       -0.04069       -0.04069       -0.04069
0.041363        0.99567        0.99597        1.00030        1.00269        0.99989       -0.03764       -0.04135       -0.04135       -0.04135
0.042036        0.99551        0.99583        1.00031        1.00278        0.99988       -0.03826       -0.04202       -0.04202       -0.04202
0.042720        0.99536        0.99568        1.00032        1.00288        0.99988       -0.03888       -0.04270       -0.04270       -0.04270
0.043415        0.99520        0.99554        1.00034        1.00298        0.99987       -0.03952       -0.04339       -0.04339       -0.04339
0.044121        0.99504        0.99539        1.00035        1.00307        0.99987       -0.04017       -0.04410       -0.04410       -0.04410
0.044839        0.99488        0.99524        1.00036        1.00318        0.99987       -0.04082       -0.04482       -0.04482       -0.04482
0.045568        0.99471        0.99508        1.00037        1.00328        0.99986       -0.04149       -0.04554       -0.04554       -0.04554
0.046309        0.99455        0.99493        1.00038        1.00338        0.99986       -0.04217       -0.04628       -0.04628       -0.04628
0.047062        0.99437        0.99477        1.00039        1.00349        0.99985       -0.04286       -0.04704       -0.04704       -0.04704
0.047828        0.99420        0.99460        1.00041        1.00360        0.99985       -0.04356       -0.04780       -0.04780       -0.04780
0.048606        0.99402        0.99444        1.00042        1.00371        0.99984       -0.04427       -0.04858       -0.04858       -0.04858
0.049396        0.99385        0.99427        1.00043        1.00382        0.99984       -0.04500       -0.04937       -0.04937       -0.04937
0.050200        0.99366        0.99410        1.00044        1.00393        0.99983       -0.04573       -0.05017       -0.05017       -0.05017
0.051016        0.99343        0.99389        1.00046        1.00407        0.99983       -0.04649       -0.05098       -0.05098       -0.05098
0.051846        0.99320        0.99368        1.00048        1.00422        0.99982       -0.04725       -0.05181       -0.05181       -0.05181
0.052689        0.99297        0.99346        1.00049        1.00436        0.99981       -0.04803       -0.05265       -0.05265       -0.05265
0.053546        0.99273        0.99324        1.00051        1.00451        0.99981       -0.04881       -0.05351       -0.05351       -0.05351
0.054417        0.99249        0.99301        1.00053        1.00466        0.99980       -0.04962       -0.05438       -0.05438       -0.05438
0.055302        0.99225        0.99279        1.00054        1.00481        0.99980       -0.05043       -0.05526       -0.05526       -0.05526
0.056202        0.99200        0.99255        1.00056        1.00497        0.99979       -0.05126       -0.05616       -0.05616       -0.05616
0.057116        0.99174        0.99232        1.00058        1.00513        0.99978       -0.05210       -0.05707       -0.05707       -0.05707
0.058045        0.99149        0.99208        1.00060        1.00529        0.99978       -0.05295       -0.05800       -0.05800       -0.05800
0.058989        0.99123        0.99184        1.00062        1.00545        0.99977       -0.05382       -0.05894       -0.05894       -0.05894
0.059948        0.99096        0.99159        1.00063        1.00561        0.99976       -0.05470       -0.05990       -0.05990       -0.05990
0.060923        0.99065        0.99130        1.00066        1.00581        0.99975       -0.05561       -0.06087       -0.06087       -0.06087
0.061914        0.99033        0.99100        1.00068        1.00601        0.99974       -0.05652       -0.06186       -0.06186       -0.06186
0.062921        0.99000        0.99069        1.00070        1.00621        0.99974       -0.05745       -0.06286       -0.06286       -0.06286
0.063945        0.98966        0.99038        1.00073        1.00642        0.99973       -0.05840       -0.06388       -0.06388       -0.06388
0.064985        0.98932        0.99006        1.00075        1.00663        0.99972       -0.05936       -0.06492       -0.06492       -0.06492
0.066042        0.98898        0.98974        1.00077        1.00685        0.99971       -0.06034       -0.06597       -0.06597       -0.06597
0.067116        0.98863        0.98942        1.00080        1.00707        0.99970       -0.06133       -0.06704       -0.06704       -0.06704
0.068208        0.98827        0.98908        1.00082        1.00729        0.99969       -0.06234       -0.06813       -0.06813       -0.06813
0.069317        0.98791        0.98875        1.00085        1.00751        0.99968       -0.06337       -0.06924       -0.06924       -0.06924
0.070445        0.98752        0.98839        1.00088        1.00775        0.99967       -0.06441       -0.07036       -0.07036       -0.07036
0.071590        0.98709        0.98799        1.00091        1.00802        0.99966       -0.06548       -0.07150       -0.07150       -0.07150
0.072755        0.98665        0.98758        1.00094        1.00830        0.99965       -0.06656       -0.07266       -0.07266       -0.07266
0.073938        0.98621        0.98716        1.00097        1.00858        0.99963       -0.06766       -0.07384       -0.07384       -0.07384
0.075141        0.98575        0.98674        1.00100        1.00886        0.99962       -0.06878       -0.07504       -0.07504       -0.07504
0.076363        0.98529        0.98631        1.00103        1.00915        0.99961       -0.06992       -0.07625       -0.07625       -0.07625
0.077605        0.98483        0.98588        1.00107        1.00944        0.99960       -0.07108       -0.07749       -0.07749       -0.07749
0.078867        0.98435        0.98543        1.00110        1.00973        0.99958       -0.07225       -0.07875       -0.07875       -0.07875
0.080150        0.98387        0.98498        1.00114        1.01004        0.99957       -0.07345       -0.08003       -0.08003       -0.08003
0.081454        0.98331        0.98447        1.00117        1.01038        0.99956       -0.07467       -0.08132       -0.08132       -0.08132
0.082779        0.98275        0.98394        1.00121        1.01074        0.99954       -0.07591       -0.08264       -0.08264       -0.08264
0.084125        0.98217        0.98341        1.00126        1.01110        0.99952       -0.07717       -0.08398       -0.08398       -0.08398
0.085493        0.98159        0.98286        1.00130        1.01146        0.99951       -0.07845       -0.08534       -0.08534       -0.08534
0.086884        0.98100        0.98231        1.00134        1.01183        0.99949       -0.07976       -0.08672       -0.08672       -0.08672
0.088297        0.98040        0.98175        1.00138        1.01221        0.99948       -0.08108       -0.08813       -0.08813       -0.08813
0.089733        0.97978        0.98118        1.00142        1.01259        0.99946       -0.08243       -0.08956       -0.08956       -0.08956
0.091193        0.97911        0.98055        1.00147        1.01302        0.99944       -0.08380       -0.09101       -0.09101       -0.09101
0.092676        0.97840        0.97989        1.00152        1.01346        0.99942       -0.08520       -0.09248       -0.09248       -0.09248
0.094183        0.97769        0.97923        1.00157        1.01391        0.99940       -0.08663       -0.09398       -0.09398       -0.09398
0.095715        0.97696        0.97855        1.00163        1.01436        0.99938       -0.08807       -0.09550       -0.09550       -0.09550
0.097272        0.97622        0.97786        1.00168        1.01483        0.99936       -0.08954       -0.09705       -0.09705       -0.09705
0.098854        0.97547        0.97716        1.00173        1.01530        0.99934       -0.09104       -0.09862       -0.09862       -0.09862
0.100462        0.97469        0.97643        1.00179        1.01579        0.99932       -0.09256       -0.10021       -0.10021       -0.10021
0.102096        0.97383        0.97563        1.00185        1.01633        0.99930       -0.09412       -0.10183       -0.10183       -0.10183
0.103757        0.97296        0.97482        1.00191        1.01688        0.99927       -0.09570       -0.10348       -0.10348       -0.10348
0.105444        0.97208        0.97399        1.00197        1.01743        0.99925       -0.09731       -0.10516       -0.10516       -0.10516
0.107159        0.97118        0.97316        1.00204        1.01800        0.99922       -0.09894       -0.10686       -0.10686       -0.10686
0.108902        0.97026        0.97230        1.00210        1.01857        0.99920       -0.10060       -0.10858       -0.10858       -0.10858
0.110674        0.96931        0.97141        1.00217        1.01918        0.99917       -0.10229       -0.11034       -0.11034       -0.11034
0.112474        0.96827        0.97045        1.00225        1.01983        0.99914       -0.10402       -0.11212       -0.11212       -0.11212
0.114303        0.96723        0.96947        1.00232        1.02049        0.99911       -0.10578       -0.11393       -0.11393       -0.11393
0.116162        0.96616        0.96848        1.00240        1.02116        0.99908       -0.10757       -0.11577       -0.11577       -0.11577
0.118052        0.96508        0.96747        1.00248        1.02184        0.99905       -0.10939       -0.11765       -0.11765       -0.11765
0.119972        0.96398        0.96644        1.00255        1.02254        0.99902       -0.11123       -0.11955       -0.11955       -0.11955
0.121923        0.96277        0.96532        1.00264        1.02330        0.99899       -0.11313       -0.12147       -0.12147       -0.12147
0.123906        0.96154        0.96417        1.00273        1.02408        0.99895       -0.11506       -0.12343       -0.12343       -0.12343
0.125922        0.96029        0.96300        1.00282        1.02487        0.99891       -0.11701       -0.12543       -0.12543       -0.12543
0.127970        0.95902        0.96181        1.00291        1.02568        0.99888       -0.11900       -0.12745       -0.12745       -0.12745
0.130051        0.95772        0.96060        1.00301        1.02650        0.99884       -0.12102       -0.12951       -0.12951       -0.12951
0.132166        0.95631        0.95928        1.00311        1.02740        0.99880       -0.12310       -0.13159       -0.13159       -0.13159
0.134316        0.95487        0.95794        1.00321        1.02831        0.99876       -0.12521       -0.13371       -0.13371       -0.13371
0.136501        0.95341        0.95657        1.00332        1.02924        0.99872       -0.12736       -0.13587       -0.13587       -0.13587
0.138721        0.95192        0.95518        1.00343        1.03018        0.99867       -0.12954       -0.13806       -0.13806       -0.13806
0.140977        0.95037        0.95373        1.00354        1.03117        0.99863       -0.13176       -0.14028       -0.14028       -0.14028
0.143270        0.94873        0.95220        1.00366        1.03222        0.99858       -0.13404       -0.14253       -0.14253       -0.14253
0.145601        0.94705        0.95064        1.00378        1.03328        0.99853       -0.13636       -0.14483       -0.14483       -0.14483
0.147969        0.94536        0.94905        1.00391        1.03436        0.99848       -0.13871       -0.14716       -0.14716       -0.14716
0.150376        0.94362        0.94742        1.00403        1.03547        0.99843       -0.14110       -0.14952       -0.14952       -0.14952
0.152821        0.94175        0.94568        1.00417        1.03667        0.99837       -0.14356       -0.15192       -0.15192       -0.15192
0.155307        0.93985        0.94390        1.00431        1.03788        0.99832       -0.14606       -0.15436       -0.15436       -0.15436
0.157833        0.93792        0.94209        1.00445        1.03912        0.99826       -0.14860       -0.15684       -0.15684       -0.15684
0.160400        0.93594        0.94025        1.00460        1.04038        0.99820       -0.15118       -0.15936       -0.15936       -0.15936
0.163009        0.93383        0.93826        1.00475        1.04174        0.99813       -0.15384       -0.16191       -0.16191       -0.16191
0.165661        0.93168        0.93625        1.00491        1.04312        0.99807       -0.15654       -0.16451       -0.16451       -0.16451
0.168355        0.92949        0.93421        1.00508        1.04452        0.99800       -0.15929       -0.16714       -0.16714       -0.16714
0.171093        0.92722        0.93208        1.00524        1.04598        0.99793       -0.16209       -0.16982       -0.16982       -0.16982
0.173876        0.92484        0.92985        1.00542        1.04751        0.99786       -0.16496       -0.17253       -0.17253       -0.17253
0.176704        0.92241        0.92758        1.00560        1.04908        0.99778       -0.16788       -0.17529       -0.17529       -0.17529
0.179578        0.91995        0.92527        1.00579        1.05066        0.99771       -0.17084       -0.17810       -0.17810       -0.17810
0.182499        0.91733        0.92282        1.00598        1.05235        0.99762       -0.17389       -0.18094       -0.18094       -0.18094
0.185468        0.91465        0.92031        1.00618        1.05408        0.99754       -0.17700       -0.18383       -0.18383       -0.18383
0.188484        0.91193        0.91775        1.00639        1.05584        0.99745       -0.18015       -0.18676       -0.18676       -0.18676
0.191550        0.90909        0.91509        1.00660        1.05768        0.99736       -0.18338       -0.18973       -0.18973       -0.18973
0.194666        0.90614        0.91232        1.00682        1.05959        0.99727       -0.18669       -0.19275       -0.19275       -0.19275
0.197832        0.90313        0.90950        1.00705        1.06154        0.99717       -0.19005       -0.19582       -0.19582       -0.19582
0.201050        0.90004        0.90660        1.00729        1.06355        0.99707       -0.19348       -0.19893       -0.19893       -0.19893
0.204320        0.89679        0.90355        1.00753        1.06566        0.99696       -0.19700       -0.20209       -0.20209       -0.20209
0.207643        0.89349        0.90045        1.00779        1.06781        0.99685       -0.20058       -0.20530       -0.20530       -0.20530
0.211020        0.89009        0.89726        1.00805        1.07002        0.99674       -0.20424       -0.20855       -0.20855       -0.20855
0.214453        0.88653        0.89391        1.00832        1.07234        0.99662       -0.20799       -0.21185       -0.21185       -0.21185
0.217941        0.88292        0.89051        1.00860        1.07470        0.99649       -0.21180       -0.21521       -0.21521       -0.21521
0.221486        0.87918        0.88699        1.00889        1.07714        0.99637       -0.21570       -0.21861       -0.21861       -0.21861
0.225088        0.87529        0.88333        1.00919        1.07968        0.99623       -0.21970       -0.22205       -0.22205       -0.22205
0.228749        0.87133        0.87961        1.00950        1.08227        0.99609       -0.22376       -0.22556       -0.22556       -0.22556
0.232470        0.86721        0.87572        1.00982        1.08496        0.99595       -0.22794       -0.22911       -0.22911       -0.22911
0.236251        0.86296        0.87172        1.01016        1.08775        0.99579       -0.23220       -0.23271       -0.23271       -0.23271
0.240093        0.85864        0.86766        1.01050        1.09057        0.99564       -0.23653       -0.23637       -0.23637       -0.23637
0.243999        0.85409        0.86336        1.01086        1.09356        0.99547       -0.24100       -0.24006       -0.24006       -0.24006
0.247967        0.84947        0.85900        1.01122        1.09659        0.99530       -0.24555       -0.24382       -0.24382       -0.24382
0.252000        0.84469        0.85449        1.01161        1.09972        0.99513       -0.25020       -0.24763       -0.24763       -0.24763
0.256099        0.83975        0.84982        1.01200        1.10297        0.99494       -0.25497       -0.25149       -0.25149       -0.25149
0.260265        0.83471        0.84507        1.01241        1.10627        0.99475       -0.25981       -0.25542       -0.25542       -0.25542
0.264498        0.82944        0.84008        1.01284        1.10973        0.99454       -0.26481       -0.25938       -0.25938       -0.25938
0.268800        0.82407        0.83501        1.01327        1.11324        0.99434       -0.26989       -0.26341       -0.26341       -0.26341
0.273172        0.81850        0.82974        1.01373        1.11689        0.99411       -0.27511       -0.26748       -0.26748       -0.26748
0.277615        0.81279        0.82433        1.01420        1.12063        0.99388       -0.28044       -0.27161       -0.27161       -0.27161
0.282131        0.80690        0.81875        1.01469        1.12448        0.99365       -0.28589       -0.27580       -0.27580       -0.27580
0.286720        0.80082        0.81299        1.01519        1.12845        0.99339       -0.29147       -0.28004       -0.28004       -0.28004
0.291383        0.79460        0.80708        1.01571        1.13251        0.99313       -0.29717       -0.28433       -0.28433       -0.28433
0.296123        0.78814        0.80096        1.01626        1.13670        0.99286       -0.30302       -0.28868       -0.28868       -0.28868
0.300939        0.78155        0.79470        1.01682        1.14098        0.99258       -0.30898       -0.29309       -0.29309       -0.29309
0.305834        0.77471        0.78819        1.01740        1.14539        0.99227       -0.31510       -0.29753       -0.29753       -0.29753
0.310808        0.76773        0.78155        1.01800        1.14989        0.99196       -0.32134       -0.30205       -0.30205       -0.30205
0.315864        0.76048        0.77465        1.01863        1.15453        0.99163       -0.32774       -0.30661       -0.30661       -0.30661
0.321001        0.75309        0.76761        1.01928        1.15925        0.99129       -0.33427       -0.31123       -0.31123       -0.31123
0.326222        0.74543        0.76030        1.01996        1.16410        0.99093       -0.34096       -0.31589       -0.31589       -0.31589
0.331528        0.73759        0.75282        1.02065        1.16903        0.99056       -0.34777       -0.32061       -0.32061       -0.32061
0.336921        0.72951        0.74510        1.02138        1.17407        0.99016       -0.35475       -0.32537       -0.32537       -0.32537
0.342401        0.72121        0.73717        1.02213        1.17919        0.98975       -0.36187       -0.33019       -0.33019       -0.33019
0.347970        0.71269        0.72901        1.02290        1.18440        0.98931       -0.36914       -0.33505       -0.33505       -0.33505
0.353630        0.70391        0.72060        1.02371        1.18968        0.98885       -0.37655       -0.33996       -0.33996       -0.33996
0.359381        0.69493        0.71199        1.02455        1.19503        0.98838       -0.38410       -0.34493       -0.34493       -0.34493
0.365227        0.68566        0.70309        1.02542        1.20041        0.98787       -0.39179       -0.34992       -0.34992       -0.34992
0.371167        0.67619        0.69399        1.02632        1.20585        0.98735       -0.39962       -0.35496       -0.35496       -0.35496
0.377204        0.66643        0.68460        1.02726        1.21129        0.98679       -0.40757       -0.36004       -0.36004       -0.36004
0.383340        0.65644        0.67497        1.02824        1.21672        0.98621       -0.41564       -0.36515       -0.36515       -0.36515
0.389575        0.64621        0.66510        1.02924        1.22215        0.98561       -0.42382       -0.37032       -0.37032       -0.37032
0.395911        0.63568        0.65493        1.03030        1.22745        0.98496       -0.43208       -0.37548       -0.37548       -0.37548
0.402351        0.62491        0.64452        1.03139        1.23269        0.98429       -0.44042       -0.38070       -0.38070       -0.38070
0.408895        0.61389        0.63385        1.03252        1.23781        0.98358       -0.44883       -0.38593       -0.38593       -0.38593
0.415546        0.60258        0.62288        1.03370        1.24266        0.98284       -0.45724       -0.39118       -0.39118       -0.39118
0.422304        0.59103        0.61167        1.03492        1.24734        0.98206       -0.46567       -0.39645       -0.39645       -0.39645
0.429173        0.57922        0.60018        1.03619        1.25173        0.98125       -0.47407       -0.40173       -0.40173       -0.40173
0.436154        0.56712        0.58840        1.03752        1.25562        0.98038       -0.48234       -0.40700       -0.40700       -0.40700
0.443248        0.55479        0.57636        1.03890        1.25911        0.97949       -0.49050       -0.41229       -0.41229       -0.41229
0.450457        0.54220        0.56406        1.04032        1.26216        0.97855       -0.49854       -0.41758       -0.41758       -0.41758
0.457784        0.52935        0.55148        1.04182        1.26432        0.97757       -0.50620       -0.42282       -0.42282       -0.42282
0.465230        0.51626        0.53865        1.04337        1.26570        0.97654       -0.51353       -0.42805       -0.42805       -0.42805
0.472797        0.50295        0.52556        1.04498        1.26626        0.97547       -0.52048       -0.43326       -0.43326       -0.43326
0.480487        0.48940        0.51223        1.04666        1.26584        0.97437       -0.52696       -0.43844       -0.43844       -0.43844
0.488302        0.47564        0.49866        1.04841        1.26389        0.97322       -0.53261       -0.44355       -0.44355       -0.44355
0.496244        0.46169        0.48487        1.05023        1.26048        0.97203       -0.53743       -0.44859       -0.44859       -0.44859
0.504316        0.44756        0.47088        1.05212        1.25549        0.97081       -0.54135       -0.45358       -0.45358       -0.45358
0.512519        0.43326        0.45669        1.05409        1.24870        0.96956       -0.54418       -0.45849       -0.45849       -0.45849
0.520855        0.41882        0.44233        1.05614        1.23987        0.96828       -0.54574       -0.46332       -0.46332       -0.46332
0.529327        0.40427        0.42783        1.05828        1.22847        0.96700       -0.54563       -0.46803       -0.46803       -0.46803
0.537936        0.38966        0.41323        1.06052        1.21422        0.96571       -0.54358       -0.47260       -0.47260       -0.47260
0.546686        0.37499        0.39855        1.06284        1.19709        0.96443       -0.53953       -0.47705       -0.47705       -0.47705
0.555578        0.36031        0.38381        1.06526        1.17679        0.96318       -0.53320       -0.48135       -0.48135       -0.48135
0.564614        0.34566        0.36908        1.06777        1.15304        0.96197       -0.52431       -0.48550       -0.48550       -0.48550
0.573798        0.33108        0.35438        1.07039        1.12561        0.96082       -0.51259       -0.48949       -0.48949       -0.48949
0.583131        0.31662        0.33976        1.07312        1.09425        0.95977       -0.49775       -0.49328       -0.49328       -0.49328
0.592615        0.30234        0.32529        1.07596        1.05881        0.95883       -0.47953       -0.49688       -0.49688       -0.49688
0.602254        0.28828        0.31102        1.07891        1.01915        0.95804       -0.45771       -0.50028       -0.50028       -0.50028
0.612050        0.27451        0.29701        1.08198        0.97527        0.95744       -0.43208       -0.50345       -0.50345       -0.50345
0.622005        0.26108        0.28331        1.08518        0.92723        0.95704       -0.40254       -0.50640       -0.50640       -0.50640
0.632122        0.24806        0.27001        1.08850        0.87520        0.95690       -0.36901       -0.50912       -0.50912       -0.50912
0.642403        0.23550        0.25714        1.09195        0.81947        0.95703       -0.33154       -0.51161       -0.51161       -0.51161
0.652852        0.22345        0.24479        1.09553        0.76042        0.95749       -0.29024       -0.51386       -0.51386       -0.51386
0.663471        0.21196        0.23299        1.09925        0.69854        0.95828       -0.24533       -0.51587       -0.51587       -0.51587
0.674262        0.20108        0.22181        1.10311        0.63438        0.95945       -0.19712       -0.51766       -0.51766       -0.51766
0.685229        0.19085        0.21128        1.10710        0.56855        0.96100       -0.14598       -0.51922       -0.51922       -0.51922
0.696374        0.18129        0.20145        1.11123        0.50167        0.96295       -0.09237       -0.52057       -0.52057       -0.52057
0.707701        0.17244        0.19235        1.11551        0.43436        0.96533       -0.03679       -0.52171       -0.52171       -0.52171
0.719212        0.16430        0.18401        1.11993        0.36718        0.96812        0.02023       -0.52265       -0.52265       -0.52265
0.730910        0.15695        0.17649        1.12449        0.30079        0.97135        0.07814       -0.52340       -0.52340       -0.52340
0.742798        0.15040        0.16983        1.12921        0.23568        0.97503        0.13630       -0.52396       -0.52396       -0.52396
0.754880        0.14460        0.16398        1.13407        0.17204        0.97912        0.19424       -0.52435       -0.52435       -0.52435
0.767158        0.13954        0.15894        1.13907        0.11005        0.98361        0.25153       -0.52459       -0.52459       -0.52459
0.779636        0.13524        0.15474        1.14422        0.04980        0.98851        0.30780       -0.52467       -0.52467       -0.52467
0.792317        0.13180        0.15150        1.14952       -0.00839        0.99383        0.36239       -0.52460       -0.52460       -0.52460
0.805204        0.12915        0.14916        1.15496       -0.06498        0.99954        0.41536       -0.52439       -0.52439       -0.52439
0.818301        0.12727        0.14770        1.16054       -0.12032        1.00561        0.46669       -0.52404       -0.52404       -0.52404
0.831610        0.12625        0.14724        1.16626       -0.17468        1.01205        0.51626       -0.52355       -0.52355       -0.52355
0.845137        0.12615        0.14786        1.17212       -0.22860        1.01885        0.56429       -0.52291       -0.52291       -0.52291
0.858883        0.12691        0.14951        1.17811       -0.28287        1.02596        0.61145       -0.52212       -0.52212       -0.52212
0.872853        0.12872        0.15244        1.18422       -0.33832        1.03338        0.65826       -0.52115       -0.52115       -0.52115
0.887050        0.13159        0.15666        1.19045       -0.39592        1.04106        0.70578       -0.52001       -0.52001       -0.52001
0.901478        0.13562        0.16231        1.19678       -0.45679        1.04894        0.75525       -0.51866       -0.51866       -0.51866
0.916140        0.14102        0.16969        1.20321       -0.52248        1.05696        0.80842       -0.51706       -0.51706       -0.51706
0.931041        0.14782        0.17882        1.20971       -0.59399        1.06505        0.86678       -0.51519       -0.51519       -0.51519
0.946185        0.15638        0.19021        1.21626       -0.67357        1.07308        0.93320       -0.51295       -0.51295       -0.51295
0.961575        0.16673        0.20389        1.22283       -0.76189        1.08094        1.00907       -0.51030       -0.51030       -0.51030
0.977215        0.17928        0.22041        1.22939       -0.86103        1.08844        1.09750       -0.50709       -0.50709       -0.50709
0.993109        0.19416        0.23997        1.23589       -0.97133        1.09542        1.19985       -0.50322       -0.50322       -0.50322
1.009262        0.21159        0.26285        1.24228       -1.09271        1.10168        1.31705       -0.49850       -0.49850       -0.49850
1.025678        0.23191        0.28955        1.24846       -1.22449        1.10695        1.44995       -0.49263       -0.49263       -0.49263
1.042361        0.25494        0.31980        1.25440       -1.36292        1.11115        1.59517       -0.48545       -0.48545       -0.48545
1.059315        0.28061        0.35357        1.25997       -1.50362        1.11415        1.74909       -0.47660       -0.47660       -0.47660
1.076545        0.30852        0.39030        1.26504       -1.63941        1.11593        1.90483       -0.46566       -0.46566       -0.46566
1.094055        0.33768        0.42870        1.26953       -1.76349        1.11677        2.05455       -0.45246       -0.45246       -0.45246
1.111850        0.36688        0.46716        1.27329       -1.86930        1.11698        2.19063       -0.43682       -0.43682       -0.43682
1.129934        0.39447        0.50342        1.27619       -1.95113        1.11699        2.30588       -0.41862       -0.41862       -0.41862
1.148312        0.41809        0.53434        1.27803       -2.00352        1.11726        2.39294       -0.39795       -0.39795       -0.39795
1.166990        0.43560        0.55700        1.27871       -2.02444        1.11820        2.44763       -0.37532       -0.37532       -0.37532
1.185971        0.44462        0.56828        1.27811       -2.00970        1.12007        2.46327       -0.35138       -0.35138       -0.35138
1.205261        0.44302        0.56535        1.27612       -1.95335        1.12296        2.43080       -0.32709       -0.32709       -0.32709
1.224865        0.42926        0.54630        1.27263       -1.84769        1.12669        2.33855       -0.30363       -0.30363       -0.30363
1.244787        0.40304        0.51091        1.26762       -1.68550        1.13063        2.17494       -0.28234       -0.28234       -0.28234
1.265034        0.36587        0.46141        1.26110       -1.46555        1.13362        1.93551       -0.26445       -0.26445       -0.26445
1.285610        0.32133        0.40269        1.25315       -1.19998        1.13412        1.63287       -0.25076       -0.25076       -0.25076
1.306520        0.27440        0.34136        1.24392       -0.91656        1.13080        1.30097       -0.24136       -0.24136       -0.24136
1.327771        0.22998        0.28373        1.23364       -0.64944        1.12317        0.98420       -0.23564       -0.23564       -0.23564
1.349367        0.19139        0.23399        1.22252       -0.42361        1.11174        0.71697       -0.23263       -0.23263       -0.23263
1.371315        0.16013        0.19389        1.21078       -0.24845        1.09752        0.51373       -0.23140       -0.23140       -0.23140
1.393619        0.13592        0.16293        1.19860       -0.11848        1.08158        0.36862       -0.23118       -0.23118       -0.23118
1.416287        0.11771        0.13963        1.18612       -0.02329        1.06471        0.26780       -0.23153       -0.23153       -0.23153
1.439323        0.10446        0.12258        1.17346        0.04600        1.04738        0.19834       -0.23217       -0.23217       -0.23217
1.462733        0.09544        0.11078        1.16071        0.09528        1.02993        0.15035       -0.23296       -0.23296       -0.23296
1.486525        0.08980        0.10309        1.14791        0.12993        1.01256        0.11498       -0.23383       -0.23383       -0.23383
1.510703        0.08711        0.09888        1.13514        0.15312        0.99542        0.08666       -0.23472       -0.23472       -0.23472
1.535275        0.08726        0.09794        1.12243        0.16674        0.97863        0.06179       -0.23561       -0.23561       -0.23561
1.560246        0.09008        0.09997        1.10983        0.17341        0.96221        0.03766       -0.23650       -0.23650       -0.23650
1.585624        0.09597        0.10531        1.09739        0.17478        0.94625        0.01263       -0.23737       -0.23737       -0.23737
1.611414        0.10516        0.11411        1.08513        0.17325        0.93073       -0.01434       -0.23823       -0.23823       -0.23823
1.637624        0.11845        0.12711        1.07314        0.17081        0.91571       -0.04415       -0.23911       -0.23911       -0.23911
1.664260        0.13671        0.14511        1.06147        0.16945        0.90123       -0.07744       -0.24001       -0.24001       -0.24001
1.691330        0.16095        0.16903        1.05021        0.17072        0.88734       -0.11466       -0.24097       -0.24097       -0.24097
1.718839        0.19247        0.20006        1.03949        0.17571        0.87417       -0.15603       -0.24203       -0.24203       -0.24203
1.746796        0.23202        0.23884        1.02946        0.18452        0.86189       -0.20075       -0.24325       -0.24325       -0.24325
1.775208        0.27905        0.28471        1.02032        0.19588        0.85071       -0.24618       -0.24469       -0.24469       -0.24469
1.804082        0.33070        0.33476        1.01231        0.20685        0.84091       -0.28702       -0.24643       -0.24643       -0.24643
1.833425        0.38041        0.38258        1.00573        0.21284        0.83283       -0.31482       -0.24848       -0.24848       -0.24848
1.863246        0.41789        0.41825        1.00088        0.20863        0.82679       -0.31954       -0.25074       -0.25074       -0.25074
1.893552        0.43203        0.43118        0.99802        0.19070        0.82313       -0.29361       -0.25301       -0.25301       -0.25301
1.924351        0.41642        0.41531        0.99733        0.15966        0.82204       -0.23668       -0.25498       -0.25498       -0.25498
1.955651        0.37368        0.37324        0.99881        0.12037        0.82358       -0.15631       -0.25643       -0.25643       -0.25643
1.987460        0.31427        0.31500        1.00235        0.07923        0.82757       -0.06310       -0.25730       -0.25730       -0.25730
2.019786        0.25077        0.25270        1.00770        0.04073        0.83373        0.03612       -0.25768       -0.25768       -0.25768
2.052638        0.19289        0.19570        1.01462        0.00605        0.84169        0.14177       -0.25769       -0.25769       -0.25769
2.086024        0.14506        0.14837        1.02281       -0.02659        0.85104        0.26055       -0.25749       -0.25749       -0.25749
2.119953        0.10790        0.11136        1.03205       -0.06017        0.86143        0.40261       -0.25715       -0.25715       -0.25715
2.154435        0.08039        0.08377        1.04219       -0.09812        0.87258        0.58094       -0.25673       -0.25673       -0.25673
2.189477        0.06021        0.06340        1.05309       -0.14334        0.88424        0.80610       -0.25626       -0.25626       -0.25626
2.225089        0.04570        0.04865        1.06467       -0.19867        0.89625        1.09067       -0.25576       -0.25576       -0.25576
2.261280        0.03517        0.03787        1.07687       -0.26591        0.90846        1.44244       -0.25525       -0.25525       -0.25525
2.298060        0.02754        0.03001        1.08968       -0.34680        0.92080        1.87018       -0.25471       -0.25471       -0.25471
2.335438        0.02194        0.02420        1.10307       -0.44229        0.93320        2.37880       -0.25417       -0.25417       -0.25417
2.373424        0.01777        0.01985        1.11703       -0.55288        0.94566        2.97134       -0.25361       -0.25361       -0.25361
2.412028        0.01463        0.01656        1.13159       -0.67885        0.95820        3.64972       -0.25303       -0.25303       -0.25303
2.451260        0.01223        0.01403        1.14675       -0.81956        0.97087        4.41154       -0.25244       -0.25244       -0.25244
2.491130        0.01058        0.01230        1.16251       -0.95721        0.98465        5.16199       -0.25175       -0.25175       -0.25175
2.531648        0.00907        0.01069        1.17861       -1.12692        0.99737        6.08706       -0.25112       -0.25112       -0.25112
2.572826        0.00778        0.00930        1.19573       -1.32610        1.01004        7.17850       -0.25049       -0.25049       -0.25049
2.614673        0.00678        0.00823        1.21357       -1.53339        1.02344        8.32057       -0.24978       -0.24978       -0.24978
2.657201        0.00598        0.00737        1.23216       -1.75484        1.03733        9.54633       -0.24902       -0.24902       -0.24902
2.700421        0.00532        0.00665        1.25155       -1.99188        1.05174       10.86442       -0.24820       -0.24820       -0.24820
2.744343        0.00476        0.00605        1.27178       -2.24520        1.06672       12.27930       -0.24732       -0.24732       -0.24732
2.788980        0.00429        0.00554        1.29290       -2.51551        1.08236       13.79545       -0.24636       -0.24636       -0.24636
2.834343        0.00388        0.00511        1.31497       -2.80378        1.09875       15.41925       -0.24532       -0.24532       -0.24532
2.880444        0.00354        0.00473        1.33805       -3.11084        1.11598       17.15576       -0.24418       -0.24418       -0.24418
2.927295        0.00323        0.00440        1.36220       -3.43787        1.13417       19.01235       -0.24293       -0.24293       -0.24293
2.974908        0.00297        0.00412        1.38751       -3.78632        1.15345       20.99787       -0.24156       -0.24156       -0.24156
3.023295        0.00273        0.00386        1.41404       -4.15762        1.17397       23.12092       -0.24004       -0.24004       -0.24004
3.072469        0.00252        0.00364        1.44190       -4.55360        1.19589       25.39247       -0.23836       -0.23836       -0.23836
3.122443        0.00234        0.00344        1.47117       -4.97640        1.21942       27.82506       -0.23649       -0.23649       -0.23649
3.173230        0.00217        0.00326        1.50197       -5.42846        1.24478       30.43304       -0.23440       -0.23440       -0.23440
3.224842        0.00202        0.00310        1.53443       -5.91262        1.27224       33.23283       -0.23205       -0.23205       -0.23205
3.277295        0.00188        0.00295        1.56867       -6.43217        1.30213       36.24334       -0.22941       -0.22941       -0.22941
3.330600        0.00176        0.00282        1.60485       -6.99123        1.33488       39.48811       -0.22642       -0.22642       -0.22642
3.384773        0.00164        0.00270        1.64315       -7.59423        1.37095       42.99222       -0.22302       -0.22302       -0.22302
3.439826        0.00154        0.00259        1.68376       -8.24663        1.41096       46.78623       -0.21913       -0.21913       -0.21913
3.495776        0.00144        0.00249        1.72691       -8.95513        1.45570       50.90757       -0.21465       -0.21465       -0.21465
3.552635        0.00135        0.00240        1.77285       -9.72761        1.50617       55.39969       -0.20944       -0.20944       -0.20944
3.610419        0.00127        0.00232        1.82188      -10.57349        1.56365       60.31434       -0.20333       -0.20333       -0.20333
3.669142        0.00120        0.00224        1.87434      -11.50463        1.62990       65.71621       -0.19610       -0.19610       -0.19610
3.728821        0.00112        0.00217        1.93064      -12.53564        1.70731       71.68457       -0.18743       -0.18743       -0.18743
3.789471        0.00106        0.00210        1.99127      -13.68464        1.79926       78.31727       -0.17687       -0.17687       -0.17687
3.851107        0.00099        0.00204        2.05679      -14.97399        1.91065       85.73526       -0.16377       -0.16377       -0.16377
3.913746        0.00093        0.00198        2.12788      -16.43088        2.04889       94.08662       -0.14716       -0.14716       -0.14716
3.977403        0.00088        0.00193        2.20535      -18.08653        2.22564      103.54536       -0.12548       -0.12548       -0.12548
4.042096        0.00082        0.00188        2.29019      -19.97186        2.46120      114.29963       -0.09604       -0.09604       -0.09604
4.107841        0.00077        0.00183        2.38340      -22.08473        2.79106      126.40832       -0.05414       -0.05414       -0.05414
