x               rho            P              T              ur             uphi           uz             Br             Bphi           Bz             m
0.010000        0.99974        0.99976        1.00002        0.30581        0.98660       -0.00027        0.03850       -0.24775        1.00002        0.99990
0.010163        0.99973        0.99975        1.00002        0.30581        0.98660       -0.00027        0.03913       -0.25178        1.00002        0.99990
0.010328        0.99972        0.99974        1.00002        0.30581        0.98660       -0.00028        0.03977       -0.25588        1.00002        0.99989
0.010496        0.99971        0.99973        1.00002        0.30582        0.98660       -0.00028        0.04041       -0.26004        1.00003        0.99989
0.010667        0.99970        0.99972        1.00002        0.30582        0.98660       -0.00029        0.04107       -0.26427        1.00003        0.99988
0.010840        0.99968        0.99971        1.00002        0.30582        0.98660       -0.00029        0.04174       -0.26857        1.00003        0.99988
0.011016        0.99967        0.99969        1.00003        0.30583        0.98660       -0.00030        0.04242       -0.27293        1.00003        0.99987
0.011196        0.99965        0.99968        1.00003        0.30583        0.98660       -0.00030        0.04311       -0.27737        1.00003        0.99986
0.011378        0.99964        0.99967        1.00003        0.30583        0.98660       -0.00031        0.04381       -0.28188        1.00003        0.99986
0.011563        0.99963        0.99965        1.00003        0.30583        0.98660       -0.00031        0.04452       -0.28647        1.00003        0.99985
0.011751        0.99961        0.99964        1.00003        0.30584        0.98660       -0.00032        0.04525       -0.29113        1.00003        0.99985
0.011942        0.99960        0.99963        1.00003        0.30584        0.98660       -0.00032        0.04599       -0.29586        1.00004        0.99984
0.012136        0.99958        0.99961        1.00003        0.30584        0.98660       -0.00033        0.04673       -0.30067        1.00004        0.99984
0.012334        0.99957        0.99960        1.00003        0.30585        0.98660       -0.00033        0.04749       -0.30556        1.00004        0.99983
0.012534        0.99955        0.99958        1.00003        0.30585        0.98660       -0.00034        0.04827       -0.31053        1.00004        0.99982
0.012738        0.99954        0.99957        1.00004        0.30585        0.98660       -0.00034        0.04905       -0.31558        1.00004        0.99982
0.012945        0.99952        0.99956        1.00004        0.30586        0.98660       -0.00035        0.04985       -0.32072        1.00004        0.99981
0.013156        0.99950        0.99954        1.00004        0.30586        0.98660       -0.00035        0.05066       -0.32593        1.00004        0.99981
0.013370        0.99949        0.99953        1.00004        0.30587        0.98660       -0.00036        0.05149       -0.33123        1.00005        0.99980
0.013587        0.99947        0.99951        1.00004        0.30587        0.98660       -0.00037        0.05232       -0.33662        1.00005        0.99979
0.013808        0.99945        0.99949        1.00004        0.30587        0.98660       -0.00037        0.05318       -0.34210        1.00005        0.99979
0.014033        0.99944        0.99948        1.00004        0.30588        0.98660       -0.00038        0.05404       -0.34766        1.00005        0.99978
0.014261        0.99942        0.99946        1.00004        0.30588        0.98660       -0.00038        0.05492       -0.35331        1.00005        0.99977
0.014493        0.99940        0.99945        1.00005        0.30588        0.98660       -0.00039        0.05581       -0.35906        1.00005        0.99977
0.014729        0.99938        0.99943        1.00005        0.30589        0.98660       -0.00040        0.05672       -0.36490        1.00006        0.99976
0.014968        0.99936        0.99941        1.00005        0.30589        0.98660       -0.00040        0.05765       -0.37084        1.00006        0.99975
0.015212        0.99934        0.99939        1.00005        0.30590        0.98660       -0.00041        0.05858       -0.37687        1.00006        0.99974
0.015459        0.99933        0.99938        1.00005        0.30590        0.98660       -0.00042        0.05954       -0.38300        1.00006        0.99974
0.015711        0.99931        0.99936        1.00005        0.30591        0.98660       -0.00042        0.06051       -0.38922        1.00006        0.99973
0.015966        0.99929        0.99934        1.00005        0.30591        0.98660       -0.00043        0.06149       -0.39556        1.00006        0.99972
0.016226        0.99927        0.99932        1.00006        0.30591        0.98660       -0.00044        0.06249       -0.40199        1.00007        0.99971
0.016490        0.99925        0.99930        1.00006        0.30592        0.98660       -0.00044        0.06351       -0.40853        1.00007        0.99971
0.016758        0.99922        0.99928        1.00006        0.30592        0.98660       -0.00045        0.06454       -0.41517        1.00007        0.99970
0.017031        0.99920        0.99926        1.00006        0.30593        0.98660       -0.00046        0.06559       -0.42192        1.00007        0.99969
0.017308        0.99918        0.99924        1.00006        0.30593        0.98660       -0.00047        0.06666       -0.42879        1.00007        0.99968
0.017589        0.99916        0.99922        1.00006        0.30594        0.98660       -0.00047        0.06774       -0.43576        1.00008        0.99967
0.017875        0.99914        0.99920        1.00007        0.30594        0.98660       -0.00048        0.06884       -0.44285        1.00008        0.99966
0.018166        0.99912        0.99918        1.00007        0.30595        0.98660       -0.00049        0.06996       -0.45005        1.00008        0.99965
0.018461        0.99909        0.99916        1.00007        0.30595        0.98660       -0.00050        0.07110       -0.45737        1.00008        0.99965
0.018762        0.99907        0.99914        1.00007        0.30596        0.98660       -0.00050        0.07226       -0.46481        1.00008        0.99964
0.019067        0.99905        0.99912        1.00007        0.30596        0.98660       -0.00051        0.07344       -0.47237        1.00009        0.99963
0.019377        0.99902        0.99910        1.00007        0.30597        0.98660       -0.00052        0.07463       -0.48005        1.00009        0.99962
0.019692        0.99900        0.99907        1.00008        0.30597        0.98660       -0.00053        0.07584       -0.48786        1.00009        0.99961
0.020012        0.99897        0.99905        1.00008        0.30598        0.98660       -0.00054        0.07708       -0.49579        1.00009        0.99960
0.020338        0.99894        0.99902        1.00008        0.30599        0.98660       -0.00055        0.07833       -0.50386        1.00010        0.99958
0.020669        0.99889        0.99898        1.00008        0.30600        0.98660       -0.00056        0.07961       -0.51205        1.00010        0.99957
0.021005        0.99885        0.99894        1.00009        0.30601        0.98660       -0.00057        0.08091       -0.52038        1.00010        0.99955
0.021347        0.99881        0.99890        1.00009        0.30602        0.98660       -0.00057        0.08222       -0.52884        1.00011        0.99953
0.021694        0.99876        0.99886        1.00009        0.30603        0.98659       -0.00058        0.08356       -0.53744        1.00011        0.99952
0.022047        0.99872        0.99881        1.00010        0.30604        0.98659       -0.00059        0.08492       -0.54618        1.00012        0.99950
0.022405        0.99867        0.99877        1.00010        0.30605        0.98659       -0.00060        0.08631       -0.55506        1.00012        0.99948
0.022770        0.99862        0.99873        1.00010        0.30606        0.98659       -0.00061        0.08771       -0.56409        1.00012        0.99946
0.023140        0.99858        0.99868        1.00011        0.30607        0.98659       -0.00062        0.08914       -0.57326        1.00013        0.99944
0.023516        0.99853        0.99864        1.00011        0.30608        0.98659       -0.00063        0.09059       -0.58258        1.00013        0.99942
0.023899        0.99848        0.99859        1.00011        0.30609        0.98659       -0.00064        0.09207       -0.59206        1.00014        0.99941
0.024288        0.99843        0.99855        1.00012        0.30610        0.98659       -0.00065        0.09357       -0.60169        1.00014        0.99939
0.024683        0.99838        0.99850        1.00012        0.30611        0.98659       -0.00066        0.09509       -0.61147        1.00015        0.99937
0.025084        0.99833        0.99845        1.00013        0.30612        0.98659       -0.00068        0.09664       -0.62141        1.00015        0.99935
0.025492        0.99827        0.99840        1.00013        0.30614        0.98659       -0.00069        0.09821       -0.63152        1.00016        0.99933
0.025907        0.99822        0.99835        1.00013        0.30615        0.98659       -0.00070        0.09981       -0.64179        1.00016        0.99930
0.026328        0.99817        0.99830        1.00014        0.30616        0.98659       -0.00071        0.10144       -0.65223        1.00016        0.99928
0.026756        0.99811        0.99825        1.00014        0.30617        0.98659       -0.00072        0.10309       -0.66283        1.00017        0.99926
0.027192        0.99806        0.99820        1.00015        0.30618        0.98659       -0.00073        0.10477       -0.67361        1.00017        0.99924
0.027634        0.99800        0.99815        1.00015        0.30620        0.98659       -0.00074        0.10647       -0.68457        1.00018        0.99922
0.028083        0.99794        0.99810        1.00016        0.30621        0.98659       -0.00076        0.10821       -0.69570        1.00018        0.99920
0.028540        0.99788        0.99804        1.00016        0.30622        0.98659       -0.00077        0.10997       -0.70701        1.00019        0.99917
0.029004        0.99782        0.99799        1.00016        0.30624        0.98659       -0.00078        0.11176       -0.71851        1.00020        0.99915
0.029476        0.99776        0.99793        1.00017        0.30625        0.98659       -0.00079        0.11358       -0.73020        1.00020        0.99913
0.029955        0.99770        0.99787        1.00017        0.30626        0.98659       -0.00081        0.11543       -0.74207        1.00021        0.99910
0.030443        0.99762        0.99780        1.00018        0.30628        0.98659       -0.00082        0.11731       -0.75414        1.00021        0.99907
0.030938        0.99753        0.99772        1.00019        0.30630        0.98659       -0.00083        0.11922       -0.76640        1.00022        0.99904
0.031441        0.99744        0.99763        1.00019        0.30632        0.98659       -0.00085        0.12117       -0.77886        1.00023        0.99900
0.031952        0.99735        0.99755        1.00020        0.30634        0.98659       -0.00086        0.12314       -0.79153        1.00024        0.99896
0.032472        0.99726        0.99746        1.00021        0.30636        0.98659       -0.00087        0.12515       -0.80439        1.00025        0.99893
0.033000        0.99716        0.99738        1.00021        0.30638        0.98658       -0.00089        0.12719       -0.81747        1.00025        0.99889
0.033537        0.99707        0.99729        1.00022        0.30640        0.98658       -0.00090        0.12926       -0.83077        1.00026        0.99885
0.034083        0.99697        0.99720        1.00023        0.30643        0.98658       -0.00092        0.13137       -0.84427        1.00027        0.99882
0.034637        0.99687        0.99710        1.00024        0.30645        0.98658       -0.00093        0.13351       -0.85800        1.00028        0.99878
0.035200        0.99677        0.99701        1.00024        0.30647        0.98658       -0.00095        0.13569       -0.87195        1.00029        0.99874
0.035773        0.99667        0.99692        1.00025        0.30649        0.98658       -0.00096        0.13790       -0.88613        1.00030        0.99870
0.036355        0.99656        0.99682        1.00026        0.30652        0.98658       -0.00098        0.14015       -0.90054        1.00031        0.99866
0.036946        0.99645        0.99672        1.00027        0.30654        0.98658       -0.00100        0.14243       -0.91518        1.00032        0.99861
0.037547        0.99635        0.99662        1.00028        0.30656        0.98658       -0.00101        0.14476       -0.93006        1.00033        0.99857
0.038158        0.99624        0.99652        1.00028        0.30659        0.98658       -0.00103        0.14712       -0.94518        1.00034        0.99853
0.038778        0.99613        0.99642        1.00029        0.30661        0.98658       -0.00105        0.14951       -0.96055        1.00035        0.99849
0.039409        0.99601        0.99631        1.00030        0.30664        0.98658       -0.00106        0.15195       -0.97617        1.00036        0.99844
0.040050        0.99590        0.99621        1.00031        0.30666        0.98658       -0.00108        0.15443       -0.99204        1.00037        0.99840
0.040701        0.99575        0.99607        1.00032        0.30670        0.98658       -0.00110        0.15695       -1.00817        1.00038        0.99834
0.041363        0.99560        0.99593        1.00033        0.30673        0.98658       -0.00112        0.15951       -1.02456        1.00040        0.99828
0.042036        0.99544        0.99579        1.00034        0.30677        0.98657       -0.00113        0.16212       -1.04121        1.00041        0.99822
0.042720        0.99529        0.99564        1.00036        0.30680        0.98657       -0.00115        0.16477       -1.05814        1.00042        0.99816
0.043415        0.99513        0.99549        1.00037        0.30684        0.98657       -0.00117        0.16746       -1.07534        1.00044        0.99809
0.044121        0.99496        0.99534        1.00038        0.30687        0.98657       -0.00119        0.17019       -1.09282        1.00045        0.99803
0.044839        0.99480        0.99519        1.00039        0.30691        0.98657       -0.00121        0.17297       -1.11058        1.00047        0.99797
0.045568        0.99463        0.99503        1.00041        0.30695        0.98657       -0.00123        0.17579       -1.12864        1.00048        0.99790
0.046309        0.99446        0.99487        1.00042        0.30699        0.98657       -0.00125        0.17866       -1.14699        1.00050        0.99783
0.047062        0.99429        0.99471        1.00043        0.30703        0.98657       -0.00127        0.18158       -1.16563        1.00051        0.99777
0.047828        0.99411        0.99455        1.00044        0.30706        0.98657       -0.00129        0.18454       -1.18458        1.00053        0.99770
0.048606        0.99393        0.99439        1.00046        0.30710        0.98657       -0.00131        0.18756       -1.20384        1.00055        0.99763
0.049396        0.99375        0.99422        1.00047        0.30715        0.98656       -0.00133        0.19062       -1.22341        1.00056        0.99756
0.050200        0.99356        0.99404        1.00049        0.30719        0.98656       -0.00136        0.19373       -1.24330        1.00058        0.99748
0.051016        0.99333        0.99383        1.00050        0.30724        0.98656       -0.00138        0.19690       -1.26350        1.00060        0.99739
0.051846        0.99310        0.99361        1.00052        0.30729        0.98656       -0.00140        0.20012       -1.28403        1.00062        0.99730
0.052689        0.99286        0.99339        1.00054        0.30734        0.98656       -0.00142        0.20340       -1.30490        1.00064        0.99721
0.053546        0.99262        0.99317        1.00056        0.30740        0.98656       -0.00145        0.20672       -1.32611        1.00066        0.99711
0.054417        0.99237        0.99294        1.00058        0.30745        0.98656       -0.00147        0.21011       -1.34766        1.00069        0.99702
0.055302        0.99212        0.99271        1.00059        0.30751        0.98655       -0.00150        0.21354       -1.36956        1.00071        0.99692
0.056202        0.99187        0.99248        1.00061        0.30757        0.98655       -0.00152        0.21704       -1.39182        1.00073        0.99682
0.057116        0.99161        0.99224        1.00063        0.30762        0.98655       -0.00154        0.22059       -1.41444        1.00076        0.99672
0.058045        0.99135        0.99200        1.00065        0.30768        0.98655       -0.00157        0.22419       -1.43742        1.00078        0.99662
0.058989        0.99109        0.99176        1.00067        0.30774        0.98655       -0.00160        0.22786       -1.46078        1.00080        0.99652
0.059948        0.99082        0.99151        1.00069        0.30780        0.98655       -0.00162        0.23159       -1.48453        1.00083        0.99641
0.060923        0.99050        0.99121        1.00072        0.30787        0.98654       -0.00165        0.23538       -1.50864        1.00086        0.99629
0.061914        0.99017        0.99091        1.00074        0.30795        0.98654       -0.00168        0.23924       -1.53315        1.00089        0.99616
0.062921        0.98984        0.99060        1.00077        0.30802        0.98654       -0.00170        0.24317       -1.55806        1.00092        0.99603
0.063945        0.98950        0.99029        1.00079        0.30810        0.98654       -0.00173        0.24716       -1.58337        1.00095        0.99590
0.064985        0.98916        0.98997        1.00082        0.30818        0.98654       -0.00176        0.25121       -1.60909        1.00098        0.99576
0.066042        0.98881        0.98964        1.00085        0.30826        0.98653       -0.00179        0.25533       -1.63523        1.00101        0.99562
0.067116        0.98845        0.98931        1.00087        0.30834        0.98653       -0.00182        0.25951       -1.66180        1.00104        0.99548
0.068208        0.98809        0.98898        1.00090        0.30842        0.98653       -0.00185        0.26376       -1.68880        1.00108        0.99534
0.069317        0.98772        0.98864        1.00093        0.30850        0.98653       -0.00188        0.26809       -1.71624        1.00111        0.99520
0.070445        0.98733        0.98828        1.00096        0.30859        0.98652       -0.00191        0.27249       -1.74412        1.00114        0.99505
0.071590        0.98689        0.98787        1.00099        0.30869        0.98652       -0.00194        0.27697       -1.77244        1.00118        0.99488
0.072755        0.98645        0.98746        1.00103        0.30879        0.98652       -0.00197        0.28152       -1.80122        1.00122        0.99470
0.073938        0.98599        0.98704        1.00106        0.30889        0.98652       -0.00201        0.28615       -1.83047        1.00127        0.99452
0.075141        0.98553        0.98661        1.00110        0.30899        0.98651       -0.00204        0.29086       -1.86020        1.00131        0.99435
0.076363        0.98507        0.98618        1.00113        0.30910        0.98651       -0.00207        0.29564       -1.89040        1.00135        0.99416
0.077605        0.98459        0.98574        1.00117        0.30921        0.98651       -0.00211        0.30050       -1.92111        1.00139        0.99398
0.078867        0.98411        0.98530        1.00120        0.30932        0.98650       -0.00214        0.30543       -1.95231        1.00144        0.99379
0.080150        0.98362        0.98484        1.00124        0.30943        0.98650       -0.00218        0.31045       -1.98401        1.00148        0.99360
0.081454        0.98306        0.98432        1.00128        0.30955        0.98650       -0.00222        0.31557       -2.01621        1.00153        0.99338
0.082779        0.98248        0.98379        1.00133        0.30968        0.98649       -0.00225        0.32078       -2.04894        1.00159        0.99315
0.084125        0.98190        0.98325        1.00137        0.30982        0.98649       -0.00229        0.32607       -2.08219        1.00164        0.99292
0.085493        0.98131        0.98270        1.00142        0.30995        0.98649       -0.00233        0.33145       -2.11599        1.00170        0.99269
0.086884        0.98071        0.98215        1.00146        0.31009        0.98648       -0.00237        0.33691       -2.15034        1.00175        0.99246
0.088297        0.98010        0.98158        1.00151        0.31023        0.98648       -0.00241        0.34246       -2.18525        1.00181        0.99222
0.089733        0.97948        0.98101        1.00156        0.31037        0.98647       -0.00245        0.34811       -2.22072        1.00186        0.99198
0.091193        0.97879        0.98037        1.00161        0.31052        0.98647       -0.00249        0.35387       -2.25675        1.00193        0.99171
0.092676        0.97808        0.97971        1.00167        0.31069        0.98647       -0.00253        0.35972       -2.29336        1.00199        0.99143
0.094183        0.97735        0.97904        1.00172        0.31085        0.98646       -0.00257        0.36568       -2.33056        1.00206        0.99115
0.095715        0.97662        0.97835        1.00178        0.31102        0.98646       -0.00262        0.37173       -2.36837        1.00213        0.99086
0.097272        0.97587        0.97766        1.00184        0.31119        0.98645       -0.00266        0.37788       -2.40680        1.00220        0.99056
0.098854        0.97510        0.97695        1.00189        0.31137        0.98645       -0.00270        0.38412       -2.44585        1.00227        0.99026
0.100462        0.97431        0.97622        1.00196        0.31155        0.98644       -0.00275        0.39048       -2.48552        1.00234        0.98995
0.102096        0.97344        0.97541        1.00202        0.31175        0.98644       -0.00280        0.39697       -2.52582        1.00242        0.98962
0.103757        0.97256        0.97459        1.00209        0.31195        0.98643       -0.00284        0.40357       -2.56677        1.00251        0.98927
0.105444        0.97166        0.97376        1.00216        0.31216        0.98642       -0.00289        0.41027       -2.60839        1.00259        0.98892
0.107159        0.97075        0.97292        1.00223        0.31237        0.98642       -0.00294        0.41708       -2.65068        1.00267        0.98856
0.108902        0.96983        0.97206        1.00230        0.31258        0.98641       -0.00299        0.42400       -2.69366        1.00276        0.98820
0.110674        0.96886        0.97116        1.00238        0.31280        0.98641       -0.00304        0.43105       -2.73733        1.00285        0.98782
0.112474        0.96781        0.97019        1.00246        0.31305        0.98640       -0.00309        0.43825       -2.78167        1.00295        0.98741
0.114303        0.96675        0.96921        1.00254        0.31329        0.98639       -0.00315        0.44556       -2.82674        1.00305        0.98700
0.116162        0.96567        0.96821        1.00263        0.31354        0.98639       -0.00320        0.45299       -2.87254        1.00315        0.98657
0.118052        0.96458        0.96719        1.00271        0.31379        0.98638       -0.00325        0.46054       -2.91909        1.00325        0.98614
0.119972        0.96346        0.96616        1.00280        0.31405        0.98637       -0.00331        0.46821       -2.96639        1.00336        0.98571
0.121923        0.96224        0.96502        1.00289        0.31434        0.98636       -0.00337        0.47606       -3.01441        1.00347        0.98523
0.123906        0.96099        0.96387        1.00299        0.31463        0.98635       -0.00342        0.48404       -3.06322        1.00359        0.98474
0.125922        0.95973        0.96269        1.00309        0.31492        0.98635       -0.00348        0.49215       -3.11281        1.00371        0.98425
0.127970        0.95844        0.96149        1.00319        0.31523        0.98634       -0.00354        0.50039       -3.16321        1.00383        0.98374
0.130051        0.95713        0.96028        1.00329        0.31553        0.98633       -0.00360        0.50877       -3.21444        1.00396        0.98323
0.132166        0.95570        0.95895        1.00340        0.31587        0.98632       -0.00367        0.51734       -3.26643        1.00409        0.98267
0.134316        0.95424        0.95760        1.00352        0.31621        0.98631       -0.00373        0.52605       -3.31927        1.00423        0.98210
0.136501        0.95276        0.95623        1.00364        0.31656        0.98630       -0.00380        0.53491       -3.37297        1.00437        0.98152
0.138721        0.95126        0.95483        1.00375        0.31691        0.98629       -0.00386        0.54391       -3.42754        1.00452        0.98093
0.140977        0.94969        0.95337        1.00388        0.31728        0.98628       -0.00393        0.55308       -3.48297        1.00467        0.98031
0.143270        0.94803        0.95183        1.00401        0.31768        0.98627       -0.00400        0.56245       -3.53925        1.00483        0.97966
0.145601        0.94634        0.95026        1.00414        0.31808        0.98626       -0.00407        0.57197       -3.59646        1.00499        0.97900
0.147969        0.94462        0.94866        1.00428        0.31848        0.98625       -0.00414        0.58164       -3.65459        1.00516        0.97833
0.150376        0.94286        0.94703        1.00442        0.31890        0.98623       -0.00421        0.59148       -3.71366        1.00533        0.97764
0.152821        0.94098        0.94527        1.00457        0.31935        0.98622       -0.00428        0.60156       -3.77361        1.00551        0.97690
0.155307        0.93906        0.94349        1.00472        0.31981        0.98621       -0.00436        0.61180       -3.83454        1.00570        0.97615
0.157833        0.93711        0.94168        1.00488        0.32028        0.98619       -0.00444        0.62221       -3.89645        1.00589        0.97538
0.160400        0.93511        0.93982        1.00504        0.32076        0.98618       -0.00452        0.63280       -3.95937        1.00609        0.97460
0.163009        0.93297        0.93783        1.00521        0.32128        0.98616       -0.00460        0.64364       -4.02322        1.00630        0.97376
0.165661        0.93080        0.93581        1.00538        0.32180        0.98615       -0.00468        0.65466       -4.08810        1.00651        0.97291
0.168355        0.92860        0.93376        1.00556        0.32234        0.98613       -0.00476        0.66587       -4.15404        1.00673        0.97204
0.171093        0.92631        0.93163        1.00575        0.32289        0.98612       -0.00485        0.67729       -4.22102        1.00696        0.97114
0.173876        0.92390        0.92939        1.00594        0.32348        0.98610       -0.00494        0.68897       -4.28900        1.00720        0.97020
0.176704        0.92145        0.92711        1.00614        0.32408        0.98608       -0.00502        0.70084       -4.35810        1.00745        0.96924
0.179578        0.91897        0.92480        1.00634        0.32469        0.98607       -0.00512        0.71291       -4.42832        1.00770        0.96826
0.182499        0.91633        0.92234        1.00656        0.32534        0.98605       -0.00521        0.72527       -4.49957        1.00796        0.96723
0.185468        0.91363        0.91982        1.00678        0.32601        0.98603       -0.00530        0.73785       -4.57195        1.00824        0.96616
0.188484        0.91088        0.91726        1.00700        0.32669        0.98601       -0.00540        0.75064       -4.64552        1.00852        0.96509
0.191550        0.90803        0.91460        1.00724        0.32740        0.98599       -0.00550        0.76371       -4.72020        1.00881        0.96396
0.194666        0.90505        0.91182        1.00748        0.32814        0.98596       -0.00560        0.77706       -4.79603        1.00911        0.96279
0.197832        0.90203        0.90900        1.00773        0.32890        0.98594       -0.00571        0.79063       -4.87308        1.00943        0.96160
0.201050        0.89891        0.90610        1.00799        0.32968        0.98592       -0.00581        0.80447       -4.95134        1.00975        0.96038
0.204320        0.89565        0.90305        1.00826        0.33051        0.98589       -0.00592        0.81864       -5.03075        1.01009        0.95909
0.207643        0.89233        0.89995        1.00854        0.33135        0.98587       -0.00603        0.83305       -5.11145        1.01044        0.95778
0.211020        0.88891        0.89676        1.00883        0.33222        0.98584       -0.00614        0.84773       -5.19341        1.01080        0.95644
0.214453        0.88533        0.89342        1.00913        0.33313        0.98581       -0.00626        0.86279       -5.27657        1.01118        0.95503
0.217941        0.88170        0.89002        1.00944        0.33407        0.98579       -0.00638        0.87808       -5.36107        1.01156        0.95360
0.221486        0.87795        0.88651        1.00976        0.33504        0.98576       -0.00650        0.89371       -5.44686        1.01196        0.95212
0.225088        0.87404        0.88285        1.01009        0.33605        0.98572       -0.00663        0.90970       -5.53392        1.01239        0.95058
0.228749        0.87007        0.87914        1.01043        0.33709        0.98569       -0.00675        0.92596       -5.62239        1.01282        0.94901
0.232470        0.86593        0.87527        1.01078        0.33817        0.98566       -0.00688        0.94262       -5.71214        1.01327        0.94738
0.236251        0.86167        0.87128        1.01115        0.33929        0.98563       -0.00702        0.95963       -5.80326        1.01374        0.94569
0.240093        0.85734        0.86723        1.01153        0.34044        0.98559       -0.00716        0.97691       -5.89587        1.01421        0.94399
0.243999        0.85279        0.86295        1.01193        0.34166        0.98555       -0.00730        0.99472       -5.98970        1.01472        0.94218
0.247967        0.84816        0.85861        1.01233        0.34289        0.98551       -0.00744        1.01281       -6.08506        1.01524        0.94035
0.252000        0.84337        0.85413        1.01275        0.34418        0.98547       -0.00759        1.03132       -6.18183        1.01578        0.93846
0.256099        0.83843        0.84949        1.01319        0.34553        0.98543       -0.00774        1.05027       -6.28000        1.01635        0.93650
0.260265        0.83340        0.84476        1.01364        0.34690        0.98539       -0.00790        1.06954       -6.37976        1.01692        0.93450
0.264498        0.82812        0.83981        1.01411        0.34835        0.98534       -0.00806        1.08940       -6.48081        1.01754        0.93241
0.268800        0.82277        0.83477        1.01459        0.34983        0.98529       -0.00822        1.10959       -6.58351        1.01816        0.93029
0.273172        0.81721        0.82954        1.01510        0.35138        0.98524       -0.00839        1.13032       -6.68760        1.01882        0.92808
0.277615        0.81151        0.82418        1.01562        0.35298        0.98519       -0.00856        1.15148       -6.79328        1.01950        0.92581
0.282131        0.80564        0.81866        1.01616        0.35463        0.98513       -0.00874        1.17314       -6.90048        1.02020        0.92348
0.286720        0.79959        0.81295        1.01672        0.35636        0.98508       -0.00892        1.19535       -7.00919        1.02094        0.92106
0.291383        0.79339        0.80711        1.01730        0.35813        0.98502       -0.00911        1.21801       -7.11954        1.02170        0.91859
0.296123        0.78697        0.80105        1.01790        0.35999        0.98495       -0.00930        1.24132       -7.23134        1.02249        0.91603
0.300939        0.78041        0.79487        1.01852        0.36190        0.98489       -0.00950        1.26507       -7.34487        1.02331        0.91341
0.305834        0.77362        0.78844        1.01917        0.36390        0.98482       -0.00971        1.28955       -7.45982        1.02418        0.91069
0.310808        0.76669        0.78189        1.01984        0.36595        0.98475       -0.00992        1.31448       -7.57655        1.02507        0.90791
0.315864        0.75950        0.77509        1.02054        0.36810        0.98467       -0.01013        1.34020       -7.69469        1.02600        0.90503
0.321001        0.75217        0.76816        1.02126        0.37031        0.98460       -0.01036        1.36642       -7.81463        1.02697        0.90208
0.326222        0.74458        0.76097        1.02201        0.37262        0.98451       -0.01059        1.39346       -7.93601        1.02798        0.89903
0.331528        0.73683        0.75362        1.02278        0.37500        0.98443       -0.01082        1.42107       -8.05917        1.02903        0.89591
0.336921        0.72884        0.74603        1.02359        0.37748        0.98434       -0.01107        1.44951       -8.18383        1.03013        0.89268
0.342401        0.72064        0.73824        1.02443        0.38005        0.98424       -0.01132        1.47864       -8.31019        1.03127        0.88936
0.347970        0.71223        0.73024        1.02530        0.38271        0.98414       -0.01157        1.50857       -8.43815        1.03246        0.88595
0.353630        0.70358        0.72201        1.02620        0.38547        0.98404       -0.01184        1.53935       -8.56768        1.03371        0.88243
0.359381        0.69473        0.71358        1.02714        0.38832        0.98393       -0.01211        1.57086       -8.69899        1.03499        0.87883
0.365227        0.68561        0.70488        1.02812        0.39130        0.98381       -0.01240        1.60344       -8.83163        1.03636        0.87511
0.371167        0.67630        0.69599        1.02913        0.39435        0.98369       -0.01269        1.63675       -8.96612        1.03776        0.87130
0.377204        0.66672        0.68683        1.03018        0.39754        0.98356       -0.01299        1.67117       -9.10197        1.03924        0.86736
0.383340        0.65691        0.67745        1.03128        0.40084        0.98342       -0.01330        1.70652       -9.23945        1.04078        0.86332
0.389575        0.64688        0.66784        1.03241        0.40423        0.98328       -0.01362        1.74281       -9.37864        1.04238        0.85918
0.395911        0.63657        0.65795        1.03360        0.40778        0.98313       -0.01395        1.78039       -9.51898        1.04408        0.85491
0.402351        0.62604        0.64784        1.03483        0.41142        0.98297       -0.01429        1.81895       -9.66103        1.04583        0.85053
0.408895        0.61526        0.63747        1.03611        0.41518        0.98280       -0.01464        1.85867       -9.80453        1.04767        0.84603
0.415546        0.60422        0.62684        1.03745        0.41907        0.98262       -0.01500        1.89977       -9.94918        1.04961        0.84139
0.422304        0.59295        0.61597        1.03883        0.42307        0.98243       -0.01538        1.94200      -10.09541        1.05162        0.83665
0.429173        0.58144        0.60485        1.04028        0.42720        0.98222       -0.01576        1.98555      -10.24294        1.05373        0.83177
0.436154        0.56967        0.59346        1.04179        0.43145        0.98201       -0.01615        2.03068      -10.39139        1.05595        0.82676
0.443248        0.55766        0.58183        1.04336        0.43580        0.98178       -0.01656        2.07713      -10.54119        1.05827        0.82162
0.450457        0.54542        0.56996        1.04499        0.44026        0.98154       -0.01697        2.12499      -10.69228        1.06069        0.81635
0.457784        0.53294        0.55782        1.04671        0.44482        0.98128       -0.01740        2.17467      -10.84388        1.06325        0.81093
0.465230        0.52023        0.54544        1.04849        0.44947        0.98100       -0.01783        2.22596      -10.99643        1.06593        0.80537
0.472797        0.50729        0.53283        1.05035        0.45418        0.98071       -0.01827        2.27888      -11.14991        1.06874        0.79968
0.480487        0.49414        0.51998        1.05228        0.45896        0.98040       -0.01872        2.33351      -11.30420        1.07167        0.79384
0.488302        0.48079        0.50690        1.05432        0.46374        0.98007       -0.01918        2.39023      -11.45851        1.07477        0.78785
0.496244        0.46724        0.49360        1.05644        0.46852        0.97972       -0.01964        2.44887      -11.61315        1.07803        0.78171
0.504316        0.45350        0.48009        1.05865        0.47326        0.97934       -0.02010        2.50947      -11.76805        1.08144        0.77542
0.512519        0.43960        0.46639        1.06097        0.47791        0.97894       -0.02056        2.57210      -11.92302        1.08502        0.76898
0.520855        0.42554        0.45250        1.06338        0.48243        0.97851       -0.02101        2.63685      -12.07783        1.08877        0.76239
0.529327        0.41135        0.43846        1.06592        0.48670        0.97806       -0.02146        2.70391      -12.23188        1.09272        0.75564
0.537936        0.39706        0.42428        1.06857        0.49062        0.97757       -0.02188        2.77332      -12.38490        1.09687        0.74873
0.546686        0.38268        0.40997        1.07135        0.49413        0.97706       -0.02228        2.84502      -12.53691        1.10123        0.74165
0.555578        0.36824        0.39558        1.07427        0.49708        0.97652       -0.02264        2.91904      -12.68759        1.10580        0.73442
0.564614        0.35378        0.38112        1.07732        0.49934        0.97594       -0.02296        2.99540      -12.83655        1.11058        0.72702
0.573798        0.33932        0.36662        1.08051        0.50071        0.97534       -0.02321        3.07410      -12.98340        1.11559        0.71946
0.583131        0.32490        0.35214        1.08387        0.50098        0.97472       -0.02339        3.15509      -13.12771        1.12083        0.71174
0.592615        0.31058        0.33770        1.08738        0.49990        0.97407       -0.02348        3.23828      -13.26900        1.12629        0.70384
0.602254        0.29639        0.32337        1.09107        0.49717        0.97341       -0.02344        3.32355      -13.40679        1.13198        0.69578
0.612050        0.28239        0.30920        1.09495        0.49245        0.97274       -0.02326        3.41068      -13.54051        1.13790        0.68756
0.622005        0.26865        0.29524        1.09901        0.48537        0.97208       -0.02289        3.49940      -13.66962        1.14403        0.67916
0.632122        0.25521        0.28156        1.10328        0.47551        0.97143       -0.02232        3.58932      -13.79351        1.15034        0.67060
0.642403        0.24216        0.26824        1.10776        0.46242        0.97084       -0.02149        3.67995      -13.91158        1.15683        0.66187
0.652852        0.22955        0.25536        1.11247        0.44564        0.97031       -0.02036        3.77070      -14.02319        1.16345        0.65297
0.663471        0.21747        0.24299        1.11741        0.42468        0.96989       -0.01890        3.86082      -14.12770        1.17015        0.64391
0.674262        0.20599        0.23123        1.12258        0.39909        0.96960       -0.01706        3.94942      -14.22448        1.17687        0.63468
0.685229        0.19520        0.22018        1.12800        0.36844        0.96951       -0.01480        4.03545      -14.31290        1.18355        0.62529
0.696374        0.18517        0.20991        1.13368        0.33235        0.96965       -0.01209        4.11772      -14.39232        1.19009        0.61574
0.707701        0.17599        0.20055        1.13961        0.29051        0.97008       -0.00888        4.19483      -14.46216        1.19639        0.60602
0.719212        0.16774        0.19220        1.14581        0.24267        0.97085       -0.00517        4.26527      -14.52180        1.20234        0.59615
0.730910        0.16059        0.18504        1.15227        0.18834        0.97205       -0.00091        4.32664      -14.56992        1.20774        0.58612
0.742798        0.15465        0.17923        1.15900        0.12730        0.97371        0.00393        4.37655      -14.60560        1.21240        0.57594
0.754880        0.14993        0.17482        1.16598        0.05982        0.97586        0.00931        4.41351      -14.62891        1.21617        0.56562
0.767158        0.14655        0.17193        1.17319       -0.01422        0.97849        0.01523        4.43517      -14.63906        1.21884        0.55514
0.779636        0.14461        0.17073        1.18063       -0.09497        0.98159        0.02172        4.43891      -14.63501        1.22018        0.54453
0.792317        0.14447        0.17167        1.18826       -0.18342        0.98514        0.02885        4.41854      -14.61318        1.21964        0.53379
0.805204        0.14613        0.17478        1.19605       -0.27910        0.98897        0.03660        4.37260      -14.57332        1.21703        0.52291
0.818301        0.14969        0.18023        1.20396       -0.38168        0.99289        0.04496        4.29829      -14.51372        1.21208        0.51191
0.831610        0.15554        0.18851        1.21191       -0.49065        0.99664        0.05395        4.18896      -14.42950        1.20412        0.50079
0.845137        0.16395        0.20000        1.21984       -0.60367        0.99988        0.06342        4.03965      -14.31581        1.19264        0.48956
0.858883        0.17488        0.21470        1.22768       -0.71660        1.00236        0.07305        3.85100      -14.17078        1.17760        0.47822
0.872853        0.18887        0.23331        1.23528       -0.82219        1.00373        0.08230        3.61568      -13.98382        1.15820        0.46680
0.887050        0.20579        0.25571        1.24256       -0.91355        1.00403        0.09057        3.33727      -13.75166        1.13462        0.45528
0.901478        0.22557        0.28184        1.24940       -0.98460        1.00347        0.09729        3.01888      -13.46890        1.10702        0.44368
0.916140        0.24818        0.31164        1.25565       -1.03153        1.00237        0.10209        2.66306      -13.12731        1.07545        0.43201
0.931041        0.27298        0.34430        1.26126       -1.05958        1.00109        0.10536        2.27861      -12.73019        1.04066        0.42028
0.946185        0.29971        0.37945        1.26603       -1.07094        0.99982        0.10726        1.86744      -12.26964        1.00264        0.40851
0.961575        0.32765        0.41610        1.26996       -1.07156        0.99863        0.10826        1.43552      -11.75250        0.96194        0.39668
0.977215        0.35628        0.45350        1.27287       -1.06371        0.99761        0.10856        0.98401      -11.17498        0.91851        0.38484
0.993109        0.38491        0.49066        1.27472       -1.05059        0.99675        0.10841        0.51530      -10.54228        0.87256        0.37297
1.009262        0.41294        0.52667        1.27543       -1.03391        0.99607        0.10795        0.03022       -9.85778        0.82410        0.36110
1.025678        0.43946        0.56024        1.27483       -1.01469        0.99557        0.10726       -0.47162       -9.12303        0.77294        0.34924
1.042361        0.46397        0.59062        1.27296       -0.99365        0.99522        0.10639       -0.98948       -8.34734        0.71917        0.33740
1.059315        0.48566        0.61664        1.26970       -0.97074        0.99502        0.10533       -1.52390       -7.53631        0.66262        0.32558
1.076545        0.50359        0.63698        1.26490       -0.94532        0.99497        0.10398       -2.07532       -6.69907        0.60312        0.31383
1.094055        0.51736        0.65114        1.25861       -0.91637        0.99504        0.10221       -2.64261       -5.84793        0.54076        0.30212
1.111850        0.52640        0.65840        1.25076       -0.88215        0.99520        0.09981       -3.22428       -4.99608        0.47563        0.29049
1.129934        0.53028        0.65825        1.24131       -0.84001        0.99543        0.09645       -3.81698       -4.16016        0.40801        0.27894
1.148312        0.52865        0.65034        1.23019       -0.78571        0.99561        0.09158       -4.41353       -3.36317        0.33860        0.26751
1.166990        0.52209        0.63565        1.21750       -0.71489        0.99561        0.08462       -5.00227       -2.62651        0.26877        0.25619
1.185971        0.51141        0.61540        1.20331       -0.62205        0.99518        0.07483       -5.56478       -1.97589        0.20070        0.24500
1.205261        0.49814        0.59170        1.18779       -0.50176        0.99395        0.06143       -6.07352       -1.43844        0.13776        0.23396
1.224865        0.48454        0.56748        1.17116       -0.35065        0.99144        0.04382       -6.49031       -1.04016        0.08482        0.22308
1.244787        0.47344        0.54626        1.15378       -0.16996        0.98719        0.02198       -6.76706       -0.80289        0.04818        0.21237
1.265034        0.46780        0.53148        1.13612        0.03275        0.98098       -0.00333       -6.85003       -0.74173        0.03522        0.20184
1.285610        0.46976        0.52555        1.11876        0.24471        0.97309       -0.03061       -6.68682       -0.86482        0.05346        0.19153
1.306520        0.47968        0.52877        1.10236        0.45152        0.96419       -0.05807       -6.23344       -1.17512        0.10973        0.18142
1.327771        0.49523        0.53861        1.08763        0.64042        0.95507       -0.08400       -5.45880       -1.67133        0.20947        0.17154
1.349367        0.51097        0.54946        1.07533        0.80116        0.94624       -0.10691       -4.34740       -2.34448        0.35626        0.16190
1.371315        0.51831        0.55267        1.06628        0.92327        0.93777       -0.12520       -2.89523       -3.17151        0.55237        0.15252
1.393619        0.50743        0.53851        1.06126        0.99457        0.92949       -0.13690       -1.13664       -4.09418        0.79475        0.14340
1.416287        0.47133        0.50001        1.06087        0.99717        0.92154       -0.13909        0.84731       -5.02006        1.07346        0.13455
1.439323        0.40969        0.43658        1.06563        0.90797        0.91522       -0.12794        2.91369       -5.83569        1.36923        0.12598
1.462733        0.33246        0.35770        1.07602        0.71507        0.91397       -0.10094        4.82738       -6.42833        1.64862        0.11771
1.486525        0.25874        0.28238        1.09154        0.46306        0.92132       -0.06394        6.35320       -6.77345        1.87603        0.10974
1.510703        0.20319        0.22581        1.11138        0.22100        0.93824       -0.02707        7.37246       -6.92064        2.03176        0.10206
1.535275        0.17195        0.19509        1.13465        0.02801        0.96327        0.00321        7.87114       -6.93575        2.11118        0.09471
1.560246        0.16274        0.18878        1.16004       -0.12952        0.99344        0.02811        7.92069       -6.87245        2.12248        0.08765
1.585624        0.17729        0.21033        1.18620       -0.28744        1.02609        0.05279        7.43205       -6.73308        2.04915        0.08094
1.611414        0.21634        0.26199        1.21094       -0.48867        1.05669        0.08455        6.22672       -6.48585        1.85964        0.07453
1.637624        0.27584        0.33941        1.23036       -0.72899        1.07874        0.12377        3.92309       -6.02909        1.48762        0.06844
1.664260        0.31994        0.39644        1.23910       -0.86086        1.08877        0.14678        0.43543       -5.30080        0.91264        0.06268
1.691330        0.29954        0.36937        1.23308       -0.71533        1.08754        0.12445       -3.49900       -4.53647        0.25192        0.05724
1.718839        0.22616        0.27428        1.21267       -0.37307        1.06940        0.06850       -6.56369       -4.12364       -0.27295        0.05211
1.746796        0.16394        0.19408        1.18360       -0.10230        1.03435        0.02382       -8.19181       -4.04243       -0.55869        0.04730
1.775208        0.13467        0.15508        1.15143        0.04035        0.99271        0.00007       -8.78620       -4.08796       -0.66772        0.04280
1.804082        0.13395        0.14994        1.11946        0.10930        0.95158       -0.01242       -8.72105       -4.16789       -0.66069        0.03860
1.833425        0.15929        0.17357        1.08977        0.15211        0.91431       -0.02170       -8.07037       -4.26064       -0.54685        0.03469
1.863246        0.21150        0.22509        1.06441        0.19892        0.88315       -0.03235       -6.64598       -4.37356       -0.28749        0.03107
1.893552        0.27742        0.29019        1.04607        0.24670        0.86083       -0.04305       -4.14768       -4.52637        0.17901        0.02773
1.924351        0.30805        0.31973        1.03794        0.24656        0.85048       -0.04405       -0.65573       -4.71092        0.84439        0.02465
1.955651        0.26374        0.27477        1.04188        0.16964        0.85409       -0.02911        2.89432       -4.85229        1.53358        0.02183
1.987460        0.18357        0.19395        1.05674        0.06564        0.87081       -0.00714        5.47365       -4.89875        2.04425        0.01926
2.019786        0.12008        0.12963        1.07958       -0.02178        0.89734        0.01340        6.92871       -4.87664        2.33929        0.01692
2.052638        0.08496        0.09411        1.10787       -0.08843        0.93095        0.03086        7.60545       -4.81955        2.48149        0.01480
2.086024        0.07090        0.08081        1.13981       -0.13059        0.97041        0.04240        7.81614       -4.74155        2.52986        0.01289
2.119953        0.07364        0.08646        1.17410       -0.13825        1.01518        0.04385        7.64427       -4.64580        2.49859        0.01117
2.154435        0.09667        0.11689        1.20880       -0.11937        1.06275        0.03678        6.89701       -4.53488        2.34340        0.00964
2.189477        0.14558        0.18048        1.23965       -0.10524        1.10601        0.03033        5.02953       -4.41540        1.94139        0.00828
2.225089        0.19316        0.24282        1.25712       -0.09447        1.13076        0.02647        1.30505       -4.30318        1.12082        0.00708
2.261280        0.16540        0.20710        1.25210       -0.03633        1.12386        0.01455       -3.05025       -4.25949        0.14360        0.00602
2.298060        0.09982        0.12253        1.22733        0.04866        1.08861       -0.00065       -5.71794       -4.31825       -0.46704        0.00509
2.335438        0.05992        0.07155        1.19379        0.13154        1.04048       -0.01314       -6.79464       -4.42075       -0.72059        0.00428
2.373424        0.04308        0.04989        1.15812        0.19549        0.99029       -0.02191       -7.12832       -4.52700       -0.80402        0.00358
2.412028        0.03937        0.04422        1.12313        0.21107        0.94399       -0.02403       -7.11666       -4.62142       -0.80636        0.00297
2.451260        0.04540        0.04949        1.09010        0.17427        0.90389       -0.01932       -6.85957       -4.69976       -0.74897        0.00246
2.491130        0.06259        0.06634        1.06008        0.11578        0.86958       -0.01180       -6.28906       -4.76390       -0.61285        0.00202
2.531648        0.09433        0.09758        1.03457        0.06553        0.84096       -0.00524       -5.18188       -4.81565       -0.33899        0.00165
2.572826        0.13505        0.13723        1.01614        0.03252        0.82013       -0.00042       -3.22846       -4.85322        0.15660        0.00133
2.614673        0.15305        0.15428        1.00807        0.00951        0.81078        0.00453       -0.47669       -4.87165        0.86904        0.00107
2.657201        0.12371        0.12520        1.01207       -0.01569        0.81480        0.01286        2.22356       -4.86719        1.58128        0.00086
2.700421        0.07688        0.07892        1.02645       -0.05595        0.82969        0.02905        4.05290       -4.84308        2.07352        0.00068
2.744343        0.04339        0.04547        1.04802       -0.12830        0.85075        0.05995        5.01569       -4.80698        2.33921        0.00054
2.788980        0.02489        0.02673        1.07423       -0.24902        0.87405        0.11233        5.48576       -4.76542        2.47358        0.00042
2.834343        0.01533        0.01692        1.10394       -0.43011        0.89761        0.19137        5.71585       -4.72150        2.54304        0.00032
2.880444        0.01015        0.01154        1.13665       -0.67497        0.92088        0.29864        5.83781       -4.67596        2.58291        0.00000
2.927295        0.00723        0.00847        1.17222       -0.98201        0.94424        0.43346        5.91312       -4.62769        2.61008        0.00000
2.974908        0.00541        0.00655        1.21105       -1.35126        0.96854        0.59606        5.96146       -4.57462        2.62970        0.00000
3.023295        0.00422        0.00529        1.25327       -1.78557        0.99443        0.78767        5.99979       -4.51482        2.64668        0.00000
3.072469        0.00340        0.00441        1.29929       -2.28898        1.02294        1.01002        6.03558       -4.44539        2.66320        0.00000
3.122443        0.00280        0.00378        1.34960       -2.86960        1.05529        1.26655        6.07378       -4.36262        2.68078        0.00000
3.173230        0.00235        0.00330        1.40484       -3.54020        1.09306        1.56266        6.11849       -4.26148        2.70072        0.00000
3.224842        0.00200        0.00293        1.46583       -4.31974        1.13853        1.90625        6.17388       -4.13456        2.72446        0.00000
3.277295        0.00172        0.00264        1.53364       -5.23590        1.19518        2.30880        6.24501       -3.97042        2.75377        0.00000
3.330600        0.00150        0.00241        1.60962       -6.32825        1.26857        2.78652        6.33844       -3.75061        2.79101        0.00000
3.384773        0.00131        0.00221        1.69561       -7.65735        1.36860        3.36409        6.46344       -3.44214        2.83957        0.00000
3.439826        0.00115        0.00205        1.79430       -9.32068        1.51543        4.08105        6.63329       -2.97765        2.90439        0.00000
3.495776        0.00101        0.00192        1.90927      -11.45700        1.75415        4.99397        6.85982       -2.20643        2.99013        0.00000
