x               rho            P              T              ur             uphi           uz             Br             Bphi           Bz             m
0.010000        0.99954        0.99956        1.00002        2.84398        0.82384       -0.00284        0.03038       -0.01403        1.00002        0.99990
0.010163        0.99953        0.99954        1.00002        2.84398        0.82384       -0.00288        0.03088       -0.01426        1.00002        0.99990
0.010328        0.99950        0.99952        1.00002        2.84397        0.82384       -0.00293        0.03138       -0.01449        1.00002        0.99989
0.010496        0.99947        0.99949        1.00002        2.84396        0.82383       -0.00298        0.03189       -0.01473        1.00002        0.99989
0.010667        0.99945        0.99946        1.00002        2.84395        0.82383       -0.00302        0.03241       -0.01496        1.00002        0.99988
0.010840        0.99942        0.99944        1.00002        2.84394        0.82382       -0.00307        0.03293       -0.01521        1.00002        0.99988
0.011016        0.99939        0.99941        1.00002        2.84392        0.82382       -0.00312        0.03347       -0.01545        1.00002        0.99987
0.011196        0.99936        0.99938        1.00002        2.84391        0.82381       -0.00317        0.03401       -0.01571        1.00003        0.99986
0.011378        0.99933        0.99935        1.00002        2.84390        0.82381       -0.00323        0.03457       -0.01596        1.00003        0.99986
0.011563        0.99930        0.99932        1.00002        2.84389        0.82381       -0.00328        0.03513       -0.01622        1.00003        0.99985
0.011751        0.99927        0.99929        1.00002        2.84388        0.82380       -0.00333        0.03570       -0.01648        1.00003        0.99985
0.011942        0.99924        0.99926        1.00002        2.84387        0.82380       -0.00339        0.03628       -0.01675        1.00003        0.99984
0.012136        0.99921        0.99923        1.00003        2.84386        0.82379       -0.00344        0.03687       -0.01702        1.00003        0.99984
0.012334        0.99918        0.99920        1.00003        2.84385        0.82379       -0.00350        0.03747       -0.01730        1.00003        0.99983
0.012534        0.99915        0.99917        1.00003        2.84383        0.82378       -0.00355        0.03808       -0.01758        1.00003        0.99982
0.012738        0.99911        0.99914        1.00003        2.84382        0.82378       -0.00361        0.03870       -0.01787        1.00003        0.99982
0.012945        0.99908        0.99911        1.00003        2.84381        0.82377       -0.00367        0.03933       -0.01816        1.00004        0.99981
0.013156        0.99905        0.99908        1.00003        2.84380        0.82377       -0.00373        0.03997       -0.01845        1.00004        0.99981
0.013370        0.99901        0.99904        1.00003        2.84378        0.82376       -0.00379        0.04062       -0.01875        1.00004        0.99980
0.013587        0.99898        0.99901        1.00003        2.84377        0.82376       -0.00385        0.04128       -0.01906        1.00004        0.99979
0.013808        0.99894        0.99897        1.00003        2.84376        0.82375       -0.00392        0.04195       -0.01937        1.00004        0.99979
0.014033        0.99891        0.99894        1.00003        2.84374        0.82375       -0.00398        0.04263       -0.01968        1.00004        0.99978
0.014261        0.99887        0.99890        1.00003        2.84373        0.82374       -0.00404        0.04333       -0.02000        1.00004        0.99977
0.014493        0.99883        0.99887        1.00004        2.84372        0.82373       -0.00411        0.04403       -0.02033        1.00004        0.99977
0.014729        0.99879        0.99883        1.00004        2.84370        0.82373       -0.00418        0.04475       -0.02066        1.00005        0.99976
0.014968        0.99876        0.99879        1.00004        2.84369        0.82372       -0.00424        0.04548       -0.02099        1.00005        0.99975
0.015212        0.99872        0.99876        1.00004        2.84367        0.82372       -0.00431        0.04622       -0.02133        1.00005        0.99974
0.015459        0.99868        0.99872        1.00004        2.84366        0.82371       -0.00438        0.04697       -0.02168        1.00005        0.99974
0.015711        0.99864        0.99868        1.00004        2.84364        0.82370       -0.00445        0.04773       -0.02203        1.00005        0.99973
0.015966        0.99860        0.99864        1.00004        2.84363        0.82370       -0.00453        0.04851       -0.02239        1.00005        0.99972
0.016226        0.99855        0.99860        1.00004        2.84361        0.82369       -0.00460        0.04930       -0.02275        1.00005        0.99971
0.016490        0.99851        0.99856        1.00004        2.84359        0.82369       -0.00468        0.05010       -0.02312        1.00006        0.99971
0.016758        0.99847        0.99851        1.00005        2.84358        0.82368       -0.00475        0.05091       -0.02350        1.00006        0.99970
0.017031        0.99842        0.99847        1.00005        2.84356        0.82367       -0.00483        0.05174       -0.02388        1.00006        0.99969
0.017308        0.99838        0.99843        1.00005        2.84355        0.82367       -0.00491        0.05258       -0.02427        1.00006        0.99968
0.017589        0.99833        0.99838        1.00005        2.84353        0.82366       -0.00499        0.05344       -0.02466        1.00006        0.99967
0.017875        0.99829        0.99834        1.00005        2.84351        0.82365       -0.00507        0.05431       -0.02506        1.00006        0.99966
0.018166        0.99824        0.99829        1.00005        2.84349        0.82364       -0.00515        0.05519       -0.02547        1.00007        0.99965
0.018461        0.99820        0.99825        1.00005        2.84348        0.82364       -0.00523        0.05609       -0.02589        1.00007        0.99965
0.018762        0.99815        0.99820        1.00005        2.84346        0.82363       -0.00532        0.05700       -0.02631        1.00007        0.99964
0.019067        0.99810        0.99815        1.00006        2.84344        0.82362       -0.00541        0.05793       -0.02673        1.00007        0.99963
0.019377        0.99805        0.99811        1.00006        2.84342        0.82361       -0.00549        0.05887       -0.02717        1.00007        0.99962
0.019692        0.99800        0.99806        1.00006        2.84340        0.82361       -0.00558        0.05983       -0.02761        1.00007        0.99961
0.020012        0.99795        0.99801        1.00006        2.84338        0.82360       -0.00567        0.06080       -0.02806        1.00008        0.99960
0.020338        0.99787        0.99793        1.00006        2.84335        0.82359       -0.00577        0.06179       -0.02851        1.00008        0.99958
0.020669        0.99778        0.99785        1.00007        2.84332        0.82357       -0.00586        0.06280       -0.02898        1.00008        0.99957
0.021005        0.99769        0.99776        1.00007        2.84328        0.82356       -0.00596        0.06382       -0.02945        1.00009        0.99955
0.021347        0.99760        0.99767        1.00007        2.84325        0.82355       -0.00605        0.06486       -0.02992        1.00009        0.99953
0.021694        0.99751        0.99758        1.00007        2.84321        0.82353       -0.00615        0.06591       -0.03041        1.00009        0.99952
0.022047        0.99741        0.99749        1.00008        2.84318        0.82352       -0.00625        0.06698       -0.03090        1.00010        0.99950
0.022405        0.99732        0.99740        1.00008        2.84314        0.82350       -0.00635        0.06807       -0.03140        1.00010        0.99948
0.022770        0.99722        0.99730        1.00008        2.84310        0.82349       -0.00646        0.06918       -0.03191        1.00010        0.99946
0.023140        0.99712        0.99721        1.00008        2.84307        0.82347       -0.00656        0.07031       -0.03243        1.00011        0.99944
0.023516        0.99702        0.99711        1.00009        2.84303        0.82346       -0.00667        0.07145       -0.03296        1.00011        0.99942
0.023899        0.99692        0.99701        1.00009        2.84299        0.82344       -0.00677        0.07261       -0.03349        1.00011        0.99941
0.024288        0.99682        0.99691        1.00009        2.84295        0.82343       -0.00689        0.07379       -0.03403        1.00012        0.99939
0.024683        0.99671        0.99681        1.00010        2.84291        0.82341       -0.00700        0.07499       -0.03459        1.00012        0.99937
0.025084        0.99660        0.99670        1.00010        2.84287        0.82339       -0.00711        0.07621       -0.03515        1.00012        0.99935
0.025492        0.99650        0.99660        1.00010        2.84282        0.82338       -0.00723        0.07745       -0.03572        1.00013        0.99933
0.025907        0.99639        0.99649        1.00011        2.84278        0.82336       -0.00734        0.07871       -0.03630        1.00013        0.99930
0.026328        0.99627        0.99638        1.00011        2.84274        0.82334       -0.00746        0.07999       -0.03688        1.00014        0.99928
0.026756        0.99616        0.99627        1.00011        2.84269        0.82333       -0.00758        0.08129       -0.03748        1.00014        0.99926
0.027192        0.99604        0.99616        1.00012        2.84265        0.82331       -0.00771        0.08262       -0.03809        1.00014        0.99924
0.027634        0.99593        0.99604        1.00012        2.84260        0.82329       -0.00783        0.08396       -0.03871        1.00015        0.99922
0.028083        0.99581        0.99593        1.00012        2.84256        0.82327       -0.00796        0.08533       -0.03934        1.00015        0.99920
0.028540        0.99568        0.99581        1.00013        2.84251        0.82325       -0.00809        0.08671       -0.03998        1.00016        0.99917
0.029004        0.99556        0.99569        1.00013        2.84246        0.82323       -0.00822        0.08812       -0.04062        1.00016        0.99915
0.029476        0.99543        0.99557        1.00013        2.84242        0.82322       -0.00835        0.08956       -0.04128        1.00017        0.99913
0.029955        0.99531        0.99544        1.00014        2.84237        0.82320       -0.00849        0.09101       -0.04195        1.00017        0.99910
0.030443        0.99514        0.99528        1.00014        2.84230        0.82317       -0.00863        0.09249       -0.04263        1.00018        0.99907
0.030938        0.99496        0.99510        1.00015        2.84223        0.82314       -0.00877        0.09400       -0.04332        1.00018        0.99904
0.031441        0.99477        0.99492        1.00015        2.84215        0.82311       -0.00891        0.09553       -0.04402        1.00019        0.99900
0.031952        0.99458        0.99474        1.00016        2.84208        0.82308       -0.00906        0.09708       -0.04473        1.00020        0.99896
0.032472        0.99439        0.99455        1.00016        2.84200        0.82306       -0.00920        0.09866       -0.04546        1.00020        0.99893
0.033000        0.99419        0.99436        1.00017        2.84192        0.82302       -0.00935        0.10027       -0.04619        1.00021        0.99889
0.033537        0.99399        0.99416        1.00017        2.84184        0.82299       -0.00950        0.10190       -0.04694        1.00022        0.99885
0.034083        0.99379        0.99397        1.00018        2.84176        0.82296       -0.00966        0.10355       -0.04770        1.00022        0.99882
0.034637        0.99358        0.99377        1.00019        2.84168        0.82293       -0.00981        0.10524       -0.04847        1.00023        0.99878
0.035200        0.99337        0.99356        1.00019        2.84160        0.82290       -0.00997        0.10695       -0.04925        1.00024        0.99874
0.035773        0.99316        0.99335        1.00020        2.84151        0.82287       -0.01014        0.10869       -0.05005        1.00025        0.99870
0.036355        0.99294        0.99314        1.00020        2.84142        0.82283       -0.01030        0.11046       -0.05086        1.00026        0.99866
0.036946        0.99272        0.99293        1.00021        2.84134        0.82280       -0.01047        0.11226       -0.05168        1.00026        0.99861
0.037547        0.99250        0.99271        1.00022        2.84125        0.82277       -0.01064        0.11408       -0.05252        1.00027        0.99857
0.038158        0.99227        0.99249        1.00022        2.84116        0.82273       -0.01081        0.11594       -0.05337        1.00028        0.99853
0.038778        0.99204        0.99227        1.00023        2.84107        0.82270       -0.01099        0.11782       -0.05423        1.00029        0.99849
0.039409        0.99181        0.99204        1.00024        2.84097        0.82266       -0.01116        0.11974       -0.05511        1.00030        0.99844
0.040050        0.99157        0.99181        1.00024        2.84088        0.82262       -0.01135        0.12169       -0.05600        1.00030        0.99840
0.040701        0.99126        0.99151        1.00025        2.84075        0.82258       -0.01153        0.12367       -0.05690        1.00032        0.99834
0.041363        0.99095        0.99120        1.00026        2.84062        0.82253       -0.01172        0.12568       -0.05782        1.00033        0.99828
0.042036        0.99062        0.99089        1.00027        2.84049        0.82248       -0.01191        0.12772       -0.05875        1.00034        0.99822
0.042720        0.99030        0.99058        1.00028        2.84035        0.82243       -0.01210        0.12980       -0.05970        1.00035        0.99816
0.043415        0.98997        0.99025        1.00029        2.84021        0.82238       -0.01230        0.13191       -0.06066        1.00036        0.99809
0.044121        0.98963        0.98993        1.00030        2.84007        0.82233       -0.01249        0.13406       -0.06163        1.00037        0.99803
0.044839        0.98929        0.98959        1.00031        2.83993        0.82227       -0.01270        0.13624       -0.06263        1.00039        0.99797
0.045568        0.98894        0.98925        1.00032        2.83978        0.82222       -0.01290        0.13846       -0.06364        1.00040        0.99790
0.046309        0.98858        0.98891        1.00033        2.83964        0.82217       -0.01311        0.14071       -0.06466        1.00041        0.99783
0.047062        0.98823        0.98856        1.00034        2.83949        0.82211       -0.01332        0.14300       -0.06571        1.00042        0.99777
0.047828        0.98786        0.98821        1.00035        2.83934        0.82206       -0.01354        0.14532       -0.06676        1.00044        0.99770
0.048606        0.98749        0.98784        1.00036        2.83918        0.82200       -0.01376        0.14769       -0.06784        1.00045        0.99763
0.049396        0.98711        0.98748        1.00037        2.83902        0.82194       -0.01398        0.15009       -0.06893        1.00046        0.99756
0.050200        0.98672        0.98710        1.00038        2.83886        0.82188       -0.01421        0.15253       -0.07005        1.00048        0.99748
0.051016        0.98624        0.98663        1.00040        2.83865        0.82181       -0.01444        0.15501       -0.07117        1.00050        0.99739
0.051846        0.98576        0.98616        1.00041        2.83844        0.82173       -0.01467        0.15754       -0.07231        1.00051        0.99730
0.052689        0.98527        0.98569        1.00042        2.83823        0.82166       -0.01491        0.16010       -0.07347        1.00053        0.99721
0.053546        0.98477        0.98520        1.00044        2.83801        0.82158       -0.01515        0.16270       -0.07464        1.00055        0.99711
0.054417        0.98426        0.98471        1.00045        2.83778        0.82150       -0.01540        0.16535       -0.07584        1.00057        0.99702
0.055302        0.98375        0.98421        1.00047        2.83756        0.82143       -0.01565        0.16804       -0.07706        1.00058        0.99692
0.056202        0.98322        0.98370        1.00048        2.83733        0.82135       -0.01590        0.17077       -0.07829        1.00060        0.99682
0.057116        0.98269        0.98318        1.00050        2.83710        0.82126       -0.01616        0.17355       -0.07955        1.00062        0.99672
0.058045        0.98215        0.98266        1.00051        2.83686        0.82118       -0.01642        0.17638       -0.08083        1.00064        0.99662
0.058989        0.98160        0.98212        1.00053        2.83662        0.82110       -0.01668        0.17925       -0.08212        1.00066        0.99652
0.059948        0.98104        0.98158        1.00055        2.83637        0.82101       -0.01696        0.18216       -0.08344        1.00068        0.99641
0.060923        0.98039        0.98095        1.00057        2.83607        0.82091       -0.01723        0.18513       -0.08477        1.00071        0.99629
0.061914        0.97971        0.98028        1.00058        2.83576        0.82081       -0.01751        0.18814       -0.08612        1.00073        0.99616
0.062921        0.97902        0.97961        1.00060        2.83544        0.82070       -0.01779        0.19120       -0.08750        1.00075        0.99603
0.063945        0.97832        0.97893        1.00063        2.83511        0.82059       -0.01808        0.19431       -0.08889        1.00078        0.99590
0.064985        0.97761        0.97824        1.00065        2.83478        0.82048       -0.01837        0.19747       -0.09031        1.00081        0.99576
0.066042        0.97688        0.97753        1.00067        2.83444        0.82037       -0.01866        0.20068       -0.09175        1.00083        0.99562
0.067116        0.97614        0.97682        1.00069        2.83410        0.82026       -0.01897        0.20395       -0.09321        1.00086        0.99548
0.068208        0.97540        0.97609        1.00071        2.83375        0.82014       -0.01927        0.20726       -0.09470        1.00089        0.99534
0.069317        0.97463        0.97535        1.00073        2.83339        0.82003       -0.01958        0.21064       -0.09621        1.00091        0.99520
0.070445        0.97383        0.97456        1.00075        2.83301        0.81990       -0.01990        0.21406       -0.09774        1.00094        0.99505
0.071590        0.97292        0.97368        1.00078        2.83256        0.81976       -0.02022        0.21755       -0.09929        1.00097        0.99488
0.072755        0.97200        0.97279        1.00081        2.83210        0.81962       -0.02054        0.22108       -0.10086        1.00101        0.99470
0.073938        0.97107        0.97188        1.00083        2.83164        0.81948       -0.02088        0.22468       -0.10246        1.00104        0.99452
0.075141        0.97012        0.97096        1.00086        2.83117        0.81933       -0.02121        0.22834       -0.10408        1.00108        0.99435
0.076363        0.96916        0.97002        1.00089        2.83069        0.81918       -0.02155        0.23205       -0.10573        1.00111        0.99416
0.077605        0.96818        0.96907        1.00092        2.83020        0.81903       -0.02190        0.23583       -0.10740        1.00115        0.99398
0.078867        0.96718        0.96810        1.00095        2.82971        0.81888       -0.02225        0.23966       -0.10911        1.00118        0.99379
0.080150        0.96617        0.96711        1.00098        2.82920        0.81872       -0.02261        0.24356       -0.11084        1.00122        0.99360
0.081454        0.96500        0.96598        1.00101        2.82858        0.81854       -0.02297        0.24752       -0.11257        1.00126        0.99338
0.082779        0.96382        0.96483        1.00105        2.82795        0.81836       -0.02334        0.25155       -0.11434        1.00130        0.99315
0.084125        0.96262        0.96366        1.00108        2.82731        0.81817       -0.02371        0.25564       -0.11614        1.00135        0.99292
0.085493        0.96141        0.96248        1.00112        2.82666        0.81799       -0.02409        0.25980       -0.11796        1.00139        0.99269
0.086884        0.96017        0.96127        1.00115        2.82600        0.81779       -0.02448        0.26402       -0.11982        1.00144        0.99246
0.088297        0.95891        0.96005        1.00119        2.82532        0.81760       -0.02487        0.26832       -0.12170        1.00148        0.99222
0.089733        0.95763        0.95880        1.00123        2.82464        0.81740       -0.02527        0.27268       -0.12362        1.00153        0.99198
0.091193        0.95622        0.95743        1.00127        2.82384        0.81718       -0.02568        0.27712       -0.12554        1.00158        0.99171
0.092676        0.95475        0.95600        1.00131        2.82299        0.81696       -0.02608        0.28162       -0.12750        1.00163        0.99143
0.094183        0.95325        0.95454        1.00135        2.82213        0.81672       -0.02650        0.28620       -0.12948        1.00169        0.99115
0.095715        0.95174        0.95307        1.00140        2.82126        0.81649       -0.02692        0.29085       -0.13150        1.00174        0.99086
0.097272        0.95019        0.95156        1.00144        2.82037        0.81625       -0.02735        0.29558       -0.13355        1.00180        0.99056
0.098854        0.94862        0.95004        1.00149        2.81946        0.81601       -0.02779        0.30039       -0.13563        1.00186        0.99026
0.100462        0.94699        0.94845        1.00154        2.81850        0.81576       -0.02823        0.30527       -0.13774        1.00192        0.98995
0.102096        0.94521        0.94671        1.00159        2.81739        0.81548       -0.02868        0.31024       -0.13986        1.00198        0.98962
0.103757        0.94340        0.94495        1.00164        2.81626        0.81520       -0.02913        0.31528       -0.14201        1.00205        0.98927
0.105444        0.94156        0.94316        1.00170        2.81511        0.81491       -0.02959        0.32040       -0.14420        1.00211        0.98892
0.107159        0.93969        0.94133        1.00175        2.81395        0.81462       -0.03006        0.32561       -0.14642        1.00218        0.98856
0.108902        0.93779        0.93948        1.00181        2.81276        0.81433       -0.03054        0.33090       -0.14868        1.00225        0.98820
0.110674        0.93580        0.93755        1.00187        2.81148        0.81402       -0.03102        0.33628       -0.15097        1.00232        0.98782
0.112474        0.93366        0.93546        1.00193        2.81003        0.81369       -0.03151        0.34174       -0.15327        1.00240        0.98741
0.114303        0.93149        0.93334        1.00199        2.80856        0.81335       -0.03201        0.34729       -0.15560        1.00248        0.98700
0.116162        0.92928        0.93119        1.00206        2.80706        0.81301       -0.03251        0.35293       -0.15797        1.00256        0.98657
0.118052        0.92704        0.92900        1.00212        2.80554        0.81266       -0.03302        0.35866       -0.16038        1.00265        0.98614
0.119972        0.92475        0.92678        1.00219        2.80400        0.81230       -0.03354        0.36449       -0.16283        1.00273        0.98571
0.121923        0.92226        0.92435        1.00227        2.80217        0.81191       -0.03406        0.37040       -0.16528        1.00282        0.98523
0.123906        0.91972        0.92187        1.00234        2.80030        0.81152       -0.03459        0.37641       -0.16776        1.00292        0.98474
0.125922        0.91713        0.91935        1.00242        2.79839        0.81111       -0.03513        0.38252       -0.17028        1.00301        0.98425
0.127970        0.91450        0.91678        1.00250        2.79645        0.81070       -0.03568        0.38873       -0.17285        1.00311        0.98374
0.130051        0.91183        0.91418        1.00258        2.79448        0.81029       -0.03623        0.39504       -0.17545        1.00321        0.98323
0.132166        0.90892        0.91134        1.00266        2.79215        0.80983       -0.03679        0.40144       -0.17805        1.00331        0.98267
0.134316        0.90596        0.90845        1.00275        2.78978        0.80937       -0.03735        0.40795       -0.18069        1.00342        0.98210
0.136501        0.90295        0.90552        1.00284        2.78737        0.80890       -0.03793        0.41456       -0.18337        1.00354        0.98152
0.138721        0.89989        0.90253        1.00293        2.78491        0.80843       -0.03851        0.42128       -0.18609        1.00365        0.98093
0.140977        0.89671        0.89942        1.00303        2.78227        0.80793       -0.03910        0.42810       -0.18884        1.00377        0.98031
0.143270        0.89334        0.89614        1.00313        2.77932        0.80740       -0.03969        0.43503       -0.19159        1.00389        0.97966
0.145601        0.88992        0.89280        1.00323        2.77634        0.80687       -0.04030        0.44206       -0.19439        1.00402        0.97900
0.147969        0.88645        0.88940        1.00334        2.77330        0.80633       -0.04091        0.44922       -0.19723        1.00415        0.97833
0.150376        0.88289        0.88593        1.00345        2.77016        0.80577       -0.04153        0.45648       -0.20011        1.00428        0.97764
0.152821        0.87908        0.88221        1.00356        2.76653        0.80518       -0.04214        0.46385       -0.20297        1.00443        0.97690
0.155307        0.87522        0.87843        1.00368        2.76285        0.80458       -0.04277        0.47134       -0.20588        1.00457        0.97615
0.157833        0.87129        0.87459        1.00380        2.75911        0.80396       -0.04341        0.47895       -0.20884        1.00472        0.97538
0.160400        0.86727        0.87067        1.00392        2.75524        0.80333       -0.04405        0.48669       -0.21183        1.00487        0.97460
0.163009        0.86299        0.86648        1.00405        2.75080        0.80267       -0.04469        0.49452       -0.21481        1.00503        0.97376
0.165661        0.85864        0.86223        1.00419        2.74629        0.80199       -0.04535        0.50249       -0.21783        1.00520        0.97291
0.168355        0.85421        0.85791        1.00432        2.74170        0.80130       -0.04601        0.51058       -0.22090        1.00536        0.97204
0.171093        0.84964        0.85343        1.00446        2.73680        0.80059       -0.04667        0.51879       -0.22399        1.00554        0.97114
0.173876        0.84485        0.84874        1.00461        2.73139        0.79984       -0.04733        0.52712       -0.22707        1.00572        0.97020
0.176704        0.83998        0.84398        1.00476        2.72590        0.79908       -0.04801        0.53558       -0.23020        1.00591        0.96924
0.179578        0.83503        0.83914        1.00492        2.72031        0.79831       -0.04869        0.54418       -0.23338        1.00609        0.96826
0.182499        0.82981        0.83403        1.00508        2.71400        0.79750       -0.04936        0.55289       -0.23654        1.00629        0.96723
0.185468        0.82447        0.82880        1.00525        2.70744        0.79667       -0.05004        0.56173       -0.23972        1.00650        0.96616
0.188484        0.81904        0.82348        1.00542        2.70078        0.79583       -0.05073        0.57071       -0.24296        1.00671        0.96509
0.191550        0.81342        0.81797        1.00560        2.69359        0.79496       -0.05142        0.57982       -0.24619        1.00692        0.96396
0.194666        0.80759        0.81226        1.00578        2.68581        0.79406       -0.05210        0.58904       -0.24942        1.00715        0.96279
0.197832        0.80166        0.80645        1.00597        2.67791        0.79315       -0.05279        0.59842       -0.25270        1.00738        0.96160
0.201050        0.79557        0.80048        1.00617        2.66958        0.79221       -0.05348        0.60793       -0.25600        1.00761        0.96038
0.204320        0.78922        0.79425        1.00637        2.66040        0.79123       -0.05416        0.61755       -0.25927        1.00786        0.95909
0.207643        0.78277        0.78792        1.00658        2.65108        0.79024       -0.05485        0.62732       -0.26259        1.00811        0.95778
0.211020        0.77616        0.78143        1.00680        2.64130        0.78923       -0.05554        0.63724       -0.26593        1.00837        0.95644
0.214453        0.76928        0.77468        1.00702        2.63054        0.78819       -0.05620        0.64725       -0.26923        1.00864        0.95503
0.217941        0.76229        0.76782        1.00725        2.61960        0.78712       -0.05688        0.65743       -0.27258        1.00892        0.95360
0.221486        0.75511        0.76076        1.00749        2.60800        0.78604       -0.05755        0.66774       -0.27593        1.00920        0.95212
0.225088        0.74768        0.75346        1.00774        2.59545        0.78492       -0.05820        0.67816       -0.27924        1.00950        0.95058
0.228749        0.74014        0.74605        1.00799        2.58269        0.78378       -0.05885        0.68874       -0.28261        1.00980        0.94901
0.232470        0.73234        0.73838        1.00825        2.56886        0.78262       -0.05949        0.69943       -0.28593        1.01011        0.94738
0.236251        0.72436        0.73052        1.00852        2.55430        0.78144       -0.06011        0.71024       -0.28926        1.01043        0.94569
0.240093        0.71624        0.72254        1.00880        2.53951        0.78023       -0.06074        0.72124       -0.29264        1.01076        0.94399
0.243999        0.70781        0.71424        1.00909        2.52300        0.77900       -0.06131        0.73227       -0.29590        1.01110        0.94218
0.247967        0.69925        0.70581        1.00938        2.50622        0.77775       -0.06189        0.74349       -0.29923        1.01145        0.94035
0.252000        0.69047        0.69716        1.00969        2.48843        0.77648       -0.06245        0.75481       -0.30252        1.01180        0.93846
0.256099        0.68147        0.68829        1.01001        2.46951        0.77520       -0.06297        0.76623       -0.30578        1.01217        0.93650
0.260265        0.67232        0.67927        1.01033        2.45023        0.77389       -0.06350        0.77783       -0.30908        1.01255        0.93450
0.264498        0.66290        0.66997        1.01068        2.42904        0.77257       -0.06396        0.78945       -0.31226        1.01294        0.93241
0.268800        0.65332        0.66052        1.01102        2.40750        0.77123       -0.06443        0.80125       -0.31549        1.01334        0.93029
0.273172        0.64351        0.65083        1.01138        2.38442        0.76989       -0.06484        0.81309       -0.31864        1.01375        0.92808
0.277615        0.63352        0.64096        1.01175        2.36046        0.76853       -0.06523        0.82506       -0.32179        1.01417        0.92581
0.282131        0.62333        0.63089        1.01214        2.33533        0.76716       -0.06557        0.83712       -0.32490        1.01460        0.92348
0.286720        0.61293        0.62061        1.01253        2.30882        0.76580       -0.06587        0.84925       -0.32795        1.01504        0.92106
0.291383        0.60236        0.61015        1.01294        2.28142        0.76442       -0.06615        0.86149       -0.33100        1.01549        0.91859
0.296123        0.59159        0.59949        1.01336        2.25231        0.76305       -0.06635        0.87374       -0.33395        1.01596        0.91603
0.300939        0.58064        0.58865        1.01379        2.22244        0.76167       -0.06654        0.88614       -0.33691        1.01643        0.91341
0.305834        0.56952        0.57763        1.01424        2.19069        0.76032       -0.06664        0.89848       -0.33975        1.01691        0.91069
0.310808        0.55822        0.56643        1.01470        2.15820        0.75895       -0.06672        0.91098       -0.34261        1.01741        0.90791
0.315864        0.54678        0.55507        1.01518        2.12379        0.75763       -0.06670        0.92340       -0.34534        1.01792        0.90503
0.321001        0.53516        0.54355        1.01567        2.08857        0.75629       -0.06666        0.93595       -0.34807        1.01843        0.90208
0.326222        0.52343        0.53189        1.01618        2.05156        0.75501       -0.06652        0.94841       -0.35068        1.01896        0.89903
0.331528        0.51154        0.52008        1.01670        2.01359        0.75372       -0.06634        0.96096       -0.35327        1.01950        0.89591
0.336921        0.49955        0.50815        1.01724        1.97403        0.75249       -0.06608        0.97342       -0.35575        1.02004        0.89268
0.342401        0.48743        0.49610        1.01779        1.93337        0.75128       -0.06576        0.98591       -0.35819        1.02060        0.88936
0.347970        0.47522        0.48394        1.01836        1.89139        0.75011       -0.06536        0.99836       -0.36055        1.02117        0.88595
0.353630        0.46295        0.47171        1.01895        1.84818        0.74899       -0.06488        1.01072       -0.36282        1.02174        0.88243
0.359381        0.45055        0.45936        1.01955        1.80393        0.74789       -0.06435        1.02311       -0.36505        1.02233        0.87883
0.365227        0.43819        0.44702        1.02017        1.75842        0.74689       -0.06371        1.03528       -0.36714        1.02292        0.87511
0.371167        0.42570        0.43456        1.02081        1.71203        0.74590       -0.06303        1.04749       -0.36921        1.02352        0.87130
0.377204        0.41326        0.42213        1.02147        1.66460        0.74500       -0.06225        1.05949       -0.37115        1.02413        0.86736
0.383340        0.40080        0.40967        1.02215        1.61638        0.74416       -0.06140        1.07141       -0.37303        1.02475        0.86332
0.389575        0.38829        0.39716        1.02285        1.56735        0.74337       -0.06049        1.08327       -0.37486        1.02537        0.85918
0.395911        0.37592        0.38478        1.02357        1.51777        0.74268       -0.05949        1.09482       -0.37655        1.02600        0.85491
0.402351        0.36353        0.37236        1.02431        1.46759        0.74204       -0.05843        1.10632       -0.37819        1.02663        0.85053
0.408895        0.35120        0.36000        1.02507        1.41696        0.74148       -0.05730        1.11764       -0.37976        1.02727        0.84603
0.415546        0.33902        0.34778        1.02585        1.36620        0.74102       -0.05610        1.12867       -0.38121        1.02791        0.84139
0.422304        0.32688        0.33559        1.02665        1.31513        0.74062       -0.05484        1.13959       -0.38262        1.02856        0.83665
0.429173        0.31485        0.32350        1.02747        1.26399        0.74031       -0.05353        1.15030       -0.38395        1.02921        0.83177
0.436154        0.30305        0.31163        1.02832        1.21322        0.74010       -0.05215        1.16067       -0.38518        1.02986        0.82676
0.443248        0.29134        0.29984        1.02919        1.16250        0.73995       -0.05074        1.17088       -0.38635        1.03051        0.82162
0.450457        0.27975        0.28816        1.03008        1.11195        0.73989       -0.04928        1.18089       -0.38747        1.03117        0.81635
0.457784        0.26845        0.27677        1.03100        1.06230        0.73993       -0.04777        1.19051       -0.38849        1.03182        0.81093
0.465230        0.25734        0.26555        1.03194        1.01319        0.74005       -0.04623        1.19989       -0.38945        1.03248        0.80537
0.472797        0.24639        0.25450        1.03290        0.96465        0.74025       -0.04467        1.20904       -0.39035        1.03313        0.79968
0.480487        0.23564        0.24362        1.03389        0.91680        0.74053       -0.04308        1.21794       -0.39120        1.03379        0.79384
0.488302        0.22522        0.23308        1.03490        0.87029        0.74090       -0.04147        1.22644       -0.39198        1.03444        0.78785
0.496244        0.21504        0.22276        1.03594        0.82480        0.74136       -0.03985        1.23466       -0.39271        1.03509        0.78171
0.504316        0.20509        0.21267        1.03701        0.78032        0.74189       -0.03822        1.24260       -0.39338        1.03573        0.77542
0.512519        0.19539        0.20283        1.03810        0.73696        0.74249       -0.03658        1.25025       -0.39402        1.03637        0.76898
0.520855        0.18594        0.19323        1.03921        0.69480        0.74317       -0.03494        1.25762       -0.39461        1.03701        0.76239
0.529327        0.17682        0.18395        1.04036        0.65415        0.74392       -0.03332        1.26463       -0.39515        1.03765        0.75564
0.537936        0.16800        0.17498        1.04153        0.61502        0.74475       -0.03170        1.27131       -0.39565        1.03828        0.74873
0.546686        0.15946        0.16628        1.04273        0.57724        0.74565       -0.03009        1.27770       -0.39611        1.03890        0.74165
0.555578        0.15121        0.15785        1.04395        0.54087        0.74662       -0.02851        1.28378       -0.39654        1.03952        0.73442
0.564614        0.14324        0.14971        1.04521        0.50594        0.74764       -0.02694        1.28956       -0.39695        1.04013        0.72702
0.573798        0.13555        0.14185        1.04649        0.47247        0.74873       -0.02539        1.29504       -0.39732        1.04074        0.71946
0.583131        0.12816        0.13429        1.04781        0.44049        0.74988       -0.02387        1.30023       -0.39767        1.04134        0.71174
0.592615        0.12106        0.12701        1.04915        0.40998        0.75109       -0.02237        1.30511       -0.39799        1.04193        0.70384
0.602254        0.11425        0.12002        1.05052        0.38095        0.75236       -0.02090        1.30970       -0.39830        1.04252        0.69578
0.612050        0.10773        0.11332        1.05192        0.35338        0.75368       -0.01946        1.31400       -0.39858        1.04310        0.68756
0.622005        0.10149        0.10691        1.05336        0.32724        0.75506       -0.01806        1.31802       -0.39885        1.04367        0.67916
0.632122        0.09553        0.10077        1.05482        0.30251        0.75648       -0.01668        1.32176       -0.39911        1.04424        0.67060
0.642403        0.08984        0.09490        1.05632        0.27915        0.75796       -0.01533        1.32523       -0.39935        1.04480        0.66187
0.652852        0.08442        0.08931        1.05784        0.25712        0.75949       -0.01402        1.32843       -0.39958        1.04535        0.65297
0.663471        0.07926        0.08397        1.05940        0.23636        0.76107       -0.01274        1.33138       -0.39980        1.04590        0.64391
0.674262        0.07436        0.07889        1.06100        0.21685        0.76269       -0.01148        1.33407       -0.40001        1.04643        0.63468
0.685229        0.06969        0.07406        1.06263        0.19851        0.76436       -0.01025        1.33652       -0.40021        1.04697        0.62529
0.696374        0.06527        0.06946        1.06429        0.18131        0.76607       -0.00905        1.33874       -0.40041        1.04749        0.61574
0.707701        0.06107        0.06509        1.06598        0.16519        0.76783       -0.00787        1.34074       -0.40061        1.04801        0.60602
0.719212        0.05709        0.06095        1.06771        0.15009        0.76964       -0.00671        1.34251       -0.40080        1.04852        0.59615
0.730910        0.05333        0.05704        1.06947        0.13604        0.77149       -0.00557        1.34406       -0.40098        1.04902        0.58612
0.742798        0.04980        0.05335        1.07128        0.12297        0.77339       -0.00444        1.34539       -0.40117        1.04952        0.57594
0.754880        0.04646        0.04986        1.07311        0.11076        0.77532       -0.00333        1.34653       -0.40135        1.05000        0.56562
0.767158        0.04331        0.04655        1.07499        0.09935        0.77731       -0.00223        1.34748       -0.40153        1.05049        0.55514
0.779636        0.04033        0.04343        1.07690        0.08870        0.77933       -0.00113        1.34825       -0.40172        1.05097        0.54453
0.792317        0.03755        0.04051        1.07885        0.07886        0.78141       -0.00003        1.34882       -0.40190        1.05144        0.53379
0.805204        0.03493        0.03776        1.08084        0.06969        0.78352        0.00108        1.34923       -0.40208        1.05190        0.52291
0.818301        0.03247        0.03516        1.08287        0.06111        0.78569        0.00219        1.34947       -0.40227        1.05236        0.51191
0.831610        0.03016        0.03272        1.08494        0.05314        0.78789        0.00332        1.34955       -0.40245        1.05281        0.50079
0.845137        0.02800        0.03044        1.08705        0.04573        0.79014        0.00448        1.34947       -0.40264        1.05326        0.48956
0.858883        0.02598        0.02829        1.08920        0.03876        0.79244        0.00566        1.34925       -0.40283        1.05370        0.47822
0.872853        0.02409        0.02629        1.09140        0.03228        0.79479        0.00688        1.34887       -0.40302        1.05414        0.46680
0.887050        0.02232        0.02441        1.09363        0.02619        0.79718        0.00814        1.34837       -0.40322        1.05457        0.45528
0.901478        0.02067        0.02266        1.09591        0.02044        0.79962        0.00945        1.34773       -0.40342        1.05500        0.44368
0.916140        0.01914        0.02102        1.09824        0.01502        0.80211        0.01083        1.34696       -0.40362        1.05542        0.43201
0.931041        0.01771        0.01949        1.10061        0.00986        0.80465        0.01227        1.34607       -0.40382        1.05583        0.42028
0.946185        0.01638        0.01806        1.10303        0.00495        0.80723        0.01379        1.34506       -0.40403        1.05625        0.40851
0.961575        0.01514        0.01673        1.10549        0.00022        0.80987        0.01540        1.34395       -0.40424        1.05665        0.39668
0.977215        0.01399        0.01550        1.10801       -0.00435        0.81256        0.01712        1.34272       -0.40446        1.05706        0.38484
0.993109        0.01292        0.01435        1.11057       -0.00881        0.81530        0.01895        1.34138       -0.40468        1.05746        0.37297
1.009262        0.01193        0.01327        1.11318       -0.01319        0.81809        0.02091        1.33995       -0.40490        1.05785        0.36110
1.025678        0.01101        0.01228        1.11584       -0.01753        0.82094        0.02301        1.33841       -0.40512        1.05824        0.34924
1.042361        0.01016        0.01136        1.11856       -0.02188        0.82383        0.02527        1.33678       -0.40535        1.05863        0.33740
1.059315        0.00937        0.01050        1.12133       -0.02625        0.82679        0.02770        1.33507       -0.40559        1.05901        0.32558
1.076545        0.00864        0.00971        1.12415       -0.03071        0.82979        0.03033        1.33326       -0.40583        1.05939        0.31383
1.094055        0.00797        0.00898        1.12703       -0.03527        0.83286        0.03317        1.33136       -0.40607        1.05976        0.30212
1.111850        0.00734        0.00830        1.12996       -0.03998        0.83598        0.03623        1.32939       -0.40632        1.06013        0.29049
1.129934        0.00677        0.00767        1.13295       -0.04487        0.83915        0.03955        1.32733       -0.40657        1.06050        0.27894
1.148312        0.00624        0.00709        1.13600       -0.04999        0.84239        0.04315        1.32519       -0.40682        1.06086        0.26751
1.166990        0.00575        0.00655        1.13911       -0.05537        0.84568        0.04706        1.32298       -0.40708        1.06122        0.25619
1.185971        0.00530        0.00606        1.14228       -0.06106        0.84904        0.05128        1.32069       -0.40735        1.06157        0.24500
1.205261        0.00489        0.00560        1.14552       -0.06708        0.85245        0.05586        1.31833       -0.40762        1.06192        0.23396
1.224865        0.00451        0.00517        1.14882       -0.07349        0.85592        0.06083        1.31589       -0.40789        1.06227        0.22308
1.244787        0.00415        0.00478        1.15218       -0.08033        0.85945        0.06621        1.31339       -0.40817        1.06261        0.21237
1.265034        0.00383        0.00443        1.15561       -0.08763        0.86305        0.07204        1.31081       -0.40846        1.06295        0.20184
1.285610        0.00353        0.00409        1.15911       -0.09545        0.86670        0.07835        1.30817       -0.40874        1.06328        0.19153
1.306520        0.00326        0.00379        1.16268       -0.10381        0.87042        0.08517        1.30546       -0.40904        1.06361        0.18142
1.327771        0.00301        0.00351        1.16632       -0.11278        0.87421        0.09255        1.30269       -0.40934        1.06393        0.17154
1.349367        0.00278        0.00325        1.17003       -0.12239        0.87805        0.10053        1.29985       -0.40964        1.06425        0.16190
1.371315        0.00257        0.00301        1.17382       -0.13270        0.88196        0.10914        1.29694       -0.40995        1.06457        0.15252
1.393619        0.00237        0.00279        1.17768       -0.14376        0.88594        0.11844        1.29397       -0.41026        1.06487        0.14340
1.416287        0.00219        0.00259        1.18162       -0.15560        0.88997        0.12844        1.29094       -0.41058        1.06518        0.13455
1.439323        0.00203        0.00241        1.18565       -0.16826        0.89408        0.13921        1.28784       -0.41091        1.06547        0.12598
1.462733        0.00188        0.00223        1.18975       -0.18183        0.89825        0.15080        1.28468       -0.41124        1.06576        0.11771
1.486525        0.00174        0.00208        1.19394       -0.19632        0.90249        0.16325        1.28145       -0.41158        1.06604        0.10974
1.510703        0.00161        0.00193        1.19821       -0.21179        0.90680        0.17658        1.27816       -0.41192        1.06632        0.10206
1.535275        0.00150        0.00180        1.20257       -0.22831        0.91117        0.19090        1.27480       -0.41227        1.06659        0.09471
1.560246        0.00139        0.00168        1.20702       -0.24588        0.91561        0.20619        1.27139       -0.41262        1.06685        0.08765
1.585624        0.00129        0.00156        1.21157       -0.26462        0.92013        0.22257        1.26790       -0.41298        1.06710        0.08094
1.611414        0.00120        0.00146        1.21620       -0.28451        0.92471        0.24003        1.26436       -0.41335        1.06735        0.07453
1.637624        0.00112        0.00136        1.22093       -0.30565        0.92936        0.25867        1.26075       -0.41372        1.06758        0.06844
1.664260        0.00104        0.00128        1.22576       -0.32806        0.93409        0.27852        1.25707       -0.41410        1.06781        0.06268
1.691330        0.00097        0.00119        1.23069       -0.35179        0.93889        0.29963        1.25333       -0.41449        1.06803        0.05724
1.718839        0.00091        0.00112        1.23573       -0.37693        0.94376        0.32210        1.24953       -0.41488        1.06823        0.05211
1.746796        0.00085        0.00105        1.24087       -0.40351        0.94870        0.34597        1.24565       -0.41528        1.06843        0.04730
1.775208        0.00079        0.00099        1.24611       -0.43161        0.95372        0.37132        1.24171       -0.41568        1.06862        0.04280
1.804082        0.00074        0.00093        1.25147       -0.46130        0.95881        0.39822        1.23771       -0.41610        1.06879        0.03860
1.833425        0.00069        0.00087        1.25694       -0.49268        0.96397        0.42680        1.23363       -0.41652        1.06895        0.03469
1.863246        0.00065        0.00082        1.26253       -0.52590        0.96921        0.45719        1.22949       -0.41694        1.06910        0.03107
1.893552        0.00061        0.00077        1.26823       -0.56115        0.97451        0.48959        1.22528       -0.41738        1.06923        0.02773
1.924351        0.00057        0.00073        1.27406       -0.59877        0.97987        0.52432        1.22100       -0.41782        1.06935        0.02465
1.955651        0.00053        0.00068        1.28002       -0.63942        0.98527        0.56198        1.21689       -0.41827        1.06950        0.00000
1.987460        0.00050        0.00064        1.28611       -0.68450        0.99067        0.60384        1.21246       -0.41873        1.06959        0.00000
2.019786        0.00046        0.00060        1.29235       -0.73915        0.99588        0.65452        1.20797       -0.41919        1.06966        0.00000
2.052638        0.00042        0.00054        1.29872       -0.81669        1.00042        0.72612        1.20341       -0.41967        1.06972        0.00000
2.086024        0.00040        0.00052        1.30500       -0.86782        1.00596        0.77480        1.19875       -0.42014        1.06979        0.00000
2.119953        0.00037        0.00049        1.31138       -0.91978        1.01159        0.82427        1.19401       -0.42063        1.06985        0.00000
2.154435        0.00036        0.00048        1.31796       -0.94220        1.01850        0.84765        1.18920       -0.42112        1.06986        0.00000
2.189477        0.00035        0.00047        1.32473       -0.96556        1.02561        0.87222        1.18433       -0.42162        1.06984        0.00000
2.225089        0.00034        0.00045        1.33164       -1.00043        1.03248        0.90747        1.17938       -0.42213        1.06979        0.00000
2.261280        0.00033        0.00044        1.33870       -1.04226        1.03928        0.94940        1.17435       -0.42265        1.06973        0.00000
2.298060        0.00031        0.00042        1.34591       -1.08883        1.04609        0.99607        1.16925       -0.42318        1.06963        0.00000
2.335438        0.00030        0.00040        1.35327       -1.13890        1.05296        1.04639        1.16407       -0.42372        1.06952        0.00000
2.373424        0.00029        0.00039        1.36079       -1.19180        1.05992        1.09983        1.15881       -0.42427        1.06938        0.00000
2.412028        0.00027        0.00037        1.36847       -1.24722        1.06698        1.15611        1.15347       -0.42483        1.06921        0.00000
2.451260        0.00026        0.00036        1.37632       -1.30493        1.07415        1.21510        1.14805       -0.42539        1.06901        0.00000
2.491130        0.00025        0.00034        1.38434       -1.36483        1.08144        1.27673        1.14254       -0.42597        1.06879        0.00000
2.531648        0.00024        0.00033        1.39254       -1.42684        1.08887        1.34098        1.13695       -0.42656        1.06853        0.00000
2.572826        0.00023        0.00032        1.40091       -1.49092        1.09642        1.40785        1.13128       -0.42715        1.06824        0.00000
2.614673        0.00022        0.00031        1.40947       -1.55705        1.10412        1.47736        1.12553       -0.42776        1.06793        0.00000
2.657201        0.00021        0.00030        1.41822       -1.62520        1.11196        1.54956        1.11969       -0.42838        1.06757        0.00000
2.700421        0.00020        0.00029        1.42715       -1.69538        1.11995        1.62448        1.11376       -0.42900        1.06718        0.00000
2.744343        0.00019        0.00028        1.43629       -1.76760        1.12810        1.70220        1.10775       -0.42964        1.06676        0.00000
2.788980        0.00018        0.00027        1.44563       -1.84186        1.13641        1.78276        1.10165       -0.43029        1.06630        0.00000
2.834343        0.00018        0.00026        1.45517       -1.91818        1.14487        1.86624        1.09546       -0.43094        1.06580        0.00000
2.880444        0.00017        0.00025        1.46493       -1.99656        1.15351        1.95270        1.08918       -0.43161        1.06526        0.00000
2.927295        0.00016        0.00024        1.47491       -2.07703        1.16232        2.04223        1.08282       -0.43229        1.06467        0.00000
2.974908        0.00016        0.00023        1.48511       -2.15961        1.17131        2.13491        1.07636       -0.43298        1.06404        0.00000
3.023295        0.00015        0.00022        1.49554       -2.24432        1.18048        2.23081        1.06981       -0.43369        1.06337        0.00000
3.072469        0.00014        0.00022        1.50621       -2.33117        1.18984        2.33003        1.06318       -0.43440        1.06265        0.00000
3.122443        0.00014        0.00021        1.51712       -2.42020        1.19939        2.43266        1.05645       -0.43512        1.06189        0.00000
3.173230        0.00013        0.00020        1.52827       -2.51142        1.20914        2.53880        1.04963       -0.43586        1.06107        0.00000
3.224842        0.00013        0.00020        1.53968       -2.60487        1.21909        2.64855        1.04272       -0.43661        1.06020        0.00000
3.277295        0.00012        0.00019        1.55135       -2.70056        1.22925        2.76201        1.03571       -0.43737        1.05928        0.00000
3.330600        0.00012        0.00019        1.56329       -2.79853        1.23962        2.87929        1.02861       -0.43815        1.05830        0.00000
3.384773        0.00012        0.00018        1.57550       -2.89880        1.25021        3.00052        1.02142       -0.43893        1.05727        0.00000
3.439826        0.00011        0.00018        1.58799       -3.00139        1.26102        3.12579        1.01414       -0.43973        1.05617        0.00000
3.495776        0.00011        0.00017        1.60077       -3.10635        1.27207        3.25525        1.00676       -0.44054        1.05502        0.00000
3.552635        0.00010        0.00017        1.61385       -3.21369        1.28334        3.38901        0.99929       -0.44137        1.05381        0.00000
3.610419        0.00010        0.00016        1.62723       -3.32345        1.29486        3.52719        0.99173       -0.44220        1.05253        0.00000
3.669142        0.00010        0.00016        1.64093       -3.43565        1.30662        3.66995        0.98407       -0.44305        1.05118        0.00000
3.728821        0.00009        0.00015        1.65494       -3.55032        1.31863        3.81742        0.97632       -0.44392        1.04977        0.00000
3.789471        0.00009        0.00015        1.66928       -3.66750        1.33090        3.96974        0.96848       -0.44479        1.04829        0.00000
3.851107        0.00009        0.00015        1.68396       -3.78722        1.34343        4.12707        0.96054       -0.44568        1.04673        0.00000
3.913746        0.00008        0.00014        1.69898       -3.90949        1.35623        4.28956        0.95251       -0.44659        1.04510        0.00000
3.977403        0.00008        0.00014        1.71436       -4.03436        1.36931        4.45736        0.94438       -0.44751        1.04340        0.00000
4.042096        0.00008        0.00014        1.73011       -4.16185        1.38267        4.63065        0.93617       -0.44844        1.04162        0.00000
4.107841        0.00008        0.00013        1.74622       -4.29200        1.39631        4.80959        0.92786       -0.44939        1.03976        0.00000
4.174655        0.00007        0.00013        1.76272       -4.42482        1.41024        4.99437        0.91946       -0.45035        1.03781        0.00000
4.242556        0.00007        0.00013        1.77961       -4.56035        1.42448        5.18515        0.91098       -0.45133        1.03578        0.00000
4.311562        0.00007        0.00012        1.79690       -4.69862        1.43901        5.38213        0.90240       -0.45232        1.03367        0.00000
4.381690        0.00007        0.00012        1.81461       -4.83964        1.45386        5.58551        0.89373       -0.45332        1.03147        0.00000
4.452959        0.00007        0.00012        1.83275       -4.98346        1.46903        5.79548        0.88498       -0.45434        1.02918        0.00000
4.525386        0.00006        0.00012        1.85131       -5.13008        1.48451        6.01224        0.87614       -0.45538        1.02679        0.00000
4.598992        0.00006        0.00011        1.87033       -5.27954        1.50033        6.23601        0.86721       -0.45643        1.02432        0.00000
4.673795        0.00006        0.00011        1.88980       -5.43185        1.51648        6.46700        0.85820       -0.45749        1.02174        0.00000
4.749815        0.00006        0.00011        1.90974       -5.58704        1.53296        6.70542        0.84910       -0.45857        1.01907        0.00000
4.827071        0.00006        0.00011        1.93017       -5.74512        1.54980        6.95152        0.83993       -0.45967        1.01630        0.00000
4.905584        0.00005        0.00011        1.95109       -5.90611        1.56698        7.20552        0.83067       -0.46078        1.01343        0.00000
4.985373        0.00005        0.00010        1.97251       -6.07003        1.58452        7.46766        0.82134       -0.46191        1.01045        0.00000
5.066461        0.00005        0.00010        1.99446       -6.23688        1.60242        7.73819        0.81192       -0.46305        1.00736        0.00000
5.148867        0.00005        0.00010        2.01694       -6.40668        1.62069        8.01734        0.80244       -0.46421        1.00417        0.00000
5.232614        0.00005        0.00010        2.03996       -6.57942        1.63933        8.30540        0.79287       -0.46539        1.00087        0.00000
5.317723        0.00005        0.00010        2.06355       -6.75512        1.65834        8.60262        0.78324       -0.46658        0.99745        0.00000
5.404216        0.00005        0.00009        2.08771       -6.93377        1.67773        8.90926        0.77354       -0.46779        0.99393        0.00000
5.492116        0.00004        0.00009        2.11246       -7.11537        1.69751        9.22559        0.76377       -0.46901        0.99028        0.00000
5.581446        0.00004        0.00009        2.13781       -7.29990        1.71766        9.55189        0.75394       -0.47025        0.98653        0.00000
5.672229        0.00004        0.00009        2.16377       -7.48736        1.73821        9.88845        0.74404       -0.47150        0.98265        0.00000
5.764488        0.00004        0.00009        2.19037       -7.67772        1.75915       10.23556        0.73409       -0.47277        0.97865        0.00000
5.858248        0.00004        0.00009        2.21762       -7.87096        1.78048       10.59349        0.72408       -0.47406        0.97453        0.00000
5.953533        0.00004        0.00008        2.24553       -8.06705        1.80220       10.96256        0.71401       -0.47536        0.97029        0.00000
6.050368        0.00004        0.00008        2.27413       -8.26595        1.82432       11.34304        0.70389       -0.47668        0.96592        0.00000
6.148778        0.00004        0.00008        2.30341       -8.46763        1.84683       11.73525        0.69373       -0.47802        0.96143        0.00000
6.248788        0.00003        0.00008        2.33341       -8.67203        1.86973       12.13949        0.68352       -0.47937        0.95682        0.00000
6.350425        0.00003        0.00008        2.36413       -8.87908        1.89302       12.55606        0.67326       -0.48073        0.95207        0.00000
6.453715        0.00003        0.00008        2.39560       -9.08874        1.91670       12.98527        0.66297       -0.48212        0.94720        0.00000
6.558686        0.00003        0.00008        2.42782       -9.30091        1.94076       13.42741        0.65264       -0.48351        0.94219        0.00000
6.665363        0.00003        0.00008        2.46083       -9.51552        1.96519       13.88280        0.64228       -0.48493        0.93706        0.00000
6.773776        0.00003        0.00007        2.49462       -9.73247        1.99000       14.35173        0.63189       -0.48636        0.93179        0.00000
6.883952        0.00003        0.00007        2.52923       -9.95166        2.01517       14.83448        0.62147       -0.48780        0.92640        0.00000
6.995920        0.00003        0.00007        2.56466      -10.17295        2.04069       15.33137        0.61103       -0.48926        0.92087        0.00000
7.109709        0.00003        0.00007        2.60093      -10.39624        2.06656       15.84267        0.60057       -0.49073        0.91521        0.00000
7.225349        0.00003        0.00007        2.63807      -10.62135        2.09276       16.36866        0.59010       -0.49222        0.90941        0.00000
7.342870        0.00003        0.00007        2.67608      -10.84815        2.11927       16.90961        0.57962       -0.49373        0.90348        0.00000
7.462303        0.00003        0.00007        2.71498      -11.07647        2.14608       17.46577        0.56913       -0.49525        0.89743        0.00000
7.583678        0.00002        0.00007        2.75479      -11.30609        2.17317       18.03740        0.55864       -0.49678        0.89123        0.00000
7.707027        0.00002        0.00007        2.79553      -11.53683        2.20052       18.62470        0.54815       -0.49833        0.88491        0.00000
7.832383        0.00002        0.00007        2.83721      -11.76846        2.22811       19.22789        0.53766       -0.49989        0.87845        0.00000
7.959777        0.00002        0.00007        2.87984      -12.00073        2.25591       19.84716        0.52718       -0.50146        0.87186        0.00000
8.089243        0.00002        0.00006        2.92344      -12.23338        2.28389       20.48268        0.51671       -0.50305        0.86514        0.00000
8.220816        0.00002        0.00006        2.96802      -12.46612        2.31203       21.13457        0.50626       -0.50465        0.85830        0.00000
8.354528        0.00002        0.00006        3.01360      -12.69866        2.34029       21.80295        0.49583       -0.50626        0.85132        0.00000
8.490415        0.00002        0.00006        3.06019      -12.93065        2.36863       22.48788        0.48543       -0.50789        0.84421        0.00000
8.628513        0.00002        0.00006        3.10780      -13.16174        2.39701       23.18940        0.47505       -0.50953        0.83698        0.00000
8.768856        0.00002        0.00006        3.15645      -13.39155        2.42539       23.90750        0.46470       -0.51118        0.82962        0.00000
8.911482        0.00002        0.00006        3.20613      -13.61968        2.45373       24.64212        0.45439       -0.51284        0.82213        0.00000
9.056428        0.00002        0.00006        3.25686      -13.84569        2.48196       25.39316        0.44412       -0.51452        0.81452        0.00000
9.203732        0.00002        0.00006        3.30865      -14.06911        2.51004       26.16046        0.43389       -0.51620        0.80679        0.00000
9.353432        0.00002        0.00006        3.36151      -14.28943        2.53791       26.94379        0.42371       -0.51790        0.79894        0.00000
9.505566        0.00002        0.00006        3.41543      -14.50615        2.56551       27.74285        0.41359       -0.51961        0.79098        0.00000
9.660175        0.00002        0.00006        3.47042      -14.71870        2.59276       28.55727        0.40351       -0.52133        0.78289        0.00000
9.817298        0.00002        0.00006        3.52647      -14.92648        2.61960       29.38666        0.39349       -0.52305        0.77469        0.00000
9.976978        0.00002        0.00006        3.58360      -15.12886        2.64596       30.23042        0.38354       -0.52479        0.76638        0.00000
10.139254        0.00001        0.00005        3.64179      -15.32517        2.67174       31.08794        0.37365       -0.52654        0.75796        0.00000
10.304170        0.00001        0.00005        3.70103      -15.51472        2.69686       31.95854        0.36382       -0.52830        0.74943        0.00000
10.471768        0.00001        0.00005        3.76132      -15.69676        2.72124       32.84134        0.35407       -0.53007        0.74080        0.00000
10.642092        0.00001        0.00005        3.82265      -15.87052        2.74478       33.73538        0.34439       -0.53185        0.73206        0.00000
10.815187        0.00001        0.00005        3.88499      -16.03517        2.76738       34.63964        0.33479       -0.53363        0.72322        0.00000
10.991097        0.00001        0.00005        3.94833      -16.18988        2.78893       35.55289        0.32526       -0.53543        0.71427        0.00000
11.169868        0.00001        0.00005        4.01265      -16.33373        2.80933       36.47377        0.31582       -0.53724        0.70524        0.00000
11.351547        0.00001        0.00005        4.07791      -16.46580        2.82846       37.40080        0.30646       -0.53905        0.69610        0.00000
11.536181        0.00001        0.00005        4.14410      -16.58512        2.84620       38.33236        0.29719       -0.54087        0.68688        0.00000
11.723818        0.00001        0.00005        4.21116      -16.69069        2.86244       39.26660        0.28801       -0.54271        0.67756        0.00000
11.914507        0.00001        0.00005        4.27907      -16.78145        2.87704       40.20155        0.27891       -0.54455        0.66816        0.00000
12.108298        0.00001        0.00005        4.34777      -16.85635        2.88988       41.13505        0.26991       -0.54640        0.65867        0.00000
12.305240        0.00001        0.00005        4.41722      -16.91426        2.90083       42.06475        0.26100       -0.54826        0.64909        0.00000
12.505386        0.00001        0.00005        4.48735      -16.95406        2.90974       42.98809        0.25219       -0.55013        0.63944        0.00000
12.708787        0.00001        0.00005        4.55811      -16.97459        2.91649       43.90237        0.24347       -0.55201        0.62970        0.00000
12.915497        0.00001        0.00005        4.62943      -16.97465        2.92093       44.80459        0.23485       -0.55390        0.61988        0.00000
13.125568        0.00001        0.00005        4.70122      -16.95306        2.92294       45.69163        0.22633       -0.55580        0.60999        0.00000
13.339057        0.00001        0.00005        4.77341      -16.90862        2.92237       46.56012        0.21790       -0.55771        0.60002        0.00000
13.556018        0.00001        0.00005        4.84591      -16.84009        2.91909       47.40646        0.20958       -0.55963        0.58998        0.00000
13.776508        0.00001        0.00005        4.91862      -16.74628        2.91296       48.22692        0.20135       -0.56155        0.57987        0.00000
14.000584        0.00001        0.00005        4.99143      -16.62600        2.90387       49.01751        0.19323       -0.56349        0.56968        0.00000
14.228305        0.00001        0.00004        5.06424      -16.47806        2.89169       49.77402        0.18520       -0.56544        0.55943        0.00000
14.459729        0.00001        0.00004        5.13691      -16.30133        2.87630       50.49212        0.17728       -0.56739        0.54910        0.00000
14.694918        0.00001        0.00004        5.20933      -16.09470        2.85762       51.16724        0.16945       -0.56936        0.53871        0.00000
14.933932        0.00001        0.00004        5.28135      -15.85715        2.83554       51.79474        0.16172       -0.57133        0.52825        0.00000
15.176834        0.00001        0.00004        5.35283      -15.58772        2.80999       52.36980        0.15410       -0.57331        0.51772        0.00000
15.423686        0.00001        0.00004        5.42362      -15.28551        2.78091       52.88748        0.14657       -0.57529        0.50712        0.00000
15.674554        0.00001        0.00004        5.49355      -14.94978        2.74825       53.34283        0.13914       -0.57728        0.49645        0.00000
15.929502        0.00001        0.00004        5.56245      -14.57988        2.71199       53.73085        0.13180       -0.57927        0.48572        0.00000
16.188597        0.00001        0.00004        5.63014      -14.17531        2.67215       54.04646        0.12456       -0.58127        0.47493        0.00000
16.451906        0.00001        0.00004        5.69644      -13.73576        2.62873       54.28481        0.11742       -0.58326        0.46406        0.00000
16.719498        0.00001        0.00004        5.76117      -13.26108        2.58180       54.44109        0.11038       -0.58524        0.45314        0.00000
16.991442        0.00001        0.00004        5.82411      -12.75134        2.53145       54.51067        0.10343       -0.58722        0.44215        0.00000
17.267809        0.00001        0.00004        5.88508      -12.20686        2.47778       54.48920        0.09658       -0.58918        0.43110        0.00000
17.548671        0.00001        0.00004        5.94385      -11.62820        2.42095       54.37269        0.08982       -0.59112        0.41998        0.00000
17.834102        0.00001        0.00004        6.00023      -11.01619        2.36115       54.15750        0.08316       -0.59305        0.40881        0.00000
18.124175        0.00001        0.00004        6.05401      -10.37197        2.29858       53.84055        0.07659       -0.59494        0.39759        0.00000
18.418967        0.00001        0.00004        6.10496       -9.69698        2.23352       53.41931        0.07012       -0.59680        0.38631        0.00000
18.718553        0.00001        0.00004        6.15289       -8.99297        2.16624       52.89191        0.06376       -0.59862        0.37498        0.00000
19.023012        0.00001        0.00004        6.19758       -8.26204        2.09708       52.25726        0.05749       -0.60039        0.36361        0.00000
19.332423        0.00001        0.00004        6.23885       -7.50662        2.02637       51.51505        0.05132       -0.60211        0.35221        0.00000
19.646866        0.00001        0.00004        6.27648       -6.72944        1.95451       50.66583        0.04526       -0.60376        0.34077        0.00000
19.966425        0.00001        0.00004        6.31030       -5.93359        1.88189       49.71119        0.03931       -0.60534        0.32932        0.00000
20.291180        0.00001        0.00004        6.34014       -5.12241        1.80893       48.65360        0.03346       -0.60683        0.31785        0.00000
20.621218        0.00001        0.00004        6.36583       -4.29954        1.73607       47.49659        0.02773       -0.60824        0.30638        0.00000
20.956624        0.00001        0.00004        6.38724       -3.46885        1.66373       46.24463        0.02212       -0.60955        0.29492        0.00000
21.297485        0.00001        0.00004        6.40424       -2.63439        1.59235       44.90321        0.01663       -0.61076        0.28348        0.00000
21.643891        0.00001        0.00004        6.41672       -1.80036        1.52236       43.47876        0.01127       -0.61185        0.27208        0.00000
21.995931        0.00001        0.00004        6.42460       -0.97103        1.45415       41.97854        0.00603       -0.61281        0.26074        0.00000
