x               rho            P              T              ur             uphi           uz             Br             Bphi           Bz             m
0.010000        0.99999        1.00001        1.00002        1.14135        0.96582       -0.00114        0.03522       -0.05473        1.00002        0.99990
0.010163        0.99999        1.00001        1.00002        1.14136        0.96582       -0.00115        0.03580       -0.05562        1.00002        0.99990
0.010328        0.99998        0.99999        1.00002        1.14137        0.96582       -0.00117        0.03638       -0.05652        1.00002        0.99989
0.010496        0.99996        0.99998        1.00002        1.14138        0.96582       -0.00119        0.03697       -0.05744        1.00002        0.99989
0.010667        0.99995        0.99997        1.00002        1.14138        0.96582       -0.00121        0.03757       -0.05838        1.00003        0.99988
0.010840        0.99993        0.99995        1.00002        1.14139        0.96582       -0.00123        0.03818       -0.05933        1.00003        0.99988
0.011016        0.99992        0.99994        1.00002        1.14140        0.96582       -0.00125        0.03880       -0.06029        1.00003        0.99987
0.011196        0.99990        0.99993        1.00002        1.14141        0.96581       -0.00127        0.03944       -0.06127        1.00003        0.99986
0.011378        0.99989        0.99991        1.00002        1.14142        0.96581       -0.00129        0.04008       -0.06227        1.00003        0.99986
0.011563        0.99987        0.99990        1.00003        1.14143        0.96581       -0.00131        0.04073       -0.06328        1.00003        0.99985
0.011751        0.99986        0.99988        1.00003        1.14144        0.96581       -0.00134        0.04139       -0.06431        1.00003        0.99985
0.011942        0.99984        0.99987        1.00003        1.14145        0.96581       -0.00136        0.04207       -0.06535        1.00003        0.99984
0.012136        0.99983        0.99985        1.00003        1.14146        0.96581       -0.00138        0.04275       -0.06642        1.00004        0.99984
0.012334        0.99981        0.99984        1.00003        1.14147        0.96581       -0.00140        0.04345       -0.06750        1.00004        0.99983
0.012534        0.99979        0.99982        1.00003        1.14148        0.96581       -0.00142        0.04415       -0.06860        1.00004        0.99982
0.012738        0.99978        0.99981        1.00003        1.14150        0.96581       -0.00145        0.04487       -0.06971        1.00004        0.99982
0.012945        0.99976        0.99979        1.00003        1.14151        0.96581       -0.00147        0.04560       -0.07084        1.00004        0.99981
0.013156        0.99974        0.99977        1.00003        1.14152        0.96581       -0.00150        0.04634       -0.07200        1.00004        0.99981
0.013370        0.99972        0.99976        1.00004        1.14153        0.96581       -0.00152        0.04710       -0.07317        1.00004        0.99980
0.013587        0.99970        0.99974        1.00004        1.14154        0.96581       -0.00154        0.04786       -0.07436        1.00005        0.99979
0.013808        0.99969        0.99972        1.00004        1.14155        0.96581       -0.00157        0.04864       -0.07557        1.00005        0.99979
0.014033        0.99967        0.99971        1.00004        1.14156        0.96581       -0.00159        0.04943       -0.07680        1.00005        0.99978
0.014261        0.99965        0.99969        1.00004        1.14158        0.96580       -0.00162        0.05024       -0.07804        1.00005        0.99977
0.014493        0.99963        0.99967        1.00004        1.14159        0.96580       -0.00165        0.05105       -0.07931        1.00005        0.99977
0.014729        0.99961        0.99965        1.00004        1.14160        0.96580       -0.00167        0.05188       -0.08060        1.00005        0.99976
0.014968        0.99959        0.99963        1.00004        1.14161        0.96580       -0.00170        0.05273       -0.08191        1.00005        0.99975
0.015212        0.99957        0.99961        1.00005        1.14163        0.96580       -0.00173        0.05359       -0.08325        1.00006        0.99974
0.015459        0.99955        0.99959        1.00005        1.14164        0.96580       -0.00176        0.05446       -0.08460        1.00006        0.99974
0.015711        0.99953        0.99958        1.00005        1.14165        0.96580       -0.00179        0.05534       -0.08598        1.00006        0.99973
0.015966        0.99951        0.99956        1.00005        1.14167        0.96580       -0.00181        0.05624       -0.08737        1.00006        0.99972
0.016226        0.99949        0.99954        1.00005        1.14168        0.96580       -0.00184        0.05716       -0.08880        1.00006        0.99971
0.016490        0.99946        0.99951        1.00005        1.14170        0.96580       -0.00187        0.05809       -0.09024        1.00006        0.99971
0.016758        0.99944        0.99949        1.00005        1.14171        0.96580       -0.00190        0.05903       -0.09171        1.00007        0.99970
0.017031        0.99942        0.99947        1.00005        1.14172        0.96579       -0.00194        0.05999       -0.09320        1.00007        0.99969
0.017308        0.99940        0.99945        1.00006        1.14174        0.96579       -0.00197        0.06097       -0.09471        1.00007        0.99968
0.017589        0.99937        0.99943        1.00006        1.14175        0.96579       -0.00200        0.06196       -0.09626        1.00007        0.99967
0.017875        0.99935        0.99941        1.00006        1.14177        0.96579       -0.00203        0.06297       -0.09782        1.00007        0.99966
0.018166        0.99932        0.99938        1.00006        1.14179        0.96579       -0.00206        0.06400       -0.09941        1.00008        0.99965
0.018461        0.99930        0.99936        1.00006        1.14180        0.96579       -0.00210        0.06504       -0.10103        1.00008        0.99965
0.018762        0.99927        0.99934        1.00006        1.14182        0.96579       -0.00213        0.06609       -0.10267        1.00008        0.99964
0.019067        0.99925        0.99931        1.00007        1.14183        0.96579       -0.00217        0.06717       -0.10434        1.00008        0.99963
0.019377        0.99922        0.99929        1.00007        1.14185        0.96579       -0.00220        0.06826       -0.10604        1.00008        0.99962
0.019692        0.99920        0.99927        1.00007        1.14187        0.96579       -0.00224        0.06937       -0.10776        1.00009        0.99961
0.020012        0.99917        0.99924        1.00007        1.14188        0.96578       -0.00227        0.07050       -0.10952        1.00009        0.99960
0.020338        0.99913        0.99920        1.00007        1.14191        0.96578       -0.00231        0.07165       -0.11130        1.00009        0.99958
0.020669        0.99908        0.99916        1.00008        1.14194        0.96578       -0.00235        0.07282       -0.11311        1.00010        0.99957
0.021005        0.99904        0.99912        1.00008        1.14197        0.96578       -0.00239        0.07400       -0.11494        1.00010        0.99955
0.021347        0.99899        0.99907        1.00008        1.14200        0.96578       -0.00243        0.07521       -0.11681        1.00010        0.99953
0.021694        0.99894        0.99903        1.00009        1.14203        0.96578       -0.00247        0.07643       -0.11871        1.00011        0.99952
0.022047        0.99889        0.99898        1.00009        1.14206        0.96577       -0.00251        0.07768       -0.12064        1.00011        0.99950
0.022405        0.99884        0.99893        1.00009        1.14210        0.96577       -0.00255        0.07894       -0.12260        1.00011        0.99948
0.022770        0.99879        0.99889        1.00009        1.14213        0.96577       -0.00259        0.08023       -0.12460        1.00012        0.99946
0.023140        0.99874        0.99884        1.00010        1.14216        0.96577       -0.00263        0.08153       -0.12662        1.00012        0.99944
0.023516        0.99869        0.99879        1.00010        1.14220        0.96576       -0.00267        0.08286       -0.12868        1.00013        0.99942
0.023899        0.99863        0.99874        1.00010        1.14223        0.96576       -0.00272        0.08421       -0.13077        1.00013        0.99941
0.024288        0.99858        0.99869        1.00011        1.14226        0.96576       -0.00276        0.08558       -0.13290        1.00014        0.99939
0.024683        0.99853        0.99864        1.00011        1.14230        0.96576       -0.00281        0.08697       -0.13506        1.00014        0.99937
0.025084        0.99847        0.99859        1.00012        1.14234        0.96576       -0.00285        0.08839       -0.13726        1.00014        0.99935
0.025492        0.99841        0.99853        1.00012        1.14237        0.96575       -0.00290        0.08983       -0.13949        1.00015        0.99933
0.025907        0.99836        0.99848        1.00012        1.14241        0.96575       -0.00295        0.09129       -0.14176        1.00015        0.99930
0.026328        0.99830        0.99842        1.00013        1.14245        0.96575       -0.00299        0.09278       -0.14406        1.00016        0.99928
0.026756        0.99824        0.99837        1.00013        1.14249        0.96575       -0.00304        0.09429       -0.14640        1.00016        0.99926
0.027192        0.99818        0.99831        1.00013        1.14253        0.96574       -0.00309        0.09582       -0.14878        1.00017        0.99924
0.027634        0.99812        0.99825        1.00014        1.14256        0.96574       -0.00314        0.09738       -0.15120        1.00017        0.99922
0.028083        0.99805        0.99820        1.00014        1.14261        0.96574       -0.00319        0.09897       -0.15366        1.00018        0.99920
0.028540        0.99799        0.99814        1.00015        1.14265        0.96574       -0.00325        0.10058       -0.15616        1.00018        0.99917
0.029004        0.99793        0.99808        1.00015        1.14269        0.96573       -0.00330        0.10222       -0.15870        1.00019        0.99915
0.029476        0.99786        0.99801        1.00015        1.14273        0.96573       -0.00335        0.10388       -0.16128        1.00019        0.99913
0.029955        0.99779        0.99795        1.00016        1.14277        0.96573       -0.00341        0.10557       -0.16390        1.00020        0.99910
0.030443        0.99771        0.99787        1.00016        1.14283        0.96572       -0.00346        0.10729       -0.16656        1.00020        0.99907
0.030938        0.99761        0.99778        1.00017        1.14289        0.96572       -0.00352        0.10904       -0.16927        1.00021        0.99904
0.031441        0.99751        0.99769        1.00018        1.14295        0.96572       -0.00358        0.11082       -0.17202        1.00022        0.99900
0.031952        0.99741        0.99760        1.00018        1.14302        0.96571       -0.00364        0.11262       -0.17482        1.00023        0.99896
0.032472        0.99731        0.99750        1.00019        1.14308        0.96571       -0.00370        0.11446       -0.17766        1.00024        0.99893
0.033000        0.99721        0.99741        1.00020        1.14315        0.96570       -0.00376        0.11633       -0.18054        1.00024        0.99889
0.033537        0.99711        0.99731        1.00020        1.14322        0.96570       -0.00382        0.11822       -0.18348        1.00025        0.99885
0.034083        0.99700        0.99721        1.00021        1.14329        0.96570       -0.00388        0.12015       -0.18646        1.00026        0.99882
0.034637        0.99689        0.99711        1.00022        1.14336        0.96569       -0.00394        0.12211       -0.18949        1.00027        0.99878
0.035200        0.99678        0.99700        1.00022        1.14343        0.96569       -0.00401        0.12410       -0.19257        1.00028        0.99874
0.035773        0.99667        0.99690        1.00023        1.14350        0.96568       -0.00407        0.12612       -0.19570        1.00029        0.99870
0.036355        0.99656        0.99679        1.00024        1.14357        0.96568       -0.00414        0.12817       -0.19888        1.00030        0.99866
0.036946        0.99644        0.99669        1.00024        1.14365        0.96567       -0.00421        0.13026       -0.20211        1.00031        0.99861
0.037547        0.99633        0.99658        1.00025        1.14372        0.96567       -0.00428        0.13239       -0.20540        1.00031        0.99857
0.038158        0.99621        0.99647        1.00026        1.14380        0.96566       -0.00435        0.13454       -0.20874        1.00032        0.99853
0.038778        0.99609        0.99635        1.00027        1.14388        0.96566       -0.00442        0.13673       -0.21213        1.00033        0.99849
0.039409        0.99597        0.99624        1.00027        1.14396        0.96565       -0.00449        0.13896       -0.21558        1.00034        0.99844
0.040050        0.99584        0.99612        1.00028        1.14404        0.96565       -0.00456        0.14123       -0.21908        1.00035        0.99840
0.040701        0.99568        0.99597        1.00029        1.14414        0.96564       -0.00464        0.14353       -0.22264        1.00037        0.99834
0.041363        0.99552        0.99582        1.00030        1.14425        0.96563       -0.00471        0.14588       -0.22625        1.00038        0.99828
0.042036        0.99535        0.99566        1.00031        1.14435        0.96563       -0.00479        0.14826       -0.22993        1.00039        0.99822
0.042720        0.99518        0.99550        1.00032        1.14446        0.96562       -0.00487        0.15068       -0.23366        1.00041        0.99816
0.043415        0.99500        0.99534        1.00034        1.14458        0.96561       -0.00495        0.15314       -0.23746        1.00042        0.99809
0.044121        0.99483        0.99517        1.00035        1.14469        0.96561       -0.00503        0.15564       -0.24131        1.00043        0.99803
0.044839        0.99465        0.99501        1.00036        1.14481        0.96560       -0.00511        0.15818       -0.24523        1.00045        0.99797
0.045568        0.99447        0.99484        1.00037        1.14492        0.96559       -0.00519        0.16076       -0.24922        1.00046        0.99790
0.046309        0.99428        0.99466        1.00038        1.14504        0.96558       -0.00528        0.16338       -0.25326        1.00048        0.99783
0.047062        0.99410        0.99449        1.00039        1.14516        0.96558       -0.00537        0.16605       -0.25738        1.00049        0.99777
0.047828        0.99390        0.99431        1.00041        1.14529        0.96557       -0.00545        0.16876       -0.26156        1.00051        0.99770
0.048606        0.99371        0.99413        1.00042        1.14541        0.96556       -0.00554        0.17151       -0.26581        1.00052        0.99763
0.049396        0.99351        0.99394        1.00043        1.14554        0.96555       -0.00563        0.17431       -0.27013        1.00054        0.99756
0.050200        0.99331        0.99375        1.00044        1.14567        0.96554       -0.00573        0.17715       -0.27451        1.00056        0.99748
0.051016        0.99306        0.99352        1.00046        1.14583        0.96553       -0.00582        0.18005       -0.27897        1.00058        0.99739
0.051846        0.99281        0.99328        1.00048        1.14600        0.96552       -0.00592        0.18299       -0.28349        1.00060        0.99730
0.052689        0.99255        0.99304        1.00049        1.14616        0.96551       -0.00601        0.18599       -0.28810        1.00062        0.99721
0.053546        0.99229        0.99279        1.00051        1.14633        0.96550       -0.00611        0.18903       -0.29277        1.00064        0.99711
0.054417        0.99202        0.99255        1.00053        1.14650        0.96549       -0.00621        0.19212       -0.29752        1.00066        0.99702
0.055302        0.99175        0.99229        1.00054        1.14668        0.96548       -0.00631        0.19526       -0.30235        1.00068        0.99692
0.056202        0.99148        0.99204        1.00056        1.14686        0.96547       -0.00642        0.19845       -0.30726        1.00070        0.99682
0.057116        0.99120        0.99178        1.00058        1.14704        0.96546       -0.00652        0.20169       -0.31225        1.00072        0.99672
0.058045        0.99092        0.99151        1.00060        1.14722        0.96544       -0.00663        0.20499       -0.31732        1.00075        0.99662
0.058989        0.99063        0.99124        1.00062        1.14740        0.96543       -0.00674        0.20834       -0.32247        1.00077        0.99652
0.059948        0.99034        0.99097        1.00063        1.14759        0.96542       -0.00685        0.21174       -0.32770        1.00079        0.99641
0.060923        0.99000        0.99065        1.00066        1.14781        0.96541       -0.00696        0.21521       -0.33302        1.00082        0.99629
0.061914        0.98964        0.99031        1.00068        1.14805        0.96539       -0.00708        0.21874       -0.33842        1.00085        0.99616
0.062921        0.98928        0.98997        1.00070        1.14828        0.96538       -0.00719        0.22232       -0.34390        1.00088        0.99603
0.063945        0.98891        0.98963        1.00073        1.14852        0.96536       -0.00731        0.22596       -0.34948        1.00091        0.99590
0.064985        0.98854        0.98928        1.00075        1.14876        0.96534       -0.00743        0.22967       -0.35515        1.00094        0.99576
0.066042        0.98816        0.98892        1.00077        1.14901        0.96533       -0.00755        0.23343       -0.36091        1.00097        0.99562
0.067116        0.98777        0.98856        1.00080        1.14926        0.96531       -0.00768        0.23725       -0.36676        1.00100        0.99548
0.068208        0.98738        0.98819        1.00082        1.14951        0.96530       -0.00781        0.24114       -0.37271        1.00103        0.99534
0.069317        0.98698        0.98782        1.00085        1.14977        0.96528       -0.00793        0.24508       -0.37875        1.00106        0.99520
0.070445        0.98656        0.98742        1.00088        1.15004        0.96526       -0.00806        0.24910       -0.38489        1.00110        0.99505
0.071590        0.98608        0.98698        1.00091        1.15035        0.96524       -0.00820        0.25319       -0.39113        1.00113        0.99488
0.072755        0.98560        0.98653        1.00094        1.15066        0.96522       -0.00833        0.25735       -0.39746        1.00117        0.99470
0.073938        0.98511        0.98607        1.00097        1.15098        0.96520       -0.00847        0.26158       -0.40390        1.00121        0.99452
0.075141        0.98461        0.98560        1.00100        1.15130        0.96518       -0.00861        0.26587       -0.41044        1.00125        0.99435
0.076363        0.98411        0.98512        1.00103        1.15163        0.96516       -0.00876        0.27024       -0.41709        1.00129        0.99416
0.077605        0.98359        0.98464        1.00107        1.15197        0.96514       -0.00890        0.27467       -0.42385        1.00134        0.99398
0.078867        0.98307        0.98415        1.00110        1.15230        0.96511       -0.00905        0.27918       -0.43072        1.00138        0.99379
0.080150        0.98254        0.98365        1.00114        1.15265        0.96509       -0.00920        0.28376       -0.43770        1.00142        0.99360
0.081454        0.98192        0.98308        1.00117        1.15305        0.96507       -0.00935        0.28844       -0.44478        1.00147        0.99338
0.082779        0.98130        0.98250        1.00121        1.15345        0.96504       -0.00951        0.29319       -0.45197        1.00152        0.99315
0.084125        0.98067        0.98190        1.00126        1.15386        0.96501       -0.00966        0.29802       -0.45929        1.00157        0.99292
0.085493        0.98003        0.98130        1.00130        1.15428        0.96498       -0.00982        0.30292       -0.46672        1.00162        0.99269
0.086884        0.97938        0.98069        1.00134        1.15470        0.96496       -0.00999        0.30791       -0.47427        1.00168        0.99246
0.088297        0.97872        0.98007        1.00138        1.15513        0.96493       -0.01015        0.31297       -0.48195        1.00173        0.99222
0.089733        0.97804        0.97944        1.00142        1.15557        0.96490       -0.01032        0.31812       -0.48975        1.00179        0.99198
0.091193        0.97730        0.97874        1.00147        1.15605        0.96487       -0.01049        0.32338       -0.49766        1.00185        0.99171
0.092676        0.97653        0.97801        1.00152        1.15655        0.96483       -0.01067        0.32872       -0.50570        1.00191        0.99143
0.094183        0.97574        0.97727        1.00157        1.15706        0.96480       -0.01085        0.33415       -0.51387        1.00197        0.99115
0.095715        0.97494        0.97652        1.00163        1.15759        0.96477       -0.01103        0.33966       -0.52218        1.00204        0.99086
0.097272        0.97412        0.97576        1.00168        1.15811        0.96473       -0.01121        0.34527       -0.53062        1.00210        0.99056
0.098854        0.97329        0.97498        1.00173        1.15865        0.96470       -0.01140        0.35097       -0.53919        1.00217        0.99026
0.100462        0.97243        0.97417        1.00179        1.15921        0.96466       -0.01159        0.35677       -0.54790        1.00224        0.98995
0.102096        0.97149        0.97329        1.00185        1.15982        0.96462       -0.01179        0.36268       -0.55674        1.00232        0.98962
0.103757        0.97053        0.97239        1.00191        1.16045        0.96458       -0.01199        0.36869       -0.56572        1.00240        0.98927
0.105444        0.96956        0.97147        1.00197        1.16108        0.96453       -0.01219        0.37480       -0.57485        1.00248        0.98892
0.107159        0.96857        0.97054        1.00204        1.16172        0.96449       -0.01239        0.38101       -0.58413        1.00256        0.98856
0.108902        0.96756        0.96960        1.00210        1.16238        0.96445       -0.01260        0.38732       -0.59355        1.00264        0.98820
0.110674        0.96651        0.96861        1.00217        1.16306        0.96440       -0.01281        0.39374       -0.60313        1.00273        0.98782
0.112474        0.96538        0.96754        1.00225        1.16380        0.96435       -0.01303        0.40029       -0.61284        1.00282        0.98741
0.114303        0.96422        0.96646        1.00232        1.16456        0.96430       -0.01325        0.40695       -0.62271        1.00292        0.98700
0.116162        0.96305        0.96536        1.00240        1.16532        0.96425       -0.01348        0.41371       -0.63274        1.00301        0.98657
0.118052        0.96186        0.96424        1.00248        1.16610        0.96419       -0.01370        0.42059       -0.64293        1.00311        0.98614
0.119972        0.96065        0.96310        1.00256        1.16688        0.96414       -0.01394        0.42758       -0.65329        1.00321        0.98571
0.121923        0.95932        0.96185        1.00264        1.16775        0.96408       -0.01417        0.43472       -0.66379        1.00332        0.98523
0.123906        0.95796        0.96058        1.00273        1.16864        0.96402       -0.01442        0.44198       -0.67446        1.00344        0.98474
0.125922        0.95658        0.95928        1.00282        1.16953        0.96396       -0.01466        0.44935       -0.68530        1.00355        0.98425
0.127970        0.95518        0.95796        1.00291        1.17045        0.96390       -0.01491        0.45685       -0.69632        1.00367        0.98374
0.130051        0.95375        0.95662        1.00301        1.17138        0.96383       -0.01516        0.46447       -0.70752        1.00378        0.98323
0.132166        0.95220        0.95516        1.00311        1.17239        0.96376       -0.01543        0.47226       -0.71887        1.00391        0.98267
0.134316        0.95061        0.95367        1.00321        1.17343        0.96369       -0.01569        0.48018       -0.73040        1.00405        0.98210
0.136501        0.94900        0.95215        1.00332        1.17448        0.96362       -0.01596        0.48823       -0.74212        1.00418        0.98152
0.138721        0.94736        0.95061        1.00343        1.17555        0.96354       -0.01623        0.49641       -0.75402        1.00432        0.98093
0.140977        0.94565        0.94900        1.00354        1.17666        0.96346       -0.01651        0.50475       -0.76611        1.00446        0.98031
0.143270        0.94384        0.94730        1.00366        1.17785        0.96338       -0.01680        0.51325       -0.77837        1.00462        0.97966
0.145601        0.94200        0.94556        1.00378        1.17905        0.96329       -0.01709        0.52190       -0.79083        1.00477        0.97900
0.147969        0.94013        0.94380        1.00391        1.18027        0.96321       -0.01739        0.53068       -0.80348        1.00493        0.97833
0.150376        0.93821        0.94200        1.00403        1.18152        0.96312       -0.01769        0.53962       -0.81634        1.00509        0.97764
0.152821        0.93615        0.94006        1.00417        1.18287        0.96302       -0.01799        0.54876       -0.82937        1.00527        0.97690
0.155307        0.93406        0.93808        1.00431        1.18424        0.96292       -0.01831        0.55804       -0.84261        1.00545        0.97615
0.157833        0.93193        0.93608        1.00445        1.18563        0.96282       -0.01863        0.56748       -0.85606        1.00563        0.97538
0.160400        0.92975        0.93403        1.00460        1.18705        0.96272       -0.01895        0.57708       -0.86973        1.00581        0.97460
0.163009        0.92742        0.93183        1.00475        1.18858        0.96261       -0.01929        0.58691       -0.88357        1.00601        0.97376
0.165661        0.92505        0.92959        1.00491        1.19013        0.96250       -0.01963        0.59689       -0.89763        1.00622        0.97291
0.168355        0.92264        0.92732        1.00508        1.19170        0.96238       -0.01997        0.60704       -0.91193        1.00642        0.97204
0.171093        0.92014        0.92496        1.00524        1.19334        0.96226       -0.02032        0.61738       -0.92643        1.00664        0.97114
0.173876        0.91750        0.92248        1.00542        1.19506        0.96213       -0.02068        0.62795       -0.94113        1.00687        0.97020
0.176704        0.91483        0.91995        1.00560        1.19680        0.96200       -0.02105        0.63868       -0.95606        1.00710        0.96924
0.179578        0.91211        0.91739        1.00579        1.19858        0.96187       -0.02142        0.64960       -0.97124        1.00734        0.96826
0.182499        0.90922        0.91466        1.00598        1.20046        0.96172       -0.02181        0.66076       -0.98660        1.00759        0.96723
0.185468        0.90627        0.91187        1.00618        1.20239        0.96157       -0.02220        0.67213       -1.00221        1.00785        0.96616
0.188484        0.90326        0.90903        1.00639        1.20436        0.96142       -0.02260        0.68368       -1.01806        1.00811        0.96509
0.191550        0.90013        0.90607        1.00660        1.20640        0.96127       -0.02300        0.69547       -1.03413        1.00839        0.96396
0.194666        0.89687        0.90299        1.00682        1.20852        0.96110       -0.02342        0.70751       -1.05043        1.00868        0.96279
0.197832        0.89355        0.89985        1.00705        1.21068        0.96093       -0.02384        0.71975       -1.06698        1.00897        0.96160
0.201050        0.89014        0.89662        1.00729        1.21290        0.96075       -0.02427        0.73222       -1.08378        1.00928        0.96038
0.204320        0.88655        0.89323        1.00753        1.21524        0.96057       -0.02472        0.74497       -1.10078        1.00960        0.95909
0.207643        0.88290        0.88978        1.00779        1.21761        0.96037       -0.02517        0.75794       -1.11806        1.00993        0.95778
0.211020        0.87915        0.88623        1.00805        1.22004        0.96018       -0.02563        0.77115       -1.13559        1.01027        0.95644
0.214453        0.87522        0.88250        1.00832        1.22259        0.95997       -0.02610        0.78467       -1.15332        1.01062        0.95503
0.217941        0.87122        0.87871        1.00860        1.22518        0.95975       -0.02658        0.79841       -1.17135        1.01099        0.95360
0.221486        0.86709        0.87480        1.00889        1.22785        0.95953       -0.02707        0.81243       -1.18962        1.01137        0.95212
0.225088        0.86279        0.87072        1.00919        1.23062        0.95929       -0.02757        0.82676       -1.20811        1.01176        0.95058
0.228749        0.85842        0.86657        1.00950        1.23344        0.95905       -0.02808        0.84133       -1.22691        1.01216        0.94901
0.232470        0.85386        0.86225        1.00982        1.23636        0.95879       -0.02861        0.85624       -1.24592        1.01259        0.94738
0.236251        0.84917        0.85779        1.01015        1.23937        0.95853       -0.02914        0.87145       -1.26519        1.01303        0.94569
0.240093        0.84439        0.85325        1.01049        1.24243        0.95826       -0.02969        0.88690       -1.28477        1.01347        0.94399
0.243999        0.83936        0.84847        1.01085        1.24562        0.95797       -0.03025        0.90278       -1.30452        1.01395        0.94218
0.247967        0.83425        0.84361        1.01122        1.24887        0.95767       -0.03082        0.91892       -1.32459        1.01443        0.94035
0.252000        0.82896        0.83858        1.01160        1.25221        0.95736       -0.03141        0.93540       -1.34491        1.01494        0.93846
0.256099        0.82349        0.83337        1.01200        1.25565        0.95703       -0.03200        0.95225       -1.36546        1.01547        0.93650
0.260265        0.81792        0.82807        1.01240        1.25915        0.95669       -0.03261        0.96939       -1.38634        1.01600        0.93450
0.264498        0.81208        0.82250        1.01283        1.26278        0.95633       -0.03324        0.98699       -1.40738        1.01657        0.93241
0.268800        0.80615        0.81684        1.01327        1.26646        0.95597       -0.03388        1.00488       -1.42876        1.01715        0.93029
0.273172        0.79998        0.81096        1.01372        1.27025        0.95558       -0.03453        1.02322       -1.45034        1.01776        0.92808
0.277615        0.79366        0.80492        1.01419        1.27411        0.95517       -0.03520        1.04191       -1.47220        1.01839        0.92581
0.282131        0.78714        0.79869        1.01468        1.27806        0.95475       -0.03588        1.06102       -1.49432        1.01904        0.92348
0.286720        0.78041        0.79226        1.01518        1.28208        0.95431       -0.03658        1.08056       -1.51666        1.01972        0.92106
0.291383        0.77352        0.78566        1.01570        1.28618        0.95385       -0.03729        1.10048       -1.53929        1.02042        0.91859
0.296123        0.76637        0.77882        1.01625        1.29036        0.95337       -0.03802        1.12091       -1.56210        1.02115        0.91603
0.300939        0.75907        0.77183        1.01680        1.29460        0.95287       -0.03877        1.14171       -1.58523        1.02190        0.91341
0.305834        0.75149        0.76456        1.01739        1.29890        0.95234       -0.03953        1.16307       -1.60850        1.02270        0.91069
0.310808        0.74376        0.75714        1.01799        1.30325        0.95179       -0.04030        1.18481       -1.63210        1.02351        0.90791
0.315864        0.73574        0.74943        1.01862        1.30764        0.95121       -0.04110        1.20713       -1.65581        1.02436        0.90503
0.321001        0.72755        0.74156        1.01926        1.31207        0.95061       -0.04190        1.22987       -1.67984        1.02523        0.90208
0.326222        0.71906        0.73339        1.01993        1.31649        0.94997       -0.04273        1.25322       -1.70397        1.02616        0.89903
0.331528        0.71039        0.72504        1.02063        1.32094        0.94931       -0.04357        1.27702       -1.72839        1.02710        0.89591
0.336921        0.70143        0.71640        1.02135        1.32535        0.94861       -0.04442        1.30142       -1.75292        1.02809        0.89268
0.342401        0.69226        0.70755        1.02210        1.32973        0.94789       -0.04529        1.32635       -1.77767        1.02912        0.88936
0.347970        0.68282        0.69843        1.02287        1.33406        0.94713       -0.04618        1.35186       -1.80257        1.03018        0.88595
0.353630        0.67311        0.68905        1.02368        1.33825        0.94632       -0.04707        1.37797       -1.82759        1.03129        0.88243
0.359381        0.66318        0.67943        1.02451        1.34240        0.94549       -0.04798        1.40463       -1.85283        1.03243        0.87883
0.365227        0.65294        0.66950        1.02538        1.34625        0.94461       -0.04890        1.43199       -1.87804        1.03364        0.87511
0.371167        0.64247        0.65935        1.02627        1.35003        0.94370       -0.04983        1.45990       -1.90349        1.03487        0.87130
0.377204        0.63170        0.64888        1.02721        1.35343        0.94273       -0.05077        1.48851       -1.92890        1.03617        0.86736
0.383340        0.62068        0.63816        1.02817        1.35654        0.94173       -0.05171        1.51775       -1.95439        1.03751        0.86332
0.389575        0.60940        0.62718        1.02917        1.35939        0.94068       -0.05266        1.54761       -1.98001        1.03889        0.85918
0.395911        0.59781        0.61587        1.03022        1.36153        0.93957       -0.05359        1.57823       -2.00544        1.04035        0.85491
0.402351        0.58598        0.60432        1.03130        1.36329        0.93843       -0.05453        1.60946       -2.03098        1.04185        0.85053
0.408895        0.57388        0.59248        1.03242        1.36444        0.93723       -0.05546        1.64139       -2.05646        1.04340        0.84603
0.415546        0.56149        0.58035        1.03360        1.36462        0.93598       -0.05636        1.67403       -2.08171        1.04503        0.84139
0.422304        0.54886        0.56796        1.03481        1.36413        0.93468       -0.05725        1.70733       -2.10697        1.04670        0.83665
0.429173        0.53597        0.55529        1.03606        1.36268        0.93334       -0.05811        1.74130       -2.13206        1.04844        0.83177
0.436154        0.52282        0.54235        1.03737        1.35975        0.93194       -0.05892        1.77598       -2.15678        1.05025        0.82676
0.443248        0.50944        0.52916        1.03873        1.35571        0.93050       -0.05969        1.81129       -2.18136        1.05212        0.82162
0.450457        0.49582        0.51572        1.04014        1.35042        0.92902       -0.06042        1.84724       -2.20574        1.05404        0.81635
0.457784        0.48200        0.50205        1.04161        1.34295        0.92749       -0.06105        1.88381       -2.22954        1.05605        0.81093
0.465230        0.46798        0.48816        1.04313        1.33365        0.92594       -0.06159        1.92095       -2.25299        1.05811        0.80537
0.472797        0.45378        0.47407        1.04471        1.32246        0.92437       -0.06206        1.95862       -2.27606        1.06024        0.79968
0.480487        0.43942        0.45979        1.04635        1.30915        0.92277       -0.06242        1.99679       -2.29871        1.06243        0.79384
0.488302        0.42495        0.44537        1.04807        1.29278        0.92119       -0.06262        2.03534       -2.32058        1.06469        0.78785
0.496244        0.41038        0.43083        1.04984        1.27365        0.91962       -0.06267        2.07422       -2.34184        1.06702        0.78171
0.504316        0.39574        0.41619        1.05169        1.25172        0.91808       -0.06257        2.11336       -2.36250        1.06939        0.77542
0.512519        0.38107        0.40148        1.05360        1.22680        0.91659       -0.06229        2.15267       -2.38248        1.07182        0.76898
0.520855        0.36639        0.38675        1.05558        1.19870        0.91517       -0.06182        2.19207       -2.40173        1.07430        0.76239
0.529327        0.35178        0.37206        1.05765        1.16697        0.91385       -0.06113        2.23133       -2.42007        1.07683        0.75564
0.537936        0.33730        0.35746        1.05979        1.13164        0.91268       -0.06020        2.27030       -2.43747        1.07939        0.74873
0.546686        0.32297        0.34299        1.06201        1.09305        0.91166       -0.05904        2.30892       -2.45403        1.08198        0.74165
0.555578        0.30882        0.32868        1.06432        1.05128        0.91082       -0.05765        2.34704       -2.46970        1.08460        0.73442
0.564614        0.29492        0.31459        1.06671        1.00648        0.91019       -0.05604        2.38450       -2.48446        1.08722        0.72702
0.573798        0.28131        0.30077        1.06918        0.95893        0.90980       -0.05419        2.42114       -2.49830        1.08986        0.71946
0.583131        0.26805        0.28727        1.07175        0.90896        0.90967       -0.05213        2.45680       -2.51122        1.09248        0.71174
0.592615        0.25518        0.27415        1.07440        0.85699        0.90983       -0.04986        2.49132       -2.52322        1.09509        0.70384
0.602254        0.24274        0.26146        1.07715        0.80350        0.91029       -0.04742        2.52455       -2.53433        1.09767        0.69578
0.612050        0.23077        0.24923        1.07999        0.74904        0.91108       -0.04482        2.55636       -2.54458        1.10022        0.68756
0.622005        0.21932        0.23750        1.08293        0.69413        0.91220       -0.04209        2.58662       -2.55400        1.10272        0.67916
0.632122        0.20839        0.22630        1.08596        0.63931        0.91365       -0.03927        2.61524       -2.56264        1.10517        0.67060
0.642403        0.19803        0.21567        1.08909        0.58509        0.91544       -0.03638        2.64213       -2.57055        1.10755        0.66187
0.652852        0.18823        0.20560        1.09232        0.53191        0.91756       -0.03346        2.66723       -2.57779        1.10986        0.65297
0.663471        0.17901        0.19613        1.09565        0.48017        0.92000       -0.03052        2.69050       -2.58441        1.11210        0.64391
0.674262        0.17037        0.18724        1.09908        0.43017        0.92276       -0.02760        2.71191       -2.59046        1.11425        0.63468
0.685229        0.16230        0.17895        1.10262        0.38215        0.92582       -0.02471        2.73145       -2.59601        1.11632        0.62529
0.696374        0.15480        0.17124        1.10625        0.33627        0.92917       -0.02187        2.74912       -2.60110        1.11830        0.61574
0.707701        0.14786        0.16412        1.10999        0.29263        0.93279       -0.01909        2.76493       -2.60579        1.12018        0.60602
0.719212        0.14148        0.15758        1.11383        0.25125        0.93667       -0.01638        2.77890       -2.61010        1.12197        0.59615
0.730910        0.13566        0.15163        1.11778        0.21228        0.94082       -0.01375        2.79092       -2.61408        1.12365        0.58612
0.742798        0.13040        0.14629        1.12183        0.17567        0.94521       -0.01121        2.80101       -2.61775        1.12521        0.57594
0.754880        0.12566        0.14149        1.12599        0.14112        0.94982       -0.00874        2.80931       -2.62116        1.12667        0.56562
0.767158        0.12140        0.13722        1.13026        0.10847        0.95465       -0.00634        2.81585       -2.62436        1.12803        0.55514
0.779636        0.11763        0.13347        1.13463        0.07758        0.95968       -0.00401        2.82063       -2.62735        1.12927        0.54453
0.792317        0.11441        0.13032        1.13911        0.04852        0.96493       -0.00175        2.82341       -2.63014        1.13037        0.53379
0.805204        0.11166        0.12771        1.14370        0.02085        0.97036        0.00047        2.82436       -2.63275        1.13135        0.52291
0.818301        0.10938        0.12561        1.14839       -0.00570        0.97598        0.00266        2.82353       -2.63521        1.13220        0.51191
0.831610        0.10760        0.12408        1.15320       -0.03124        0.98178        0.00483        2.82072       -2.63750        1.13289        0.50079
0.845137        0.10633        0.12314        1.15811       -0.05602        0.98776        0.00699        2.81582       -2.63964        1.13343        0.48956
0.858883        0.10553        0.12275        1.16313       -0.08040        0.99390        0.00918        2.80895       -2.64162        1.13380        0.47822
0.872853        0.10529        0.12301        1.16826       -0.10459        1.00020        0.01141        2.79971       -2.64342        1.13397        0.46680
0.887050        0.10559        0.12391        1.17349       -0.12891        1.00666        0.01371        2.78812       -2.64504        1.13393        0.45528
0.901478        0.10646        0.12550        1.17882       -0.15369        1.01327        0.01611        2.77396       -2.64646        1.13366        0.44368
0.916140        0.10799        0.12789        1.18425       -0.17930        1.02001        0.01865        2.75680       -2.64762        1.13310        0.43201
0.931041        0.11015        0.13106        1.18978       -0.20607        1.02688        0.02136        2.73663       -2.64851        1.13226        0.42028
0.946185        0.11311        0.13521        1.19540       -0.23455        1.03385        0.02431        2.71264       -2.64904        1.13102        0.40851
0.961575        0.11685        0.14035        1.20110       -0.26504        1.04092        0.02753        2.68477       -2.64917        1.12940        0.39668
0.977215        0.12155        0.14670        1.20688       -0.29820        1.04806        0.03111        2.65207       -2.64876        1.12726        0.38484
0.993109        0.12727        0.15435        1.21272       -0.33451        1.05525        0.03510        2.61403       -2.64772        1.12455        0.37297
1.009262        0.13414        0.16346        1.21862       -0.37446        1.06244        0.03957        2.56991       -2.64590        1.12117        0.36110
1.025678        0.14240        0.17438        1.22455       -0.41898        1.06959        0.04465        2.51808       -2.64301        1.11692        0.34924
1.042361        0.15210        0.18716        1.23050       -0.46827        1.07666        0.05038        2.45799       -2.63888        1.11174        0.33740
1.059315        0.16347        0.20212        1.23643       -0.52299        1.08358        0.05685        2.38793       -2.63314        1.10539        0.32558
1.076545        0.17679        0.21963        1.24232       -0.58374        1.09026        0.06419        2.30558       -2.62525        1.09759        0.31383
1.094055        0.19210        0.23978        1.24813       -0.65029        1.09664        0.07238        2.20965       -2.61479        1.08816        0.30212
1.111850        0.20956        0.26276        1.25381       -0.72234        1.10264        0.08144        2.09790       -2.60111        1.07678        0.29049
1.129934        0.22923        0.28867        1.25931       -0.79908        1.10818        0.09130        1.96776       -2.58341        1.06311        0.27894
1.148312        0.25109        0.31752        1.26453       -0.87878        1.11314        0.10184        1.81577       -2.56057        1.04665        0.26751
1.166990        0.27472        0.34874        1.26942       -0.95863        1.11753        0.11271        1.64033       -2.53187        1.02713        0.25619
1.185971        0.29951        0.38155        1.27387       -1.03499        1.12134        0.12351        1.43920       -2.49641        1.00418        0.24500
1.205261        0.32449        0.41464        1.27780       -1.10333        1.12463        0.13368        1.21075       -2.45354        0.97750        0.23396
1.224865        0.34827        0.44617        1.28107       -1.15834        1.12749        0.14252        0.95428       -2.40300        0.94685        0.22308
1.244787        0.36906        0.47372        1.28358       -1.19436        1.13006        0.14926        0.67051       -2.34523        0.91221        0.21237
1.265034        0.38480        0.49455        1.28520       -1.20579        1.13244        0.15309        0.36189       -2.28154        0.87373        0.20184
1.285610        0.39341        0.50586        1.28584       -1.18774        1.13466        0.15322        0.03307       -2.21422        0.83190        0.19153
1.306520        0.39314        0.50534        1.28539       -1.13693        1.13663        0.14905       -0.30894       -2.14646        0.78750        0.18142
1.327771        0.38303        0.49174        1.28381       -1.05292        1.13804        0.14032       -0.65481       -2.08187        0.74169        0.17154
1.349367        0.36328        0.46539        1.28106       -0.93942        1.13846        0.12730       -0.99358       -2.02390        0.69592        0.16190
1.371315        0.33529        0.42822        1.27716       -0.80472        1.13733        0.11092       -1.31307       -1.97530        0.65183        0.15252
1.393619        0.30183        0.38399        1.27216       -0.66177        1.13426        0.09284       -1.60310       -1.93703        0.61093        0.14340
1.416287        0.26611        0.33695        1.26619       -0.52360        1.12914        0.07485       -1.85757       -1.90832        0.57422        0.13455
1.439323        0.23087        0.29075        1.25937       -0.39999        1.12208        0.05838       -2.07394       -1.88758        0.54222        0.12598
1.462733        0.19833        0.24828        1.25181       -0.29730        1.11333        0.04442       -2.25138       -1.87308        0.51522        0.11771
1.486525        0.16957        0.21089        1.24365       -0.21569        1.10330        0.03315       -2.39486       -1.86272        0.49270        0.10974
1.510703        0.14493        0.17900        1.23501       -0.15300        1.09232        0.02439       -2.50935       -1.85505        0.47409        0.10206
1.535275        0.12453        0.15268        1.22598       -0.10673        1.08063        0.01787       -2.59856       -1.84913        0.45895        0.09471
1.560246        0.10770        0.13104        1.21664       -0.07240        1.06846        0.01302       -2.66867       -1.84420        0.44647        0.08765
1.585624        0.09422        0.11374        1.20705       -0.04772        1.05594        0.00953       -2.72230       -1.83987        0.43634        0.08094
1.611414        0.08338        0.09983        1.19728       -0.02964        1.04317        0.00700       -2.76370       -1.83588        0.42798        0.07453
1.637624        0.07485        0.08888        1.18736       -0.01657        1.03025        0.00519       -2.79484       -1.83206        0.42111        0.06844
1.664260        0.06823        0.08033        1.17734       -0.00704        1.01722        0.00389       -2.81788       -1.82834        0.41546        0.06268
1.691330        0.06318        0.07375        1.16723       -0.00004        1.00414        0.00294       -2.83431       -1.82467        0.41081        0.05724
1.718839        0.05953        0.06888        1.15706        0.00506        0.99104        0.00224       -2.84504       -1.82100        0.40705        0.05211
1.746796        0.05709        0.06547        1.14686        0.00876        0.97795        0.00172       -2.85083       -1.81734        0.40407        0.04730
1.775208        0.05574        0.06336        1.13664        0.01144        0.96491        0.00130       -2.85215       -1.81366        0.40183        0.04280
1.804082        0.05543        0.06244        1.12641        0.01331        0.95194        0.00094       -2.84917       -1.80997        0.40033        0.03860
1.833425        0.05615        0.06268        1.11621        0.01458        0.93905        0.00063       -2.84183       -1.80627        0.39960        0.03469
1.863246        0.05795        0.06410        1.10603        0.01538        0.92628        0.00033       -2.82983       -1.80256        0.39972        0.03107
1.893552        0.06093        0.06678        1.09591        0.01583        0.91363        0.00005       -2.81262       -1.79885        0.40084        0.02773
1.924351        0.06525        0.07085        1.08586        0.01604        0.90114       -0.00025       -2.78935       -1.79514        0.40314        0.02465
1.955651        0.07111        0.07651        1.07591        0.01610        0.88883       -0.00054       -2.75882       -1.79146        0.40692        0.02183
1.987460        0.07883        0.08403        1.06608        0.01610        0.87673       -0.00085       -2.71939       -1.78780        0.41253        0.01926
2.019786        0.08875        0.09376        1.05641        0.01608        0.86488       -0.00116       -2.66889       -1.78420        0.42050        0.01692
2.052638        0.10139        0.10615        1.04695        0.01611        0.85334       -0.00148       -2.60414       -1.78067        0.43154        0.01480
2.086024        0.11718        0.12160        1.03775        0.01621        0.84215       -0.00180       -2.52168       -1.77726        0.44649        0.01289
2.119953        0.13656        0.14050        1.02886        0.01637        0.83140       -0.00211       -2.41711       -1.77398        0.46640        0.01117
2.154435        0.15993        0.16319        1.02040        0.01655        0.82120       -0.00241       -2.28412       -1.77090        0.49283        0.00964
2.189477        0.18705        0.18938        1.01245        0.01668        0.81165       -0.00266       -2.11764       -1.76807        0.52708        0.00828
2.225089        0.21709        0.21821        1.00516        0.01662        0.80292       -0.00284       -1.91061       -1.76557        0.57102        0.00708
2.261280        0.24790        0.24757        0.99866        0.01623        0.79516       -0.00292       -1.65964       -1.76343        0.62572        0.00602
2.298060        0.27593        0.27404        0.99313        0.01535        0.78858       -0.00285       -1.36296       -1.76174        0.69199        0.00509
2.335438        0.29647        0.29313        0.98873        0.01390        0.78335       -0.00262       -1.02583       -1.76052        0.76900        0.00428
2.373424        0.30490        0.30051        0.98559        0.01193        0.77962       -0.00222       -0.66053       -1.75978        0.85422        0.00358
2.412028        0.29824        0.29341        0.98382        0.00959        0.77750       -0.00169       -0.28562       -1.75953        0.94347        0.00297
2.451260        0.27671        0.27212        0.98343        0.00716        0.77703       -0.00108        0.07697       -1.75973        1.03153        0.00246
2.491130        0.24387        0.24006        0.98438        0.00487        0.77814       -0.00045        0.40709       -1.76037        1.11333        0.00202
2.531648        0.20523        0.20248        0.98656        0.00289        0.78071        0.00018        0.69089       -1.76143        1.18514        0.00165
2.572826        0.16617        0.16448        0.98984        0.00123        0.78456        0.00080        0.92269       -1.76286        1.24511        0.00133
2.614673        0.13053        0.12975        0.99404       -0.00018        0.78950        0.00147        1.10386       -1.76463        1.29314        0.00107
2.657201        0.10027        0.10017        0.99900       -0.00147        0.79535        0.00225        1.24030       -1.76669        1.33032        0.00086
2.700421        0.07586        0.07621        1.00461       -0.00282        0.80195        0.00322        1.33975       -1.76898        1.35833        0.00068
2.744343        0.05691        0.05752        1.01073       -0.00438        0.80916        0.00448        1.40966       -1.77147        1.37885        0.00054
2.788980        0.04269        0.04342        1.01712       -0.00618        0.81665        0.00608        1.39835       -1.77404        1.37730        0.00000
2.834343        0.03209        0.03285        1.02376       -0.00845        0.82441        0.00820        1.43006       -1.77671        1.38780        0.00000
2.880444        0.02414        0.02488        1.03072       -0.01143        0.83249        0.01100        1.44984       -1.77948        1.39509        0.00000
2.927295        0.01824        0.01893        1.03795       -0.01533        0.84082        0.01470        1.46071       -1.78235        1.39994        0.00000
2.974908        0.01386        0.01449        1.04542       -0.02036        0.84935        0.01949        1.46514       -1.78530        1.40297        0.00000
3.023295        0.01060        0.01116        1.05312       -0.02676        0.85801        0.02566        1.46485       -1.78832        1.40464        0.00000
3.072469        0.00817        0.00867        1.06103       -0.03481        0.86675        0.03348        1.46111       -1.79141        1.40528        0.00000
3.122443        0.00635        0.00679        1.06915       -0.04481        0.87553        0.04328        1.45481       -1.79456        1.40513        0.00000
3.173230        0.00499        0.00538        1.07746       -0.05707        0.88430        0.05540        1.44662       -1.79778        1.40438        0.00000
3.224842        0.00396        0.00430        1.08597       -0.07188        0.89300        0.07019        1.43700       -1.80105        1.40314        0.00000
3.277295        0.00317        0.00348        1.09467       -0.08951        0.90160        0.08796        1.42630       -1.80439        1.40152        0.00000
3.330600        0.00257        0.00284        1.10356       -0.11021        0.91004        0.10902        1.41476       -1.80778        1.39959        0.00000
3.384773        0.00211        0.00235        1.11264       -0.13417        0.91830        0.13368        1.40254       -1.81123        1.39738        0.00000
3.439826        0.00175        0.00196        1.12192       -0.16150        0.92634        0.16210        1.38978       -1.81473        1.39493        0.00000
3.495776        0.00146        0.00165        1.13139       -0.19231        0.93414        0.19451        1.37657       -1.81830        1.39226        0.00000
3.552635        0.00124        0.00141        1.14106       -0.22657        0.94168        0.23096        1.36297       -1.82193        1.38940        0.00000
3.610419        0.00106        0.00122        1.15093       -0.26423        0.94895        0.27153        1.34904       -1.82561        1.38635        0.00000
3.669142        0.00091        0.00106        1.16101       -0.30521        0.95595        0.31626        1.33479       -1.82935        1.38311        0.00000
3.728821        0.00079        0.00093        1.17128       -0.34938        0.96267        0.36512        1.32026       -1.83316        1.37970        0.00000
3.789471        0.00069        0.00082        1.18177       -0.39663        0.96912        0.41810        1.30546       -1.83702        1.37611        0.00000
3.851107        0.00061        0.00073        1.19247       -0.44696        0.97527        0.47534        1.29041       -1.84094        1.37235        0.00000
3.913746        0.00054        0.00065        1.20338       -0.50193        0.98087        0.53864        1.27513       -1.84493        1.36840        0.00000
3.977403        0.00053        0.00064        1.21362       -0.54691        0.99227        0.58103        1.32065       -1.84803        1.40675        0.00000
4.042096        0.00053        0.00064        1.22374       -0.58455        1.00639        0.61187        1.38662       -1.85086        1.45942        0.00000
4.107841        0.00053        0.00065        1.23403       -0.62280        1.02074        0.64321        1.45367       -1.85373        1.51295        0.00000
4.174655        0.00053        0.00066        1.24448       -0.66166        1.03532        0.67507        1.52181       -1.85666        1.56735        0.00000
4.242556        0.00053        0.00066        1.25511       -0.70117        1.05014        0.70744        1.59106       -1.85963        1.62263        0.00000
4.311562        0.00053        0.00067        1.26591       -0.74131        1.06521        0.74034        1.66143       -1.86265        1.67881        0.00000
4.381690        0.00053        0.00067        1.27688       -0.78211        1.08051        0.77377        1.73295       -1.86572        1.73591        0.00000
4.452959        0.00053        0.00068        1.28803       -0.82357        1.09607        0.80775        1.80563       -1.86884        1.79394        0.00000
4.525386        0.00053        0.00069        1.29936       -0.86571        1.11188        0.84228        1.87949       -1.87201        1.85291        0.00000
4.598992        0.00053        0.00069        1.31088       -0.90853        1.12794        0.87737        1.95455       -1.87523        1.91283        0.00000
4.673795        0.00053        0.00070        1.32259       -0.95204        1.14427        0.91303        2.03084       -1.87850        1.97374        0.00000
4.749815        0.00053        0.00071        1.33448       -0.99627        1.16086        0.94927        2.10836       -1.88183        2.03563        0.00000
4.827071        0.00053        0.00071        1.34657       -1.04121        1.17773        0.98610        2.18715       -1.88521        2.09853        0.00000
4.905584        0.00053        0.00072        1.35886       -1.08689        1.19486        1.02353        2.26722       -1.88865        2.16245        0.00000
4.985373        0.00053        0.00073        1.37134       -1.13331        1.21228        1.06157        2.34859       -1.89214        2.22742        0.00000
5.066461        0.00053        0.00073        1.38403       -1.18048        1.22998        1.10023        2.43128       -1.89569        2.29344        0.00000
5.148867        0.00053        0.00074        1.39693       -1.22842        1.24797        1.13952        2.51532       -1.89930        2.36053        0.00000
5.232614        0.00053        0.00075        1.41003       -1.27714        1.26624        1.17944        2.60072       -1.90296        2.42871        0.00000
5.317723        0.00053        0.00075        1.42335       -1.32665        1.28482        1.22002        2.68752       -1.90669        2.49801        0.00000
5.404216        0.00053        0.00076        1.43688       -1.37697        1.30370        1.26125        2.77573       -1.91047        2.56843        0.00000
5.492116        0.00053        0.00077        1.45064       -1.42811        1.32289        1.30316        2.86537       -1.91432        2.64000        0.00000
5.581446        0.00053        0.00078        1.46462       -1.48008        1.34239        1.34575        2.95647       -1.91823        2.71273        0.00000
5.672229        0.00053        0.00079        1.47882       -1.53289        1.36220        1.38903        3.04905       -1.92220        2.78664        0.00000
5.764488        0.00053        0.00079        1.49326       -1.58656        1.38234        1.43301        3.14313       -1.92624        2.86175        0.00000
5.858248        0.00053        0.00080        1.50793       -1.64111        1.40280        1.47771        3.23875       -1.93034        2.93809        0.00000
5.953533        0.00053        0.00081        1.52284       -1.69654        1.42360        1.52314        3.33592       -1.93451        3.01567        0.00000
6.050368        0.00053        0.00082        1.53799       -1.75287        1.44474        1.56930        3.43467       -1.93875        3.09451        0.00000
6.148778        0.00053        0.00083        1.55339       -1.81013        1.46622        1.61622        3.53503       -1.94306        3.17463        0.00000
6.248788        0.00053        0.00084        1.56904       -1.86831        1.48805        1.66390        3.63703       -1.94743        3.25606        0.00000
6.350425        0.00053        0.00084        1.58494       -1.92744        1.51023        1.71236        3.74068       -1.95188        3.33881        0.00000
6.453715        0.00053        0.00085        1.60111       -1.98753        1.53278        1.76160        3.84601       -1.95640        3.42291        0.00000
6.558686        0.00053        0.00086        1.61753       -2.04859        1.55569        1.81164        3.95306       -1.96100        3.50837        0.00000
6.665363        0.00053        0.00087        1.63423       -2.11065        1.57897        1.86250        4.06185       -1.96567        3.59523        0.00000
6.773776        0.00053        0.00088        1.65119       -2.17372        1.60264        1.91419        4.17241       -1.97041        3.68349        0.00000
6.883952        0.00053        0.00089        1.66843       -2.23782        1.62669        1.96671        4.28477       -1.97523        3.77320        0.00000
6.995920        0.00053        0.00090        1.68595       -2.30296        1.65112        2.02009        4.39896       -1.98013        3.86436        0.00000
7.109709        0.00053        0.00091        1.70376       -2.36916        1.67596        2.07434        4.51500       -1.98511        3.95700        0.00000
7.225349        0.00053        0.00092        1.72185       -2.43643        1.70120        2.12947        4.63293       -1.99017        4.05116        0.00000
7.342870        0.00050        0.00087        1.74551       -2.69731        1.72696        2.35416        4.74564       -1.99669        4.14184        0.00000
7.462303        0.00023        0.00044        1.90724       -6.18269        1.83366        5.42453        4.68819       -2.03542        4.11327        0.00000
7.583678        0.00016        0.00034        2.09798       -9.25559        2.01030        8.16316        4.62994       -2.07539        4.08347        0.00000
7.707027        0.00013        0.00029        2.32570      -12.66277        2.24407       11.22632        4.57096       -2.11709        4.05243        0.00000
7.832383        0.00010        0.00027        2.60158      -16.72907        2.54784       14.90790        4.51130       -2.16015        4.02018        0.00000
7.959777        0.00009        0.00025        2.94143      -21.80958        2.94647       19.53448        4.45128       -2.20343        3.98693        0.00000
8.089243        0.00007        0.00024        3.36882      -28.41716        3.48241       25.58055        4.39160       -2.24437        3.95323        0.00000
8.220816        0.00006        0.00024        3.92011      -37.38103        4.23007       33.81446        4.33396       -2.27733        3.92045        0.00000
8.354528        0.00005        0.00023        4.65445      -50.17139        5.33200       45.59762        4.28237       -2.28923        3.89197        0.00000
8.490415        0.00004        0.00024        5.67596      -69.71264        7.10543       63.63220        4.24692       -2.24599        3.87649        0.00000
8.628513        0.00003        0.00024        7.18975     -102.88388       10.46299       94.25012        4.25646       -2.03660        3.89927        0.00000
