x               rho            P              T              ur             uphi           uz             Br             Bphi           Bz             m
0.010000        0.99988        0.99989        1.00001        0.28393        0.98572       -0.00027        0.02234       -0.09235        1.00001        0.99990
0.010163        0.99988        0.99989        1.00001        0.28393        0.98572       -0.00027        0.02271       -0.09385        1.00001        0.99990
0.010328        0.99987        0.99988        1.00001        0.28393        0.98572       -0.00028        0.02308       -0.09537        1.00001        0.99989
0.010496        0.99986        0.99988        1.00001        0.28393        0.98572       -0.00028        0.02345       -0.09692        1.00002        0.99989
0.010667        0.99986        0.99987        1.00001        0.28394        0.98572       -0.00029        0.02383       -0.09850        1.00002        0.99988
0.010840        0.99985        0.99986        1.00001        0.28394        0.98572       -0.00029        0.02422       -0.10010        1.00002        0.99988
0.011016        0.99984        0.99986        1.00001        0.28394        0.98572       -0.00030        0.02462       -0.10173        1.00002        0.99987
0.011196        0.99984        0.99985        1.00001        0.28394        0.98572       -0.00030        0.02502       -0.10339        1.00002        0.99986
0.011378        0.99983        0.99985        1.00002        0.28394        0.98572       -0.00031        0.02542       -0.10507        1.00002        0.99986
0.011563        0.99982        0.99984        1.00002        0.28394        0.98572       -0.00031        0.02584       -0.10678        1.00002        0.99985
0.011751        0.99982        0.99983        1.00002        0.28394        0.98572       -0.00032        0.02626       -0.10851        1.00002        0.99985
0.011942        0.99981        0.99983        1.00002        0.28394        0.98572       -0.00032        0.02669       -0.11028        1.00002        0.99984
0.012136        0.99980        0.99982        1.00002        0.28394        0.98572       -0.00033        0.02712       -0.11207        1.00002        0.99984
0.012334        0.99979        0.99981        1.00002        0.28394        0.98572       -0.00033        0.02756       -0.11389        1.00002        0.99983
0.012534        0.99979        0.99980        1.00002        0.28394        0.98572       -0.00034        0.02801       -0.11575        1.00002        0.99982
0.012738        0.99978        0.99980        1.00002        0.28395        0.98572       -0.00034        0.02846       -0.11763        1.00002        0.99982
0.012945        0.99977        0.99979        1.00002        0.28395        0.98572       -0.00035        0.02893       -0.11954        1.00003        0.99981
0.013156        0.99976        0.99978        1.00002        0.28395        0.98572       -0.00036        0.02940       -0.12149        1.00003        0.99981
0.013370        0.99975        0.99978        1.00002        0.28395        0.98572       -0.00036        0.02988       -0.12346        1.00003        0.99980
0.013587        0.99974        0.99977        1.00002        0.28395        0.98572       -0.00037        0.03036       -0.12547        1.00003        0.99979
0.013808        0.99974        0.99976        1.00002        0.28395        0.98572       -0.00037        0.03086       -0.12751        1.00003        0.99979
0.014033        0.99973        0.99975        1.00002        0.28395        0.98572       -0.00038        0.03136       -0.12958        1.00003        0.99978
0.014261        0.99972        0.99974        1.00003        0.28395        0.98572       -0.00039        0.03187       -0.13169        1.00003        0.99977
0.014493        0.99971        0.99974        1.00003        0.28395        0.98572       -0.00039        0.03239       -0.13383        1.00003        0.99977
0.014729        0.99970        0.99973        1.00003        0.28396        0.98572       -0.00040        0.03291       -0.13601        1.00003        0.99976
0.014968        0.99969        0.99972        1.00003        0.28396        0.98572       -0.00041        0.03345       -0.13822        1.00003        0.99975
0.015212        0.99968        0.99971        1.00003        0.28396        0.98572       -0.00041        0.03399       -0.14047        1.00003        0.99974
0.015459        0.99967        0.99970        1.00003        0.28396        0.98572       -0.00042        0.03455       -0.14275        1.00004        0.99974
0.015711        0.99966        0.99969        1.00003        0.28396        0.98572       -0.00043        0.03511       -0.14508        1.00004        0.99973
0.015966        0.99965        0.99968        1.00003        0.28396        0.98572       -0.00043        0.03568       -0.14744        1.00004        0.99972
0.016226        0.99964        0.99968        1.00003        0.28396        0.98572       -0.00044        0.03626       -0.14983        1.00004        0.99971
0.016490        0.99963        0.99967        1.00003        0.28396        0.98572       -0.00045        0.03685       -0.15227        1.00004        0.99971
0.016758        0.99962        0.99966        1.00003        0.28397        0.98572       -0.00045        0.03745       -0.15475        1.00004        0.99970
0.017031        0.99961        0.99965        1.00003        0.28397        0.98572       -0.00046        0.03806       -0.15726        1.00004        0.99969
0.017308        0.99960        0.99964        1.00004        0.28397        0.98572       -0.00047        0.03868       -0.15982        1.00004        0.99968
0.017589        0.99959        0.99963        1.00004        0.28397        0.98572       -0.00048        0.03931       -0.16242        1.00004        0.99967
0.017875        0.99958        0.99962        1.00004        0.28397        0.98572       -0.00048        0.03995       -0.16506        1.00005        0.99966
0.018166        0.99957        0.99961        1.00004        0.28397        0.98572       -0.00049        0.04060       -0.16775        1.00005        0.99965
0.018461        0.99956        0.99960        1.00004        0.28397        0.98572       -0.00050        0.04126       -0.17048        1.00005        0.99965
0.018762        0.99955        0.99959        1.00004        0.28398        0.98572       -0.00051        0.04193       -0.17325        1.00005        0.99964
0.019067        0.99953        0.99958        1.00004        0.28398        0.98572       -0.00052        0.04261       -0.17607        1.00005        0.99963
0.019377        0.99952        0.99957        1.00004        0.28398        0.98572       -0.00052        0.04330       -0.17893        1.00005        0.99962
0.019692        0.99951        0.99955        1.00004        0.28398        0.98572       -0.00053        0.04401       -0.18184        1.00005        0.99961
0.020012        0.99950        0.99954        1.00004        0.28398        0.98572       -0.00054        0.04472       -0.18480        1.00005        0.99960
0.020338        0.99948        0.99953        1.00005        0.28398        0.98572       -0.00055        0.04545       -0.18780        1.00006        0.99958
0.020669        0.99946        0.99951        1.00005        0.28399        0.98572       -0.00056        0.04619       -0.19086        1.00006        0.99957
0.021005        0.99944        0.99949        1.00005        0.28399        0.98572       -0.00057        0.04694       -0.19396        1.00006        0.99955
0.021347        0.99942        0.99947        1.00005        0.28399        0.98572       -0.00058        0.04771       -0.19711        1.00006        0.99953
0.021694        0.99939        0.99945        1.00005        0.28400        0.98572       -0.00059        0.04848       -0.20032        1.00007        0.99952
0.022047        0.99937        0.99943        1.00006        0.28400        0.98572       -0.00060        0.04927       -0.20358        1.00007        0.99950
0.022405        0.99935        0.99941        1.00006        0.28400        0.98572       -0.00061        0.05008       -0.20689        1.00007        0.99948
0.022770        0.99933        0.99939        1.00006        0.28400        0.98572       -0.00062        0.05089       -0.21025        1.00007        0.99946
0.023140        0.99930        0.99936        1.00006        0.28401        0.98572       -0.00063        0.05172       -0.21367        1.00008        0.99944
0.023516        0.99928        0.99934        1.00006        0.28401        0.98572       -0.00064        0.05256       -0.21714        1.00008        0.99942
0.023899        0.99925        0.99932        1.00007        0.28401        0.98572       -0.00065        0.05342       -0.22068        1.00008        0.99941
0.024288        0.99923        0.99930        1.00007        0.28402        0.98572       -0.00066        0.05429       -0.22426        1.00008        0.99939
0.024683        0.99920        0.99927        1.00007        0.28402        0.98572       -0.00067        0.05517       -0.22791        1.00009        0.99937
0.025084        0.99918        0.99925        1.00007        0.28402        0.98572       -0.00068        0.05607       -0.23162        1.00009        0.99935
0.025492        0.99915        0.99923        1.00008        0.28403        0.98572       -0.00069        0.05698       -0.23538        1.00009        0.99933
0.025907        0.99913        0.99920        1.00008        0.28403        0.98572       -0.00070        0.05791       -0.23921        1.00010        0.99930
0.026328        0.99910        0.99918        1.00008        0.28403        0.98571       -0.00071        0.05885       -0.24310        1.00010        0.99928
0.026756        0.99907        0.99915        1.00008        0.28404        0.98571       -0.00072        0.05981       -0.24705        1.00010        0.99926
0.027192        0.99904        0.99913        1.00008        0.28404        0.98571       -0.00074        0.06078       -0.25107        1.00010        0.99924
0.027634        0.99902        0.99910        1.00009        0.28404        0.98571       -0.00075        0.06177       -0.25516        1.00011        0.99922
0.028083        0.99899        0.99908        1.00009        0.28405        0.98571       -0.00076        0.06277       -0.25930        1.00011        0.99920
0.028540        0.99896        0.99905        1.00009        0.28405        0.98571       -0.00077        0.06380       -0.26352        1.00011        0.99917
0.029004        0.99893        0.99902        1.00009        0.28405        0.98571       -0.00079        0.06483       -0.26781        1.00012        0.99915
0.029476        0.99890        0.99900        1.00010        0.28406        0.98571       -0.00080        0.06589       -0.27216        1.00012        0.99913
0.029955        0.99887        0.99897        1.00010        0.28406        0.98571       -0.00081        0.06696       -0.27659        1.00012        0.99910
0.030443        0.99883        0.99893        1.00010        0.28407        0.98571       -0.00082        0.06805       -0.28109        1.00013        0.99907
0.030938        0.99878        0.99889        1.00011        0.28407        0.98571       -0.00084        0.06916       -0.28565        1.00013        0.99904
0.031441        0.99874        0.99885        1.00011        0.28408        0.98571       -0.00085        0.07029       -0.29030        1.00014        0.99900
0.031952        0.99869        0.99881        1.00012        0.28408        0.98571       -0.00086        0.07143       -0.29502        1.00014        0.99896
0.032472        0.99865        0.99877        1.00012        0.28409        0.98571       -0.00088        0.07260       -0.29982        1.00015        0.99893
0.033000        0.99860        0.99872        1.00012        0.28410        0.98571       -0.00089        0.07378       -0.30469        1.00015        0.99889
0.033537        0.99855        0.99868        1.00013        0.28410        0.98571       -0.00091        0.07498       -0.30964        1.00016        0.99885
0.034083        0.99850        0.99864        1.00013        0.28411        0.98571       -0.00092        0.07620       -0.31468        1.00016        0.99882
0.034637        0.99846        0.99859        1.00014        0.28412        0.98571       -0.00094        0.07744       -0.31979        1.00017        0.99878
0.035200        0.99841        0.99855        1.00014        0.28412        0.98571       -0.00095        0.07870       -0.32499        1.00017        0.99874
0.035773        0.99835        0.99850        1.00015        0.28413        0.98571       -0.00097        0.07998       -0.33028        1.00018        0.99870
0.036355        0.99830        0.99845        1.00015        0.28413        0.98571       -0.00098        0.08129       -0.33565        1.00018        0.99866
0.036946        0.99825        0.99840        1.00016        0.28414        0.98571       -0.00100        0.08261       -0.34110        1.00019        0.99861
0.037547        0.99820        0.99836        1.00016        0.28415        0.98571       -0.00102        0.08396       -0.34665        1.00020        0.99857
0.038158        0.99814        0.99831        1.00016        0.28416        0.98571       -0.00103        0.08532       -0.35229        1.00020        0.99853
0.038778        0.99809        0.99826        1.00017        0.28416        0.98571       -0.00105        0.08671       -0.35801        1.00021        0.99849
0.039409        0.99803        0.99821        1.00017        0.28417        0.98571       -0.00107        0.08813       -0.36383        1.00021        0.99844
0.040050        0.99797        0.99815        1.00018        0.28418        0.98571       -0.00108        0.08956       -0.36975        1.00022        0.99840
0.040701        0.99790        0.99809        1.00019        0.28419        0.98571       -0.00110        0.09102       -0.37576        1.00023        0.99834
0.041363        0.99783        0.99802        1.00019        0.28420        0.98570       -0.00112        0.09250       -0.38187        1.00024        0.99828
0.042036        0.99775        0.99795        1.00020        0.28421        0.98570       -0.00114        0.09401       -0.38807        1.00024        0.99822
0.042720        0.99767        0.99788        1.00021        0.28422        0.98570       -0.00116        0.09554       -0.39438        1.00025        0.99816
0.043415        0.99759        0.99780        1.00021        0.28423        0.98570       -0.00118        0.09710       -0.40079        1.00026        0.99809
0.044121        0.99751        0.99773        1.00022        0.28424        0.98570       -0.00119        0.09868       -0.40731        1.00027        0.99803
0.044839        0.99743        0.99766        1.00023        0.28425        0.98570       -0.00121        0.10029       -0.41393        1.00028        0.99797
0.045568        0.99735        0.99758        1.00024        0.28426        0.98570       -0.00123        0.10193       -0.42065        1.00029        0.99790
0.046309        0.99726        0.99750        1.00024        0.28427        0.98570       -0.00125        0.10359       -0.42749        1.00030        0.99783
0.047062        0.99717        0.99742        1.00025        0.28428        0.98570       -0.00127        0.10528       -0.43444        1.00031        0.99777
0.047828        0.99709        0.99734        1.00026        0.28429        0.98570       -0.00130        0.10699       -0.44150        1.00032        0.99770
0.048606        0.99700        0.99726        1.00027        0.28430        0.98570       -0.00132        0.10874       -0.44868        1.00033        0.99763
0.049396        0.99691        0.99718        1.00027        0.28431        0.98570       -0.00134        0.11051       -0.45597        1.00034        0.99756
0.050200        0.99681        0.99709        1.00028        0.28432        0.98570       -0.00136        0.11231       -0.46338        1.00035        0.99748
0.051016        0.99670        0.99699        1.00029        0.28434        0.98570       -0.00138        0.11414       -0.47091        1.00036        0.99739
0.051846        0.99658        0.99689        1.00030        0.28435        0.98569       -0.00140        0.11601       -0.47856        1.00037        0.99730
0.052689        0.99647        0.99678        1.00031        0.28437        0.98569       -0.00143        0.11790       -0.48634        1.00038        0.99721
0.053546        0.99635        0.99667        1.00032        0.28438        0.98569       -0.00145        0.11982       -0.49424        1.00040        0.99711
0.054417        0.99623        0.99656        1.00033        0.28440        0.98569       -0.00147        0.12178       -0.50227        1.00041        0.99702
0.055302        0.99610        0.99645        1.00034        0.28442        0.98569       -0.00150        0.12377       -0.51043        1.00042        0.99692
0.056202        0.99598        0.99633        1.00036        0.28443        0.98569       -0.00152        0.12578       -0.51873        1.00044        0.99682
0.057116        0.99585        0.99622        1.00037        0.28445        0.98569       -0.00155        0.12784       -0.52715        1.00045        0.99672
0.058045        0.99572        0.99610        1.00038        0.28446        0.98569       -0.00157        0.12992       -0.53572        1.00046        0.99662
0.058989        0.99559        0.99598        1.00039        0.28448        0.98569       -0.00160        0.13204       -0.54443        1.00048        0.99652
0.059948        0.99546        0.99586        1.00040        0.28450        0.98569       -0.00162        0.13420       -0.55327        1.00049        0.99641
0.060923        0.99530        0.99571        1.00042        0.28452        0.98568       -0.00165        0.13639       -0.56226        1.00051        0.99629
0.061914        0.99514        0.99556        1.00043        0.28454        0.98568       -0.00168        0.13862       -0.57139        1.00053        0.99616
0.062921        0.99497        0.99541        1.00045        0.28456        0.98568       -0.00171        0.14088       -0.58067        1.00055        0.99603
0.063945        0.99480        0.99526        1.00046        0.28458        0.98568       -0.00173        0.14318       -0.59010        1.00057        0.99590
0.064985        0.99463        0.99510        1.00048        0.28460        0.98568       -0.00176        0.14552       -0.59968        1.00058        0.99576
0.066042        0.99446        0.99494        1.00049        0.28462        0.98568       -0.00179        0.14790       -0.60942        1.00060        0.99562
0.067116        0.99428        0.99478        1.00051        0.28465        0.98568       -0.00182        0.15032       -0.61932        1.00062        0.99548
0.068208        0.99410        0.99462        1.00052        0.28467        0.98567       -0.00185        0.15277       -0.62938        1.00064        0.99534
0.069317        0.99392        0.99445        1.00054        0.28469        0.98567       -0.00188        0.15527       -0.63961        1.00066        0.99520
0.070445        0.99372        0.99428        1.00056        0.28472        0.98567       -0.00191        0.15780       -0.64999        1.00068        0.99505
0.071590        0.99351        0.99408        1.00058        0.28474        0.98567       -0.00194        0.16039       -0.66054        1.00071        0.99488
0.072755        0.99329        0.99388        1.00059        0.28477        0.98567       -0.00197        0.16301       -0.67127        1.00073        0.99470
0.073938        0.99306        0.99367        1.00061        0.28480        0.98567       -0.00201        0.16568       -0.68216        1.00076        0.99452
0.075141        0.99283        0.99346        1.00063        0.28483        0.98566       -0.00204        0.16839       -0.69324        1.00078        0.99435
0.076363        0.99260        0.99325        1.00066        0.28486        0.98566       -0.00207        0.17114       -0.70449        1.00081        0.99416
0.077605        0.99237        0.99304        1.00068        0.28489        0.98566       -0.00211        0.17394       -0.71593        1.00083        0.99398
0.078867        0.99213        0.99282        1.00070        0.28492        0.98566       -0.00214        0.17679       -0.72755        1.00086        0.99379
0.080150        0.99188        0.99260        1.00072        0.28495        0.98566       -0.00218        0.17968       -0.73936        1.00088        0.99360
0.081454        0.99160        0.99234        1.00074        0.28498        0.98565       -0.00221        0.18263       -0.75136        1.00091        0.99338
0.082779        0.99132        0.99208        1.00077        0.28502        0.98565       -0.00225        0.18562       -0.76355        1.00095        0.99315
0.084125        0.99103        0.99182        1.00080        0.28506        0.98565       -0.00228        0.18866       -0.77594        1.00098        0.99292
0.085493        0.99074        0.99155        1.00082        0.28509        0.98565       -0.00232        0.19175       -0.78853        1.00101        0.99269
0.086884        0.99044        0.99128        1.00085        0.28513        0.98564       -0.00236        0.19490       -0.80132        1.00104        0.99246
0.088297        0.99014        0.99100        1.00088        0.28517        0.98564       -0.00240        0.19809       -0.81432        1.00108        0.99222
0.089733        0.98983        0.99072        1.00090        0.28521        0.98564       -0.00244        0.20133       -0.82754        1.00111        0.99198
0.091193        0.98949        0.99041        1.00093        0.28525        0.98564       -0.00248        0.20464       -0.84095        1.00115        0.99171
0.092676        0.98913        0.99009        1.00096        0.28529        0.98563       -0.00252        0.20800       -0.85459        1.00119        0.99143
0.094183        0.98877        0.98976        1.00100        0.28534        0.98563       -0.00256        0.21142       -0.86844        1.00123        0.99115
0.095715        0.98841        0.98942        1.00103        0.28539        0.98563       -0.00260        0.21489       -0.88253        1.00127        0.99086
0.097272        0.98803        0.98908        1.00106        0.28543        0.98562       -0.00265        0.21841       -0.89684        1.00131        0.99056
0.098854        0.98766        0.98874        1.00110        0.28548        0.98562       -0.00269        0.22200       -0.91138        1.00135        0.99026
0.100462        0.98726        0.98838        1.00113        0.28553        0.98562       -0.00273        0.22565       -0.92616        1.00139        0.98995
0.102096        0.98683        0.98799        1.00117        0.28558        0.98561       -0.00278        0.22936       -0.94116        1.00144        0.98962
0.103757        0.98639        0.98759        1.00121        0.28564        0.98561       -0.00282        0.23313       -0.95641        1.00149        0.98927
0.105444        0.98595        0.98718        1.00125        0.28569        0.98561       -0.00287        0.23697       -0.97190        1.00154        0.98892
0.107159        0.98549        0.98677        1.00129        0.28575        0.98560       -0.00292        0.24087       -0.98765        1.00159        0.98856
0.108902        0.98503        0.98635        1.00133        0.28580        0.98560       -0.00296        0.24483       -1.00366        1.00164        0.98820
0.110674        0.98455        0.98591        1.00137        0.28586        0.98560       -0.00301        0.24886       -1.01991        1.00169        0.98782
0.112474        0.98403        0.98543        1.00142        0.28593        0.98559       -0.00306        0.25296       -1.03642        1.00175        0.98741
0.114303        0.98351        0.98495        1.00147        0.28599        0.98559       -0.00311        0.25714       -1.05320        1.00181        0.98700
0.116162        0.98297        0.98446        1.00152        0.28606        0.98558       -0.00317        0.26138       -1.07025        1.00187        0.98657
0.118052        0.98243        0.98396        1.00157        0.28613        0.98558       -0.00322        0.26568       -1.08758        1.00193        0.98614
0.119972        0.98187        0.98346        1.00162        0.28619        0.98557       -0.00327        0.27006       -1.10519        1.00199        0.98571
0.121923        0.98127        0.98291        1.00167        0.28627        0.98557       -0.00332        0.27453       -1.12307        1.00206        0.98523
0.123906        0.98064        0.98234        1.00173        0.28634        0.98556       -0.00338        0.27907       -1.14123        1.00213        0.98474
0.125922        0.98001        0.98176        1.00178        0.28642        0.98556       -0.00344        0.28368       -1.15969        1.00220        0.98425
0.127970        0.97937        0.98118        1.00184        0.28650        0.98555       -0.00349        0.28837       -1.17845        1.00227        0.98374
0.130051        0.97872        0.98058        1.00190        0.28658        0.98555       -0.00355        0.29313       -1.19752        1.00234        0.98323
0.132166        0.97801        0.97993        1.00197        0.28666        0.98554       -0.00361        0.29799       -1.21687        1.00242        0.98267
0.134316        0.97729        0.97927        1.00203        0.28675        0.98554       -0.00367        0.30293       -1.23653        1.00251        0.98210
0.136501        0.97655        0.97860        1.00210        0.28684        0.98553       -0.00373        0.30795       -1.25651        1.00259        0.98152
0.138721        0.97580        0.97792        1.00217        0.28693        0.98552       -0.00379        0.31305       -1.27682        1.00267        0.98093
0.140977        0.97502        0.97720        1.00224        0.28703        0.98552       -0.00385        0.31825       -1.29744        1.00276        0.98031
0.143270        0.97420        0.97645        1.00231        0.28712        0.98551       -0.00392        0.32354       -1.31838        1.00285        0.97966
0.145601        0.97335        0.97568        1.00239        0.28723        0.98550       -0.00398        0.32891       -1.33966        1.00295        0.97900
0.147969        0.97250        0.97490        1.00247        0.28733        0.98549       -0.00405        0.33438       -1.36129        1.00305        0.97833
0.150376        0.97163        0.97410        1.00255        0.28743        0.98549       -0.00412        0.33994       -1.38327        1.00315        0.97764
0.152821        0.97068        0.97324        1.00263        0.28754        0.98548       -0.00418        0.34560       -1.40556        1.00325        0.97690
0.155307        0.96973        0.97237        1.00272        0.28766        0.98547       -0.00425        0.35137       -1.42823        1.00336        0.97615
0.157833        0.96876        0.97148        1.00281        0.28777        0.98546       -0.00433        0.35722       -1.45125        1.00347        0.97538
0.160400        0.96776        0.97057        1.00290        0.28789        0.98545       -0.00440        0.36317       -1.47465        1.00359        0.97460
0.163009        0.96670        0.96960        1.00300        0.28801        0.98545       -0.00447        0.36925       -1.49839        1.00371        0.97376
0.165661        0.96562        0.96861        1.00310        0.28814        0.98544       -0.00455        0.37543       -1.52252        1.00383        0.97291
0.168355        0.96452        0.96760        1.00320        0.28827        0.98543       -0.00462        0.38170       -1.54704        1.00396        0.97204
0.171093        0.96338        0.96656        1.00331        0.28840        0.98542       -0.00470        0.38809       -1.57194        1.00409        0.97114
0.173876        0.96218        0.96546        1.00342        0.28854        0.98541       -0.00478        0.39460       -1.59721        1.00423        0.97020
0.176704        0.96096        0.96435        1.00353        0.28868        0.98540       -0.00486        0.40122       -1.62290        1.00437        0.96924
0.179578        0.95972        0.96321        1.00365        0.28882        0.98539       -0.00494        0.40795       -1.64900        1.00452        0.96826
0.182499        0.95840        0.96201        1.00377        0.28897        0.98537       -0.00502        0.41482       -1.67548        1.00467        0.96723
0.185468        0.95705        0.96078        1.00389        0.28912        0.98536       -0.00511        0.42180       -1.70238        1.00483        0.96616
0.188484        0.95568        0.95953        1.00402        0.28928        0.98535       -0.00519        0.42890       -1.72972        1.00499        0.96509
0.191550        0.95426        0.95822        1.00415        0.28944        0.98534       -0.00528        0.43613       -1.75747        1.00515        0.96396
0.194666        0.95277        0.95686        1.00429        0.28960        0.98533       -0.00537        0.44350       -1.78563        1.00533        0.96279
0.197832        0.95126        0.95548        1.00444        0.28977        0.98531       -0.00546        0.45100       -1.81426        1.00551        0.96160
0.201050        0.94970        0.95405        1.00458        0.28994        0.98530       -0.00555        0.45862       -1.84333        1.00569        0.96038
0.204320        0.94807        0.95256        1.00474        0.29012        0.98528       -0.00564        0.46640       -1.87282        1.00589        0.95909
0.207643        0.94641        0.95104        1.00489        0.29030        0.98527       -0.00574        0.47431       -1.90279        1.00608        0.95778
0.211020        0.94470        0.94948        1.00506        0.29049        0.98525       -0.00583        0.48236       -1.93323        1.00629        0.95644
0.214453        0.94291        0.94784        1.00523        0.29068        0.98524       -0.00593        0.49058       -1.96410        1.00650        0.95503
0.217941        0.94109        0.94617        1.00540        0.29087        0.98522       -0.00603        0.49893       -1.99547        1.00672        0.95360
0.221486        0.93921        0.94445        1.00558        0.29107        0.98521       -0.00613        0.50744       -2.02732        1.00695        0.95212
0.225088        0.93725        0.94266        1.00577        0.29127        0.98519       -0.00624        0.51611       -2.05963        1.00718        0.95058
0.228749        0.93526        0.94084        1.00596        0.29148        0.98517       -0.00634        0.52493       -2.09246        1.00743        0.94901
0.232470        0.93319        0.93894        1.00616        0.29169        0.98515       -0.00645        0.53393       -2.12576        1.00768        0.94738
0.236251        0.93106        0.93698        1.00636        0.29191        0.98513       -0.00656        0.54310       -2.15957        1.00794        0.94569
0.240093        0.92888        0.93499        1.00657        0.29212        0.98511       -0.00667        0.55242       -2.19392        1.00821        0.94399
0.243999        0.92660        0.93289        1.00680        0.29235        0.98509       -0.00679        0.56195       -2.22872        1.00849        0.94218
0.247967        0.92427        0.93076        1.00702        0.29258        0.98507       -0.00690        0.57163       -2.26409        1.00878        0.94035
0.252000        0.92187        0.92856        1.00726        0.29281        0.98505       -0.00702        0.58151       -2.29997        1.00908        0.93846
0.256099        0.91938        0.92628        1.00750        0.29304        0.98503       -0.00714        0.59158       -2.33636        1.00939        0.93650
0.260265        0.91685        0.92396        1.00775        0.29328        0.98500       -0.00726        0.60182       -2.37335        1.00971        0.93450
0.264498        0.91420        0.92152        1.00802        0.29352        0.98498       -0.00738        0.61229       -2.41079        1.01004        0.93241
0.268800        0.91150        0.91905        1.00828        0.29376        0.98495       -0.00751        0.62294       -2.44885        1.01039        0.93029
0.273172        0.90870        0.91648        1.00856        0.29401        0.98493       -0.00764        0.63381       -2.48742        1.01074        0.92808
0.277615        0.90582        0.91384        1.00885        0.29426        0.98490       -0.00777        0.64488       -2.52657        1.01111        0.92581
0.282131        0.90286        0.91112        1.00915        0.29451        0.98487       -0.00790        0.65617       -2.56627        1.01149        0.92348
0.286720        0.89980        0.90832        1.00946        0.29476        0.98484       -0.00803        0.66769       -2.60653        1.01189        0.92106
0.291383        0.89667        0.90544        1.00978        0.29501        0.98481       -0.00817        0.67942       -2.64739        1.01230        0.91859
0.296123        0.89342        0.90246        1.01011        0.29526        0.98478       -0.00831        0.69141       -2.68878        1.01273        0.91603
0.300939        0.89011        0.89941        1.01045        0.29551        0.98475       -0.00845        0.70360       -2.73081        1.01317        0.91341
0.305834        0.88666        0.89624        1.01081        0.29576        0.98472       -0.00859        0.71608       -2.77334        1.01363        0.91069
0.310808        0.88315        0.89301        1.01117        0.29601        0.98468       -0.00874        0.72877       -2.81654        1.01410        0.90791
0.315864        0.87950        0.88966        1.01155        0.29625        0.98465       -0.00889        0.74175       -2.86024        1.01459        0.90503
0.321001        0.87578        0.88624        1.01194        0.29649        0.98461       -0.00904        0.75495       -2.90461        1.01509        0.90208
0.326222        0.87192        0.88268        1.01235        0.29673        0.98457       -0.00919        0.76846       -2.94950        1.01562        0.89903
0.331528        0.86797        0.87905        1.01277        0.29695        0.98454       -0.00935        0.78222       -2.99505        1.01617        0.89591
0.336921        0.86389        0.87530        1.01321        0.29717        0.98449       -0.00951        0.79628       -3.04114        1.01674        0.89268
0.342401        0.85971        0.87145        1.01366        0.29738        0.98445       -0.00967        0.81062       -3.08785        1.01732        0.88936
0.347970        0.85541        0.86749        1.01412        0.29758        0.98441       -0.00983        0.82525       -3.13515        1.01793        0.88595
0.353630        0.85098        0.86341        1.01461        0.29776        0.98436       -0.00999        0.84020       -3.18302        1.01856        0.88243
0.359381        0.84645        0.85923        1.01511        0.29793        0.98432       -0.01016        0.85543       -3.23154        1.01921        0.87883
0.365227        0.84176        0.85492        1.01563        0.29807        0.98427       -0.01033        0.87102       -3.28055        1.01989        0.87511
0.371167        0.83697        0.85050        1.01616        0.29820        0.98422       -0.01050        0.88689       -3.33024        1.02060        0.87130
0.377204        0.83204        0.84595        1.01672        0.29829        0.98417       -0.01067        0.90313       -3.38043        1.02133        0.86736
0.383340        0.82697        0.84128        1.01730        0.29836        0.98412       -0.01084        0.91970       -3.43122        1.02208        0.86332
0.389575        0.82179        0.83649        1.01789        0.29841        0.98406       -0.01102        0.93659       -3.48264        1.02287        0.85918
0.395911        0.81644        0.83156        1.01851        0.29840        0.98401       -0.01119        0.95388       -3.53448        1.02368        0.85491
0.402351        0.81098        0.82651        1.01915        0.29836        0.98395       -0.01137        0.97151       -3.58696        1.02453        0.85053
0.408895        0.80537        0.82132        1.01981        0.29828        0.98389       -0.01155        0.98951       -3.63998        1.02540        0.84603
0.415546        0.79960        0.81600        1.02051        0.29813        0.98383       -0.01173        1.00791       -3.69344        1.02631        0.84139
0.422304        0.79371        0.81055        1.02122        0.29794        0.98376       -0.01191        1.02667       -3.74748        1.02725        0.83665
0.429173        0.78767        0.80496        1.02196        0.29768        0.98370       -0.01208        1.04583       -3.80202        1.02823        0.83177
0.436154        0.78147        0.79922        1.02272        0.29733        0.98363       -0.01226        1.06541       -3.85692        1.02924        0.82676
0.443248        0.77513        0.79336        1.02352        0.29691        0.98356       -0.01244        1.08538       -3.91234        1.03029        0.82162
0.450457        0.76865        0.78735        1.02434        0.29641        0.98349       -0.01261        1.10575       -3.96826        1.03138        0.81635
0.457784        0.76200        0.78120        1.02520        0.29578        0.98342       -0.01278        1.12657       -4.02441        1.03251        0.81093
0.465230        0.75521        0.77490        1.02608        0.29504        0.98334       -0.01295        1.14780       -4.08096        1.03369        0.80537
0.472797        0.74827        0.76847        1.02700        0.29419        0.98327       -0.01312        1.16945       -4.13789        1.03490        0.79968
0.480487        0.74119        0.76191        1.02795        0.29321        0.98319       -0.01328        1.19152       -4.19518        1.03615        0.79384
0.488302        0.73395        0.75519        1.02894        0.29204        0.98311       -0.01343        1.21404       -4.25257        1.03746        0.78785
0.496244        0.72657        0.74834        1.02997        0.29069        0.98303       -0.01358        1.23699       -4.31016        1.03881        0.78171
0.504316        0.71904        0.74135        1.03103        0.28916        0.98295       -0.01372        1.26037       -4.36794        1.04021        0.77542
0.512519        0.71137        0.73423        1.03213        0.28742        0.98286       -0.01384        1.28416       -4.42587        1.04165        0.76898
0.520855        0.70356        0.72697        1.03327        0.28545        0.98278       -0.01396        1.30838       -4.48386        1.04315        0.76239
0.529327        0.69562        0.71959        1.03446        0.28321        0.98270       -0.01406        1.33300       -4.54174        1.04469        0.75564
0.537936        0.68755        0.71208        1.03569        0.28065        0.98261       -0.01414        1.35802       -4.59945        1.04629        0.74873
0.546686        0.67935        0.70446        1.03697        0.27777        0.98253       -0.01421        1.38341       -4.65698        1.04794        0.74165
0.555578        0.67103        0.69673        1.03830        0.27453        0.98245       -0.01425        1.40915       -4.71425        1.04964        0.73442
0.564614        0.66261        0.68889        1.03967        0.27091        0.98236       -0.01427        1.43522       -4.77117        1.05139        0.72702
0.573798        0.65408        0.68096        1.04110        0.26685        0.98229       -0.01426        1.46158       -4.82761        1.05320        0.71946
0.583131        0.64546        0.67294        1.04258        0.26231        0.98221       -0.01422        1.48820       -4.88347        1.05505        0.71174
0.592615        0.63675        0.66484        1.04411        0.25725        0.98214       -0.01414        1.51501       -4.93860        1.05694        0.70384
0.602254        0.62798        0.65668        1.04571        0.25160        0.98207       -0.01402        1.54197       -4.99287        1.05889        0.69578
0.612050        0.61916        0.64848        1.04736        0.24531        0.98202       -0.01386        1.56899       -5.04612        1.06087        0.68756
0.622005        0.61029        0.64024        1.04907        0.23832        0.98197       -0.01364        1.59600       -5.09820        1.06290        0.67916
0.632122        0.60141        0.63198        1.05085        0.23056        0.98193       -0.01336        1.62289       -5.14893        1.06495        0.67060
0.642403        0.59252        0.62374        1.05269        0.22197        0.98190       -0.01302        1.64955       -5.19811        1.06703        0.66187
0.652852        0.58366        0.61552        1.05459        0.21246        0.98189       -0.01260        1.67584       -5.24555        1.06913        0.65297
0.663471        0.57484        0.60735        1.05657        0.20197        0.98189       -0.01210        1.70162       -5.29104        1.07123        0.64391
0.674262        0.56609        0.59926        1.05861        0.19042        0.98192       -0.01150        1.72670       -5.33434        1.07333        0.63468
0.685229        0.55743        0.59128        1.06072        0.17773        0.98197       -0.01081        1.75089       -5.37522        1.07540        0.62529
0.696374        0.54890        0.58343        1.06291        0.16382        0.98204       -0.01001        1.77397       -5.41343        1.07744        0.61574
0.707701        0.54052        0.57574        1.06517        0.14862        0.98215       -0.00909        1.79568       -5.44869        1.07942        0.60602
0.719212        0.53234        0.56826        1.06749        0.13205        0.98229       -0.00804        1.81575       -5.48072        1.08132        0.59615
0.730910        0.52439        0.56105        1.06990        0.11397        0.98247       -0.00685        1.83372       -5.50897        1.08311        0.58612
0.742798        0.51674        0.55414        1.07237        0.09431        0.98269       -0.00549        1.84915       -5.53303        1.08474        0.57594
0.754880        0.50940        0.54755        1.07491        0.07308        0.98296       -0.00398        1.86179       -5.55283        1.08620        0.56562
0.767158        0.50239        0.54134        1.07752        0.05025        0.98329       -0.00229        1.87124       -5.56804        1.08743        0.55514
0.779636        0.49577        0.53553        1.08020        0.02581        0.98366       -0.00043        1.87704       -5.57830        1.08841        0.54453
0.792317        0.48964        0.53025        1.08294       -0.00044        0.98410        0.00164        1.87803       -5.58243        1.08903        0.53379
0.805204        0.48401        0.52550        1.08573       -0.02832        0.98460        0.00391        1.87404       -5.58059        1.08925        0.52291
0.818301        0.47888        0.52129        1.08857       -0.05775        0.98516        0.00637        1.86465       -5.57254        1.08904        0.51191
0.831610        0.47434        0.51772        1.09145       -0.08877        0.98580        0.00903        1.84867       -5.55730        1.08828        0.50079
0.845137        0.47047        0.51486        1.09436       -0.12125        0.98649        0.01191        1.82519       -5.53421        1.08687        0.48956
0.858883        0.46720        0.51265        1.09729       -0.15496        0.98725        0.01497        1.79419       -5.50358        1.08480        0.47822
0.872853        0.46467        0.51124        1.10021       -0.18982        0.98808        0.01823        1.75373       -5.46381        1.08185        0.46680
0.887050        0.46285        0.51058        1.10313       -0.22555        0.98896        0.02166        1.70360       -5.41502        1.07799        0.45528
0.901478        0.46173        0.51068        1.10601       -0.26188        0.98989        0.02525        1.64291       -5.35670        1.07311        0.44368
0.916140        0.46139        0.51160        1.10883       -0.29851        0.99088        0.02897        1.56992       -5.28761        1.06701        0.43201
0.931041        0.46172        0.51324        1.11158       -0.33514        0.99189        0.03280        1.48489       -5.20830        1.05967        0.42028
0.946185        0.46278        0.51563        1.11420       -0.37127        0.99294        0.03670        1.38530       -5.11700        1.05081        0.40851
0.961575        0.46443        0.51863        1.11669       -0.40662        0.99401        0.04063        1.27176       -5.01453        1.04044        0.39668
0.977215        0.46666        0.52219        1.11899       -0.44059        0.99508        0.04455        1.14208       -4.89957        1.02829        0.38484
0.993109        0.46932        0.52614        1.12107       -0.47277        0.99616        0.04840        0.99617       -4.77248        1.01430        0.37297
1.009262        0.47227        0.53031        1.12289       -0.50268        0.99724        0.05214        0.83347       -4.63334        0.99835        0.36110
1.025678        0.47536        0.53448        1.12438       -0.52943        0.99830        0.05566        0.65212       -4.48153        0.98016        0.34924
1.042361        0.47836        0.53841        1.12553       -0.55273        0.99933        0.05892        0.45325       -4.31853        0.95981        0.33740
1.059315        0.48105        0.54179        1.12626       -0.57173        1.00034        0.06182        0.23608       -4.14476        0.93712        0.32558
1.076545        0.48312        0.54424        1.12650       -0.58531        1.00129        0.06421        0.00015       -3.96131        0.91196        0.31383
1.094055        0.48431        0.54545        1.12623       -0.59289        1.00218        0.06601       -0.25280       -3.77049        0.88445        0.30212
1.111850        0.48434        0.54507        1.12539       -0.59341        1.00298        0.06708       -0.52165       -3.57457        0.85465        0.29049
1.129934        0.48291        0.54275        1.12393       -0.58563        1.00365        0.06722       -0.80441       -3.37657        0.82269        0.27894
1.148312        0.47968        0.53809        1.12177       -0.56780        1.00410        0.06621       -1.09790       -3.18066        0.78885        0.26751
1.166990        0.47457        0.53100        1.11891       -0.53908        1.00427        0.06388       -1.39695       -2.99116        0.75370        0.25619
1.185971        0.46754        0.52147        1.11533       -0.49837        1.00401        0.06004       -1.69525       -2.81294        0.71794        0.24500
1.205261        0.45871        0.50965        1.11104       -0.44499        1.00318        0.05454       -1.98458       -2.65111        0.68255        0.23396
1.224865        0.44842        0.49598        1.10604       -0.37910        1.00159        0.04732       -2.25480       -2.51057        0.64878        0.22308
1.244787        0.43722        0.48112        1.10041       -0.30204        0.99905        0.03847       -2.49417       -2.39550        0.61816        0.21237
1.265034        0.42584        0.46596        1.09421       -0.21648        0.99542        0.02826       -2.69005       -2.30881        0.59240        0.20184
1.285610        0.41510        0.45146        1.08757       -0.12622        0.99064        0.01710       -2.82992       -2.25180        0.57330        0.19153
1.306520        0.40578        0.43850        1.08064       -0.03565        0.98478        0.00555       -2.90247       -2.22419        0.56256        0.18142
1.327771        0.39844        0.42777        1.07359        0.05101        0.97802       -0.00586       -2.89847       -2.22432        0.56171        0.17154
1.349367        0.39334        0.41954        1.06662        0.13024        0.97066       -0.01664       -2.81127       -2.24969        0.57200        0.16190
1.371315        0.39033        0.41373        1.05994        0.19904        0.96305       -0.02633       -2.63485       -2.29771        0.59466        0.15252
1.393619        0.38876        0.40966        1.05377        0.25537        0.95557       -0.03460       -2.36888       -2.36475        0.63019        0.14340
1.416287        0.38751        0.40624        1.04833        0.29776        0.94856       -0.04115       -2.01758       -2.44671        0.67844        0.13455
1.439323        0.38524        0.40211        1.04380        0.32477        0.94233       -0.04568       -1.58806       -2.53936        0.73883        0.12598
1.462733        0.38030        0.39567        1.04043        0.33448        0.93724       -0.04781       -1.09040       -2.63774        0.81035        0.11771
1.486525        0.37144        0.38568        1.03834        0.32711        0.93354       -0.04744       -0.54573       -2.73596        0.89024        0.10974
1.510703        0.35797        0.37145        1.03764        0.30387        0.93148       -0.04464        0.02166       -2.82842        0.97510        0.10206
1.535275        0.33978        0.35285        1.03847        0.26702        0.93137       -0.03963        0.58267       -2.90958        1.06074        0.09471
1.560246        0.31814        0.33109        1.04072        0.22173        0.93323       -0.03311        1.11045       -2.97709        1.14286        0.08765
1.585624        0.29456        0.30764        1.04443        0.17283        0.93721       -0.02577        1.57600       -3.02872        1.21687        0.08094
1.611414        0.27102        0.28441        1.04939        0.12511        0.94308       -0.01837        1.96584       -3.06633        1.28018        0.07453
1.637624        0.24924        0.26306        1.05549        0.08190        0.95071       -0.01145        2.26579       -3.09132        1.33015        0.06844
1.664260        0.23040        0.24479        1.06251        0.04479        0.95977       -0.00532        2.47321       -3.10639        1.36580        0.06268
1.691330        0.21512        0.23022        1.07020        0.01396        0.96993       -0.00008        2.58897       -3.11387        1.38675        0.05724
1.718839        0.20370        0.21966        1.07835       -0.01092        0.98085        0.00429        2.61217       -3.11541        1.39231        0.05211
1.746796        0.19600        0.21298        1.08667       -0.03065        0.99211        0.00786        2.54418       -3.11236        1.38213        0.04730
1.775208        0.19151        0.20967        1.09486       -0.04597        1.00331        0.01072        2.38624       -3.10567        1.35588        0.04280
1.804082        0.18952        0.20896        1.10261       -0.05723        1.01398        0.01290        2.13795       -3.09599        1.31290        0.03860
1.833425        0.18899        0.20970        1.10954       -0.06443        1.02359        0.01439        1.80071       -3.08390        1.25285        0.03469
1.863246        0.18858        0.21032        1.11529       -0.06729        1.03162        0.01511        1.38086       -3.07015        1.17631        0.03107
1.893552        0.18674        0.20905        1.11950       -0.06552        1.03754        0.01499        0.89323       -3.05577        1.08548        0.02773
1.924351        0.18214        0.20434        1.12187       -0.05928        1.04091        0.01405        0.36294       -3.04198        0.98468        0.02465
1.955651        0.17409        0.19537        1.12223       -0.04947        1.04144        0.01243       -0.17645       -3.02997        0.88011        0.02183
1.987460        0.16286        0.18249        1.12053       -0.03765        1.03909        0.01042       -0.68914       -3.02053        0.77874        0.01926
2.019786        0.14952        0.16700        1.11690       -0.02554        1.03402        0.00835       -1.14493       -3.01384        0.68677        0.01692
2.052638        0.13553        0.15064        1.11155       -0.01454        1.02653        0.00651       -1.52256       -3.00962        0.60890        0.01480
2.086024        0.12222        0.13503        1.10483       -0.00536        1.01713        0.00502       -1.81647       -3.00719        0.54684        0.01289
2.119953        0.11045        0.12117        1.09707        0.00184        1.00631        0.00393       -2.02935       -3.00595        0.50063        0.01117
2.154435        0.10072        0.10964        1.08858        0.00717        0.99451        0.00320       -2.16603       -3.00543        0.46979        0.00964
2.189477        0.09301        0.10042        1.07965        0.01093        0.98217        0.00274       -2.23818       -3.00525        0.45239        0.00828
2.225089        0.08726        0.09341        1.07054        0.01335        0.96965        0.00251       -2.25209       -3.00523        0.44752        0.00708
2.261280        0.08316        0.08827        1.06147        0.01468        0.95725        0.00243       -2.21610       -3.00523        0.45378        0.00602
2.298060        0.08046        0.08469        1.05263        0.01509        0.94524        0.00247       -2.13423       -3.00520        0.47064        0.00509
2.335438        0.07882        0.08230        1.04419        0.01478        0.93385        0.00262       -2.01059       -3.00511        0.49755        0.00428
2.373424        0.07787        0.08070        1.03632        0.01391        0.92327        0.00284       -1.84837       -3.00496        0.53409        0.00358
2.412028        0.07723        0.07948        1.02916        0.01262        0.91369        0.00316       -1.65064       -3.00477        0.57988        0.00297
2.451260        0.07648        0.07823        1.02284        0.01104        0.90526        0.00356       -1.42146       -3.00456        0.63425        0.00246
2.491130        0.07521        0.07653        1.01749        0.00928        0.89812        0.00406       -1.16668       -3.00435        0.69605        0.00202
2.531648        0.07306        0.07402        1.01320        0.00739        0.89238        0.00469       -0.89423       -3.00418        0.76353        0.00165
2.572826        0.06980        0.07050        1.01003        0.00543        0.88810        0.00547       -0.61393       -3.00406        0.83437        0.00133
2.614673        0.06538        0.06591        1.00801        0.00339        0.88530        0.00644       -0.33659       -3.00402        0.90585        0.00107
2.657201        0.05997        0.06040        1.00714        0.00125        0.88395        0.00766       -0.07267       -3.00407        0.97521        0.00086
2.700421        0.05387        0.05427        1.00736       -0.00104        0.88396        0.00918        0.16904       -3.00422        1.03999        0.00068
2.744343        0.04747        0.04788        1.00860       -0.00357        0.88524        0.01108        0.38189       -3.00448        1.09821        0.00054
2.788980        0.04114        0.04158        1.01075       -0.00641        0.88761        0.01344        0.56339       -3.00484        1.14889        0.00042
2.834343        0.03519        0.03567        1.01373       -0.00968        0.89094        0.01637        0.71266       -3.00531        1.19150        0.00032
2.880444        0.02980        0.03032        1.01739       -0.01348        0.89504        0.01996        0.83186       -3.00586        1.22635        0.00024
2.927295        0.02509        0.02563        1.02164       -0.01786        0.89975        0.02433        0.91984       -3.00649        1.25283        0.00000
2.974908        0.02105        0.02161        1.02639       -0.02296        0.90493        0.02959        0.98870       -3.00721        1.27417        0.00000
3.023295        0.01764        0.01820        1.03155       -0.02887        0.91044        0.03587        1.03810       -3.00800        1.29009        0.00000
3.072469        0.01480        0.01535        1.03706       -0.03565        0.91617        0.04330        1.07151       -3.00886        1.30144        0.00000
3.122443        0.01246        0.01299        1.04286       -0.04335        0.92201        0.05197        1.09203       -3.00980        1.30902        0.00000
3.173230        0.01052        0.01104        1.04889       -0.05202        0.92788        0.06199        1.10229       -3.01083        1.31351        0.00000
3.224842        0.00893        0.00942        1.05512       -0.06169        0.93367        0.07347        1.10444       -3.01193        1.31548        0.00000
3.277295        0.00762        0.00808        1.06151       -0.07236        0.93934        0.08651        1.10024       -3.01313        1.31542        0.00000
3.330600        0.00653        0.00698        1.06803       -0.08404        0.94480        0.10119        1.09107       -3.01443        1.31372        0.00000
3.384773        0.00563        0.00605        1.07466       -0.09676        0.94999        0.11764        1.07802       -3.01584        1.31066        0.00000
3.439826        0.00488        0.00527        1.08138       -0.11053        0.95485        0.13599        1.06199       -3.01737        1.30652        0.00000
3.495776        0.00424        0.00462        1.08818       -0.12545        0.95929        0.15645        1.04366       -3.01905        1.30150        0.00000
3.552635        0.00370        0.00405        1.09503       -0.14168        0.96321        0.17935        1.02362       -3.02090        1.29577        0.00000
3.610419        0.00323        0.00356        1.10194       -0.15956        0.96643        0.20526        1.00237       -3.02299        1.28948        0.00000
3.669142        0.00282        0.00312        1.10887       -0.17987        0.96866        0.23537        0.98035       -3.02543        1.28279        0.00000
3.728821        0.00254        0.00283        1.11563       -0.21785        0.97171        0.27162        1.03708       -3.02734        1.31394        0.00000
3.789471        0.00251        0.00281        1.12198       -0.28807        0.97953        0.30990        1.27053       -3.02709        1.43025        0.00000
3.851107        0.00248        0.00279        1.12844       -0.35944        0.98748        0.34881        1.50778       -3.02684        1.54845        0.00000
3.913746        0.00245        0.00277        1.13500       -0.43197        0.99555        0.38835        1.74888       -3.02658        1.66858        0.00000
3.977403        0.00242        0.00275        1.14168       -0.50567        1.00376        0.42853        1.99391       -3.02632        1.79066        0.00000
4.042096        0.00239        0.00273        1.14845       -0.58058        1.01210        0.46937        2.24292       -3.02606        1.91473        0.00000
4.107841        0.00236        0.00271        1.15534       -0.65670        1.02058        0.51087        2.49598       -3.02579        2.04082        0.00000
4.174655        0.00232        0.00268        1.16234       -0.73406        1.02919        0.55305        2.75316       -3.02552        2.16895        0.00000
4.242556        0.00229        0.00266        1.16946       -0.81268        1.03794        0.59591        3.01452       -3.02524        2.29917        0.00000
4.311562        0.00226        0.00264        1.17669       -0.89258        1.04684        0.63947        3.28013       -3.02495        2.43151        0.00000
4.381690        0.00222        0.00261        1.18404       -0.97378        1.05588        0.68373        3.55006       -3.02467        2.56600        0.00000
4.452959        0.00219        0.00259        1.19151       -1.05630        1.06507        0.72872        3.82438       -3.02438        2.70268        0.00000
4.525386        0.00215        0.00256        1.19910       -1.14016        1.07441        0.77444        4.10317       -3.02408        2.84158        0.00000
4.598992        0.00212        0.00254        1.20681       -1.22539        1.08390        0.82090        4.38649       -3.02378        2.98274        0.00000
4.673795        0.00208        0.00251        1.21465       -1.31200        1.09354        0.86812        4.67441       -3.02347        3.12619        0.00000
4.749815        0.00204        0.00249        1.22261       -1.40002        1.10334        0.91611        4.96702       -3.02316        3.27198        0.00000
4.827071        0.00200        0.00246        1.23071       -1.48947        1.11330        0.96487        5.26439       -3.02284        3.42014        0.00000
4.905584        0.00171        0.00213        1.24987       -1.82135        1.12543        1.17210        5.50075       -3.02575        3.53989        0.00000
4.985373        0.00110        0.00144        1.31799       -2.92428        1.16479        1.89002        5.46497       -3.03453        3.53210        0.00000
5.066461        0.00083        0.00115        1.39373       -4.00173        1.21937        2.59757        5.42904       -3.03671        3.52404        0.00000
5.148867        0.00066        0.00098        1.47841       -5.17317        1.28587        3.37220        5.39472       -3.03278        3.51661        0.00000
5.232614        0.00055        0.00087        1.57367       -6.49323        1.36574        4.25015        5.36302       -3.02110        3.51036        0.00000
5.317723        0.00047        0.00078        1.68158       -8.01267        1.46227        5.26550        5.33514       -2.99880        3.50596        0.00000
5.404216        0.00040        0.00072        1.80485       -9.79408        1.58089        6.46035        5.31286       -2.96122        3.50445        0.00000
5.492116        0.00035        0.00067        1.94700      -11.92234        1.73022        7.89158        5.29885       -2.90088        3.50738        0.00000
5.581446        0.00030        0.00064        2.11288      -14.52277        1.92487        9.64270        5.29730       -2.80487        3.51725        0.00000
5.672229        0.00026        0.00061        2.30929      -17.79051        2.19130       11.84294        5.31501       -2.64936        3.53813        0.00000
5.764488        0.00023        0.00059        2.54625      -22.04984        2.58333       14.70565        5.36325       -2.38502        3.57690        0.00000
5.858248        0.00020        0.00057        2.83925      -27.87177        3.23092       18.60514        5.45944       -1.89121        3.64432        0.00000
