x               rho            P              T              ur             uphi           uz             Br             Bphi           Bz             m
0.010000        0.01000        1.00001        1.00002        1.24089        0.96332       -0.00124        0.03789       -0.05794        1.00002        0.99990
0.010163        0.01016        1.00001        1.00002        1.24089        0.96332       -0.00126        0.03851       -0.05888        1.00002        0.99990
0.010328        0.01033        0.99999        1.00002        1.24090        0.96332       -0.00128        0.03913       -0.05984        1.00003        0.99989
0.010496        0.01050        0.99998        1.00002        1.24091        0.96331       -0.00130        0.03977       -0.06081        1.00003        0.99989
0.010667        0.01067        0.99996        1.00002        1.24093        0.96331       -0.00132        0.04042       -0.06180        1.00003        0.99988
0.010840        0.01084        0.99995        1.00002        1.24094        0.96331       -0.00134        0.04108       -0.06281        1.00003        0.99988
0.011016        0.01102        0.99993        1.00002        1.24095        0.96331       -0.00136        0.04174       -0.06383        1.00003        0.99987
0.011196        0.01120        0.99992        1.00003        1.24096        0.96331       -0.00139        0.04242       -0.06487        1.00003        0.99986
0.011378        0.01138        0.99990        1.00003        1.24097        0.96331       -0.00141        0.04311       -0.06592        1.00003        0.99986
0.011563        0.01156        0.99989        1.00003        1.24099        0.96331       -0.00143        0.04382       -0.06699        1.00003        0.99985
0.011751        0.01175        0.99987        1.00003        1.24100        0.96331       -0.00145        0.04453       -0.06808        1.00004        0.99985
0.011942        0.01194        0.99985        1.00003        1.24101        0.96331       -0.00148        0.04525       -0.06919        1.00004        0.99984
0.012136        0.01214        0.99983        1.00003        1.24103        0.96331       -0.00150        0.04599       -0.07031        1.00004        0.99984
0.012334        0.01233        0.99982        1.00003        1.24104        0.96331       -0.00153        0.04674       -0.07146        1.00004        0.99983
0.012534        0.01253        0.99980        1.00003        1.24105        0.96331       -0.00155        0.04750       -0.07262        1.00004        0.99982
0.012738        0.01274        0.99978        1.00003        1.24107        0.96331       -0.00158        0.04827       -0.07380        1.00004        0.99982
0.012945        0.01295        0.99976        1.00004        1.24108        0.96330       -0.00160        0.04906       -0.07500        1.00004        0.99981
0.013156        0.01316        0.99975        1.00004        1.24110        0.96330       -0.00163        0.04985       -0.07622        1.00005        0.99981
0.013370        0.01337        0.99973        1.00004        1.24111        0.96330       -0.00166        0.05067       -0.07746        1.00005        0.99980
0.013587        0.01359        0.99971        1.00004        1.24112        0.96330       -0.00168        0.05149       -0.07872        1.00005        0.99979
0.013808        0.01381        0.99969        1.00004        1.24114        0.96330       -0.00171        0.05233       -0.08000        1.00005        0.99979
0.014033        0.01403        0.99967        1.00004        1.24116        0.96330       -0.00174        0.05318       -0.08130        1.00005        0.99978
0.014261        0.01426        0.99965        1.00004        1.24117        0.96330       -0.00177        0.05404       -0.08262        1.00005        0.99977
0.014493        0.01449        0.99963        1.00004        1.24119        0.96330       -0.00179        0.05492       -0.08397        1.00006        0.99977
0.014729        0.01473        0.99961        1.00005        1.24120        0.96330       -0.00182        0.05582       -0.08533        1.00006        0.99976
0.014968        0.01497        0.99959        1.00005        1.24122        0.96330       -0.00185        0.05672       -0.08672        1.00006        0.99975
0.015212        0.01521        0.99956        1.00005        1.24124        0.96329       -0.00188        0.05765       -0.08813        1.00006        0.99974
0.015459        0.01546        0.99954        1.00005        1.24125        0.96329       -0.00191        0.05859       -0.08957        1.00006        0.99974
0.015711        0.01571        0.99952        1.00005        1.24127        0.96329       -0.00195        0.05954       -0.09102        1.00006        0.99973
0.015966        0.01597        0.99950        1.00005        1.24129        0.96329       -0.00198        0.06051       -0.09250        1.00007        0.99972
0.016226        0.01623        0.99947        1.00005        1.24130        0.96329       -0.00201        0.06149       -0.09401        1.00007        0.99971
0.016490        0.01649        0.99945        1.00006        1.24132        0.96329       -0.00204        0.06249       -0.09554        1.00007        0.99971
0.016758        0.01676        0.99943        1.00006        1.24134        0.96329       -0.00208        0.06351       -0.09709        1.00007        0.99970
0.017031        0.01703        0.99940        1.00006        1.24136        0.96329       -0.00211        0.06454       -0.09867        1.00007        0.99969
0.017308        0.01731        0.99938        1.00006        1.24138        0.96329       -0.00214        0.06559       -0.10027        1.00008        0.99968
0.017589        0.01759        0.99935        1.00006        1.24140        0.96328       -0.00218        0.06666       -0.10190        1.00008        0.99967
0.017875        0.01788        0.99933        1.00006        1.24142        0.96328       -0.00221        0.06774       -0.10356        1.00008        0.99966
0.018166        0.01817        0.99930        1.00007        1.24144        0.96328       -0.00225        0.06885       -0.10525        1.00008        0.99965
0.018461        0.01846        0.99928        1.00007        1.24146        0.96328       -0.00229        0.06997       -0.10696        1.00008        0.99965
0.018762        0.01876        0.99925        1.00007        1.24148        0.96328       -0.00232        0.07110       -0.10870        1.00009        0.99964
0.019067        0.01907        0.99922        1.00007        1.24150        0.96328       -0.00236        0.07226       -0.11046        1.00009        0.99963
0.019377        0.01938        0.99920        1.00007        1.24152        0.96328       -0.00240        0.07344       -0.11226        1.00009        0.99962
0.019692        0.01969        0.99917        1.00007        1.24154        0.96328       -0.00244        0.07463       -0.11409        1.00009        0.99961
0.020012        0.02001        0.99914        1.00008        1.24156        0.96327       -0.00248        0.07585       -0.11594        1.00010        0.99960
0.020338        0.02034        0.99910        1.00008        1.24160        0.96327       -0.00252        0.07708       -0.11783        1.00010        0.99958
0.020669        0.02067        0.99905        1.00008        1.24163        0.96327       -0.00256        0.07834       -0.11974        1.00010        0.99957
0.021005        0.02100        0.99900        1.00009        1.24167        0.96327       -0.00260        0.07961       -0.12169        1.00011        0.99955
0.021347        0.02135        0.99895        1.00009        1.24171        0.96327       -0.00264        0.08091       -0.12367        1.00011        0.99953
0.021694        0.02169        0.99890        1.00009        1.24175        0.96326       -0.00269        0.08223       -0.12568        1.00011        0.99952
0.022047        0.02205        0.99885        1.00010        1.24179        0.96326       -0.00273        0.08356       -0.12772        1.00012        0.99950
0.022405        0.02241        0.99880        1.00010        1.24183        0.96326       -0.00278        0.08492       -0.12980        1.00012        0.99948
0.022770        0.02277        0.99874        1.00010        1.24187        0.96326       -0.00282        0.08631       -0.13191        1.00013        0.99946
0.023140        0.02314        0.99869        1.00011        1.24192        0.96325       -0.00287        0.08771       -0.13405        1.00013        0.99944
0.023516        0.02352        0.99863        1.00011        1.24196        0.96325       -0.00291        0.08914       -0.13623        1.00014        0.99942
0.023899        0.02390        0.99858        1.00011        1.24200        0.96325       -0.00296        0.09059       -0.13845        1.00014        0.99941
0.024288        0.02429        0.99852        1.00012        1.24205        0.96324       -0.00301        0.09207       -0.14070        1.00015        0.99939
0.024683        0.02468        0.99846        1.00012        1.24209        0.96324       -0.00306        0.09357       -0.14298        1.00015        0.99937
0.025084        0.02508        0.99840        1.00012        1.24214        0.96324       -0.00311        0.09509       -0.14531        1.00016        0.99935
0.025492        0.02549        0.99834        1.00013        1.24218        0.96324       -0.00316        0.09664       -0.14767        1.00016        0.99933
0.025907        0.02591        0.99828        1.00013        1.24223        0.96323       -0.00321        0.09821       -0.15007        1.00017        0.99930
0.026328        0.02633        0.99822        1.00014        1.24228        0.96323       -0.00326        0.09981       -0.15251        1.00017        0.99928
0.026756        0.02676        0.99816        1.00014        1.24233        0.96323       -0.00332        0.10144       -0.15499        1.00018        0.99926
0.027192        0.02719        0.99809        1.00014        1.24238        0.96322       -0.00337        0.10309       -0.15751        1.00018        0.99924
0.027634        0.02763        0.99803        1.00015        1.24243        0.96322       -0.00342        0.10477       -0.16007        1.00019        0.99922
0.028083        0.02808        0.99796        1.00015        1.24248        0.96322       -0.00348        0.10647       -0.16267        1.00019        0.99920
0.028540        0.02854        0.99789        1.00016        1.24253        0.96321       -0.00354        0.10821       -0.16532        1.00020        0.99917
0.029004        0.02900        0.99783        1.00016        1.24259        0.96321       -0.00359        0.10997       -0.16801        1.00020        0.99915
0.029476        0.02948        0.99776        1.00017        1.24264        0.96321       -0.00365        0.11176       -0.17074        1.00021        0.99913
0.029955        0.02996        0.99769        1.00017        1.24269        0.96321       -0.00371        0.11358       -0.17352        1.00021        0.99910
0.030443        0.03044        0.99759        1.00018        1.24277        0.96320       -0.00377        0.11543       -0.17633        1.00022        0.99907
0.030938        0.03094        0.99749        1.00018        1.24284        0.96320       -0.00384        0.11731       -0.17920        1.00023        0.99904
0.031441        0.03144        0.99739        1.00019        1.24293        0.96319       -0.00390        0.11922       -0.18211        1.00024        0.99900
0.031952        0.03195        0.99728        1.00020        1.24301        0.96319       -0.00396        0.12117       -0.18507        1.00025        0.99896
0.032472        0.03247        0.99718        1.00020        1.24309        0.96318       -0.00403        0.12314       -0.18808        1.00025        0.99893
0.033000        0.03300        0.99707        1.00021        1.24317        0.96318       -0.00409        0.12515       -0.19113        1.00026        0.99889
0.033537        0.03354        0.99696        1.00022        1.24326        0.96317       -0.00416        0.12719       -0.19424        1.00027        0.99885
0.034083        0.03408        0.99685        1.00022        1.24335        0.96316       -0.00423        0.12926       -0.19740        1.00028        0.99882
0.034637        0.03464        0.99673        1.00023        1.24344        0.96316       -0.00430        0.13137       -0.20060        1.00029        0.99878
0.035200        0.03520        0.99662        1.00024        1.24353        0.96315       -0.00437        0.13351       -0.20386        1.00030        0.99874
0.035773        0.03577        0.99650        1.00025        1.24362        0.96315       -0.00444        0.13569       -0.20718        1.00031        0.99870
0.036355        0.03635        0.99638        1.00026        1.24371        0.96314       -0.00451        0.13790       -0.21054        1.00032        0.99866
0.036946        0.03695        0.99626        1.00026        1.24380        0.96314       -0.00458        0.14015       -0.21397        1.00033        0.99861
0.037547        0.03755        0.99613        1.00027        1.24390        0.96313       -0.00466        0.14243       -0.21744        1.00034        0.99857
0.038158        0.03816        0.99601        1.00028        1.24400        0.96312       -0.00473        0.14475       -0.22098        1.00035        0.99853
0.038778        0.03878        0.99588        1.00029        1.24410        0.96312       -0.00481        0.14711       -0.22457        1.00036        0.99849
0.039409        0.03941        0.99575        1.00030        1.24420        0.96311       -0.00489        0.14951       -0.22822        1.00037        0.99844
0.040050        0.04005        0.99562        1.00030        1.24430        0.96311       -0.00497        0.15195       -0.23193        1.00038        0.99840
0.040701        0.04070        0.99545        1.00032        1.24443        0.96310       -0.00505        0.15443       -0.23569        1.00039        0.99834
0.041363        0.04136        0.99528        1.00033        1.24457        0.96309       -0.00513        0.15695       -0.23952        1.00041        0.99828
0.042036        0.04204        0.99510        1.00034        1.24471        0.96308       -0.00522        0.15951       -0.24341        1.00042        0.99822
0.042720        0.04272        0.99492        1.00035        1.24485        0.96307       -0.00530        0.16212       -0.24736        1.00044        0.99816
0.043415        0.04341        0.99474        1.00036        1.24499        0.96306       -0.00539        0.16476       -0.25138        1.00045        0.99809
0.044121        0.04412        0.99455        1.00037        1.24514        0.96305       -0.00548        0.16745       -0.25546        1.00047        0.99803
0.044839        0.04484        0.99436        1.00039        1.24528        0.96304       -0.00557        0.17019       -0.25961        1.00048        0.99797
0.045568        0.04557        0.99417        1.00040        1.24543        0.96304       -0.00566        0.17297       -0.26383        1.00050        0.99790
0.046309        0.04631        0.99397        1.00041        1.24558        0.96303       -0.00575        0.17579       -0.26811        1.00051        0.99783
0.047062        0.04706        0.99377        1.00042        1.24574        0.96302       -0.00585        0.17866       -0.27247        1.00053        0.99777
0.047828        0.04783        0.99357        1.00044        1.24590        0.96301       -0.00594        0.18158       -0.27689        1.00055        0.99770
0.048606        0.04861        0.99337        1.00045        1.24606        0.96300       -0.00604        0.18454       -0.28139        1.00056        0.99763
0.049396        0.04940        0.99316        1.00046        1.24622        0.96299       -0.00614        0.18755       -0.28596        1.00058        0.99756
0.050200        0.05020        0.99294        1.00048        1.24639        0.96298       -0.00624        0.19061       -0.29060        1.00060        0.99748
0.051016        0.05102        0.99268        1.00050        1.24659        0.96296       -0.00634        0.19373       -0.29532        1.00062        0.99739
0.051846        0.05185        0.99241        1.00051        1.24680        0.96295       -0.00645        0.19690       -0.30011        1.00064        0.99730
0.052689        0.05269        0.99214        1.00053        1.24701        0.96294       -0.00655        0.20012       -0.30498        1.00066        0.99721
0.053546        0.05355        0.99186        1.00055        1.24723        0.96292       -0.00666        0.20340       -0.30993        1.00069        0.99711
0.054417        0.05442        0.99158        1.00057        1.24745        0.96291       -0.00677        0.20672       -0.31496        1.00071        0.99702
0.055302        0.05530        0.99129        1.00059        1.24767        0.96290       -0.00688        0.21010       -0.32007        1.00073        0.99692
0.056202        0.05620        0.99100        1.00060        1.24790        0.96288       -0.00700        0.21354       -0.32526        1.00076        0.99682
0.057116        0.05712        0.99071        1.00062        1.24813        0.96287       -0.00711        0.21703       -0.33054        1.00078        0.99672
0.058045        0.05804        0.99041        1.00064        1.24836        0.96285       -0.00723        0.22058       -0.33590        1.00080        0.99662
0.058989        0.05899        0.99011        1.00066        1.24860        0.96284       -0.00735        0.22419       -0.34136        1.00083        0.99652
0.059948        0.05995        0.98980        1.00068        1.24884        0.96282       -0.00747        0.22785       -0.34690        1.00085        0.99641
0.060923        0.06092        0.98943        1.00071        1.24912        0.96281       -0.00759        0.23159       -0.35252        1.00088        0.99629
0.061914        0.06191        0.98906        1.00073        1.24942        0.96279       -0.00772        0.23539       -0.35823        1.00091        0.99616
0.062921        0.06292        0.98867        1.00076        1.24972        0.96277       -0.00784        0.23925       -0.36404        1.00095        0.99603
0.063945        0.06394        0.98828        1.00078        1.25002        0.96275       -0.00797        0.24317       -0.36994        1.00098        0.99590
0.064985        0.06498        0.98789        1.00081        1.25033        0.96273       -0.00810        0.24716       -0.37594        1.00101        0.99576
0.066042        0.06604        0.98749        1.00083        1.25064        0.96271       -0.00824        0.25121       -0.38204        1.00104        0.99562
0.067116        0.06712        0.98708        1.00086        1.25096        0.96269       -0.00837        0.25532       -0.38823        1.00108        0.99548
0.068208        0.06821        0.98666        1.00089        1.25129        0.96267       -0.00851        0.25951       -0.39452        1.00111        0.99534
0.069317        0.06932        0.98624        1.00091        1.25162        0.96265       -0.00865        0.26376       -0.40092        1.00114        0.99520
0.070445        0.07044        0.98579        1.00094        1.25197        0.96263       -0.00880        0.26809       -0.40742        1.00118        0.99505
0.071590        0.07159        0.98529        1.00098        1.25236        0.96260       -0.00894        0.27249       -0.41402        1.00122        0.99488
0.072755        0.07275        0.98478        1.00101        1.25276        0.96258       -0.00909        0.27697       -0.42072        1.00126        0.99470
0.073938        0.07394        0.98426        1.00104        1.25316        0.96255       -0.00924        0.28153       -0.42753        1.00131        0.99452
0.075141        0.07514        0.98373        1.00108        1.25358        0.96252       -0.00940        0.28615       -0.43446        1.00135        0.99435
0.076363        0.07636        0.98319        1.00111        1.25400        0.96250       -0.00955        0.29086       -0.44149        1.00139        0.99416
0.077605        0.07761        0.98265        1.00115        1.25442        0.96247       -0.00971        0.29564       -0.44864        1.00144        0.99398
0.078867        0.07887        0.98210        1.00118        1.25486        0.96244       -0.00987        0.30049       -0.45591        1.00148        0.99379
0.080150        0.08015        0.98153        1.00122        1.25530        0.96241       -0.01004        0.30543       -0.46329        1.00153        0.99360
0.081454        0.08145        0.98088        1.00126        1.25581        0.96238       -0.01020        0.31047       -0.47078        1.00158        0.99338
0.082779        0.08278        0.98022        1.00131        1.25632        0.96235       -0.01037        0.31559       -0.47840        1.00164        0.99315
0.084125        0.08412        0.97956        1.00135        1.25685        0.96232       -0.01055        0.32079       -0.48613        1.00169        0.99292
0.085493        0.08549        0.97888        1.00140        1.25738        0.96228       -0.01072        0.32608       -0.49400        1.00175        0.99269
0.086884        0.08688        0.97818        1.00144        1.25792        0.96225       -0.01090        0.33145       -0.50199        1.00181        0.99246
0.088297        0.08830        0.97748        1.00149        1.25847        0.96221       -0.01108        0.33691       -0.51011        1.00187        0.99222
0.089733        0.08973        0.97677        1.00153        1.25903        0.96218       -0.01127        0.34246       -0.51836        1.00192        0.99198
0.091193        0.09119        0.97598        1.00159        1.25965        0.96214       -0.01146        0.34812       -0.52673        1.00199        0.99171
0.092676        0.09268        0.97516        1.00164        1.26029        0.96210       -0.01165        0.35388       -0.53524        1.00206        0.99143
0.094183        0.09418        0.97432        1.00169        1.26095        0.96205       -0.01185        0.35974       -0.54388        1.00213        0.99115
0.095715        0.09572        0.97347        1.00175        1.26162        0.96201       -0.01205        0.36569       -0.55266        1.00220        0.99086
0.097272        0.09727        0.97261        1.00181        1.26229        0.96197       -0.01225        0.37173       -0.56159        1.00227        0.99056
0.098854        0.09885        0.97173        1.00186        1.26298        0.96192       -0.01245        0.37788       -0.57066        1.00234        0.99026
0.100462        0.10046        0.97082        1.00192        1.26370        0.96188       -0.01266        0.38413       -0.57987        1.00242        0.98995
0.102096        0.10210        0.96982        1.00199        1.26449        0.96182       -0.01288        0.39051       -0.58922        1.00250        0.98962
0.103757        0.10376        0.96880        1.00206        1.26529        0.96177       -0.01309        0.39700       -0.59872        1.00258        0.98927
0.105444        0.10544        0.96777        1.00213        1.26610        0.96172       -0.01332        0.40359       -0.60837        1.00267        0.98892
0.107159        0.10716        0.96672        1.00220        1.26692        0.96166       -0.01354        0.41028       -0.61818        1.00276        0.98856
0.108902        0.10890        0.96565        1.00227        1.26776        0.96161       -0.01377        0.41709       -0.62815        1.00285        0.98820
0.110674        0.11067        0.96453        1.00234        1.26864        0.96155       -0.01400        0.42402       -0.63827        1.00294        0.98782
0.112474        0.11247        0.96333        1.00242        1.26959        0.96149       -0.01424        0.43109       -0.64854        1.00304        0.98741
0.114303        0.11430        0.96210        1.00250        1.27056        0.96143       -0.01449        0.43828       -0.65897        1.00315        0.98700
0.116162        0.11616        0.96086        1.00258        1.27154        0.96136       -0.01473        0.44558       -0.66958        1.00325        0.98657
0.118052        0.11805        0.95959        1.00267        1.27254        0.96129       -0.01498        0.45300       -0.68035        1.00336        0.98614
0.119972        0.11997        0.95831        1.00275        1.27355        0.96123       -0.01524        0.46055       -0.69131        1.00346        0.98571
0.121923        0.12192        0.95689        1.00285        1.27467        0.96115       -0.01550        0.46826       -0.70240        1.00358        0.98523
0.123906        0.12391        0.95545        1.00294        1.27581        0.96108       -0.01577        0.47610       -0.71368        1.00370        0.98474
0.125922        0.12592        0.95399        1.00304        1.27696        0.96100       -0.01604        0.48407       -0.72514        1.00383        0.98425
0.127970        0.12797        0.95250        1.00314        1.27814        0.96092       -0.01631        0.49217       -0.73679        1.00395        0.98374
0.130051        0.13005        0.95098        1.00324        1.27933        0.96084       -0.01659        0.50040       -0.74862        1.00408        0.98323
0.132166        0.13217        0.94933        1.00335        1.28065        0.96075       -0.01688        0.50882       -0.76061        1.00422        0.98267
0.134316        0.13432        0.94764        1.00346        1.28198        0.96066       -0.01718        0.51738       -0.77280        1.00437        0.98210
0.136501        0.13650        0.94593        1.00358        1.28334        0.96057       -0.01747        0.52608       -0.78518        1.00451        0.98152
0.138721        0.13872        0.94419        1.00369        1.28471        0.96047       -0.01778        0.53492       -0.79776        1.00466        0.98093
0.140977        0.14098        0.94237        1.00381        1.28615        0.96038       -0.01808        0.54394       -0.81053        1.00482        0.98031
0.143270        0.14327        0.94044        1.00394        1.28768        0.96027       -0.01840        0.55314       -0.82348        1.00498        0.97966
0.145601        0.14560        0.93848        1.00407        1.28924        0.96016       -0.01872        0.56249       -0.83663        1.00515        0.97900
0.147969        0.14797        0.93649        1.00421        1.29082        0.96005       -0.01905        0.57199       -0.85000        1.00532        0.97833
0.150376        0.15038        0.93445        1.00434        1.29243        0.95994       -0.01938        0.58166       -0.86359        1.00550        0.97764
0.152821        0.15282        0.93225        1.00449        1.29418        0.95982       -0.01973        0.59155       -0.87734        1.00569        0.97690
0.155307        0.15531        0.93002        1.00464        1.29595        0.95969       -0.02008        0.60161       -0.89132        1.00588        0.97615
0.157833        0.15783        0.92776        1.00480        1.29775        0.95957       -0.02043        0.61182       -0.90552        1.00607        0.97538
0.160400        0.16040        0.92544        1.00495        1.29959        0.95944       -0.02079        0.62222       -0.91995        1.00628        0.97460
0.163009        0.16301        0.92295        1.00512        1.30157        0.95929       -0.02116        0.63286       -0.93455        1.00649        0.97376
0.165661        0.16566        0.92042        1.00529        1.30359        0.95915       -0.02154        0.64368       -0.94939        1.00671        0.97291
0.168355        0.16836        0.91785        1.00547        1.30563        0.95900       -0.02192        0.65468       -0.96448        1.00694        0.97204
0.171093        0.17109        0.91518        1.00565        1.30775        0.95885       -0.02232        0.66589       -0.97978        1.00717        0.97114
0.173876        0.17388        0.91237        1.00584        1.30999        0.95869       -0.02272        0.67734       -0.99528        1.00742        0.97020
0.176704        0.17670        0.90952        1.00604        1.31226        0.95852       -0.02313        0.68899       -1.01104        1.00767        0.96924
0.179578        0.17958        0.90662        1.00624        1.31457        0.95835       -0.02354        0.70082       -1.02705        1.00793        0.96826
0.182499        0.18250        0.90354        1.00645        1.31703        0.95817       -0.02397        0.71294       -1.04324        1.00820        0.96723
0.185468        0.18547        0.90037        1.00666        1.31954        0.95798       -0.02441        0.72528       -1.05969        1.00848        0.96616
0.188484        0.18848        0.89716        1.00688        1.32210        0.95778       -0.02485        0.73782       -1.07641        1.00877        0.96509
0.191550        0.19155        0.89382        1.00712        1.32477        0.95758       -0.02531        0.75063       -1.09334        1.00907        0.96396
0.194666        0.19467        0.89033        1.00736        1.32755        0.95737       -0.02578        0.76371       -1.11051        1.00939        0.96279
0.197832        0.19783        0.88678        1.00760        1.33037        0.95715       -0.02625        0.77700       -1.12795        1.00970        0.96160
0.201050        0.20105        0.88313        1.00786        1.33328        0.95692       -0.02673        0.79056       -1.14564        1.01004        0.96038
0.204320        0.20432        0.87929        1.00812        1.33634        0.95668       -0.02723        0.80443       -1.16354        1.01039        0.95909
0.207643        0.20764        0.87538        1.00840        1.33945        0.95644       -0.02774        0.81853       -1.18173        1.01074        0.95778
0.211020        0.21102        0.87137        1.00868        1.34264        0.95618       -0.02826        0.83291       -1.20018        1.01111        0.95644
0.214453        0.21445        0.86715        1.00897        1.34599        0.95591       -0.02879        0.84763       -1.21883        1.01150        0.95503
0.217941        0.21794        0.86286        1.00928        1.34939        0.95563       -0.02933        0.86260       -1.23779        1.01189        0.95360
0.221486        0.22149        0.85844        1.00959        1.35291        0.95534       -0.02988        0.87787       -1.25700        1.01231        0.95212
0.225088        0.22509        0.85382        1.00992        1.35656        0.95503       -0.03045        0.89350       -1.27644        1.01274        0.95058
0.228749        0.22875        0.84912        1.01025        1.36028        0.95472       -0.03103        0.90939       -1.29619        1.01318        0.94901
0.232470        0.23247        0.84423        1.01060        1.36414        0.95439       -0.03163        0.92565       -1.31616        1.01364        0.94738
0.236251        0.23625        0.83918        1.01096        1.36811        0.95404       -0.03224        0.94225       -1.33639        1.01412        0.94569
0.240093        0.24009        0.83405        1.01133        1.37215        0.95369       -0.03285        0.95912       -1.35695        1.01460        0.94399
0.243999        0.24400        0.82864        1.01172        1.37639        0.95330       -0.03349        0.97647       -1.37766        1.01512        0.94218
0.247967        0.24797        0.82313        1.01211        1.38070        0.95291       -0.03414        0.99411       -1.39871        1.01565        0.94035
0.252000        0.25200        0.81744        1.01253        1.38513        0.95250       -0.03481        1.01213       -1.42000        1.01620        0.93846
0.256099        0.25610        0.81154        1.01296        1.38970        0.95207       -0.03549        1.03058       -1.44153        1.01678        0.93650
0.260265        0.26026        0.80554        1.01340        1.39435        0.95163       -0.03619        1.04933       -1.46340        1.01736        0.93450
0.264498        0.26450        0.79924        1.01386        1.39918        0.95115       -0.03691        1.06862       -1.48540        1.01799        0.93241
0.268800        0.26880        0.79283        1.01433        1.40408        0.95067       -0.03764        1.08822       -1.50775        1.01862        0.93029
0.273172        0.27317        0.78617        1.01483        1.40913        0.95015       -0.03839        1.10833       -1.53029        1.01929        0.92808
0.277615        0.27762        0.77933        1.01534        1.41428        0.94961       -0.03915        1.12884       -1.55312        1.01998        0.92581
0.282131        0.28213        0.77229        1.01586        1.41955        0.94905       -0.03994        1.14981       -1.57619        1.02069        0.92348
0.286720        0.28672        0.76500        1.01641        1.42493        0.94846       -0.04074        1.17128       -1.59948        1.02144        0.92106
0.291383        0.29138        0.75754        1.01698        1.43041        0.94784       -0.04156        1.19318       -1.62306        1.02220        0.91859
0.296123        0.29612        0.74979        1.01757        1.43599        0.94719       -0.04240        1.21565       -1.64678        1.02301        0.91603
0.300939        0.30094        0.74188        1.01818        1.44166        0.94651       -0.04326        1.23854       -1.67083        1.02384        0.91341
0.305834        0.30583        0.73365        1.01881        1.44740        0.94579       -0.04414        1.26206       -1.69497        1.02471        0.91069
0.310808        0.31081        0.72526        1.01946        1.45322        0.94505       -0.04503        1.28601       -1.71945        1.02560        0.90791
0.315864        0.31586        0.71654        1.02015        1.45907        0.94426       -0.04595        1.31064       -1.74399        1.02654        0.90503
0.321001        0.32100        0.70763        1.02085        1.46498        0.94344       -0.04689        1.33572       -1.76885        1.02750        0.90208
0.326222        0.32622        0.69840        1.02158        1.47086        0.94256       -0.04784        1.36149       -1.79375        1.02851        0.89903
0.331528        0.33153        0.68895        1.02233        1.47676        0.94166       -0.04881        1.38778       -1.81892        1.02956        0.89591
0.336921        0.33692        0.67919        1.02312        1.48258        0.94069       -0.04980        1.41476       -1.84415        1.03065        0.89268
0.342401        0.34240        0.66918        1.02394        1.48834        0.93969       -0.05080        1.44232       -1.86957        1.03178        0.88936
0.347970        0.34797        0.65888        1.02478        1.49398        0.93863       -0.05182        1.47054       -1.89508        1.03295        0.88595
0.353630        0.35363        0.64829        1.02566        1.49940        0.93752       -0.05286        1.49945       -1.92065        1.03418        0.88243
0.359381        0.35938        0.63744        1.02657        1.50472        0.93636       -0.05390        1.52897       -1.94640        1.03544        0.87883
0.365227        0.36523        0.62624        1.02752        1.50954        0.93512       -0.05496        1.55928       -1.97201        1.03677        0.87511
0.371167        0.37117        0.61480        1.02850        1.51420        0.93384       -0.05602        1.59020       -1.99782        1.03814        0.87130
0.377204        0.37720        0.60301        1.02952        1.51822        0.93249       -0.05708        1.62190       -2.02348        1.03957        0.86736
0.383340        0.38334        0.59095        1.03058        1.52173        0.93107       -0.05814        1.65430       -2.04914        1.04105        0.86332
0.389575        0.38957        0.57861        1.03167        1.52478        0.92959       -0.05920        1.68739       -2.07485        1.04258        0.85918
0.395911        0.39591        0.56592        1.03282        1.52662        0.92803       -0.06023        1.72130       -2.10020        1.04419        0.85491
0.402351        0.40235        0.55298        1.03400        1.52780        0.92641       -0.06125        1.75587       -2.12557        1.04585        0.85053
0.408895        0.40889        0.53973        1.03523        1.52791        0.92471       -0.06225        1.79119       -2.15076        1.04757        0.84603
0.415546        0.41555        0.52619        1.03652        1.52638        0.92294       -0.06319        1.82725       -2.17555        1.04936        0.84139
0.422304        0.42230        0.51239        1.03785        1.52369        0.92111       -0.06410        1.86399       -2.20021        1.05120        0.83665
0.429173        0.42917        0.49832        1.03922        1.51934        0.91921       -0.06495        1.90143       -2.22456        1.05312        0.83177
0.436154        0.43615        0.48400        1.04067        1.51252        0.91725       -0.06570        1.93952       -2.24831        1.05510        0.82676
0.443248        0.44325        0.46945        1.04216        1.50382        0.91524       -0.06638        1.97823       -2.27175        1.05715        0.82162
0.450457        0.45046        0.45467        1.04370        1.49301        0.91318       -0.06696        2.01753       -2.29484        1.05926        0.81635
0.457784        0.45778        0.43972        1.04532        1.47864        0.91109       -0.06738        2.05731       -2.31708        1.06144        0.81093
0.465230        0.46523        0.42461        1.04699        1.46133        0.90899       -0.06766        2.09752       -2.33876        1.06368        0.80537
0.472797        0.47280        0.40937        1.04873        1.44101        0.90688       -0.06779        2.13811       -2.35987        1.06598        0.79968
0.480487        0.48049        0.39400        1.05053        1.41741        0.90478       -0.06775        2.17902       -2.38035        1.06834        0.79384
0.488302        0.48830        0.37864        1.05241        1.38920        0.90275       -0.06746        2.21996       -2.39980        1.07075        0.78785
0.496244        0.49624        0.36327        1.05437        1.35705        0.90080       -0.06695        2.26091       -2.41843        1.07322        0.78171
0.504316        0.50432        0.34793        1.05639        1.32103        0.89894       -0.06620        2.30178       -2.43625        1.07572        0.77542
0.512519        0.51252        0.33266        1.05849        1.28106        0.89721       -0.06522        2.34242       -2.45323        1.07826        0.76898
0.520855        0.52085        0.31753        1.06066        1.23712        0.89565       -0.06398        2.38270       -2.46930        1.08082        0.76239
0.529327        0.52933        0.30264        1.06293        1.18899        0.89431       -0.06245        2.42229       -2.48431        1.08341        0.75564
0.537936        0.53794        0.28804        1.06527        1.13713        0.89323       -0.06065        2.46101       -2.49828        1.08600        0.74873
0.546686        0.54669        0.27376        1.06770        1.08222        0.89242       -0.05861        2.49883       -2.51133        1.08859        0.74165
0.555578        0.55558        0.25984        1.07022        1.02472        0.89191       -0.05634        2.53558       -2.52345        1.09117        0.73442
0.564614        0.56461        0.24634        1.07282        0.96515        0.89171       -0.05387        2.57110       -2.53466        1.09374        0.72702
0.573798        0.57380        0.23330        1.07552        0.90413        0.89186       -0.05122        2.60525       -2.54500        1.09627        0.71946
0.583131        0.58313        0.22077        1.07830        0.84233        0.89236       -0.04842        2.63789       -2.55448        1.09877        0.71174
0.592615        0.59262        0.20878        1.08118        0.78041        0.89323       -0.04551        2.66891       -2.56317        1.10121        0.70384
0.602254        0.60225        0.19735        1.08415        0.71903        0.89446       -0.04252        2.69822       -2.57111        1.10361        0.69578
0.612050        0.61205        0.18652        1.08722        0.65880        0.89606       -0.03949        2.72576       -2.57836        1.10594        0.68756
0.622005        0.62200        0.17629        1.09038        0.60025        0.89800       -0.03645        2.75147       -2.58499        1.10820        0.67916
0.632122        0.63212        0.16667        1.09365        0.54382        0.90029       -0.03344        2.77534       -2.59104        1.11040        0.67060
0.642403        0.64240        0.15765        1.09701        0.48985        0.90291       -0.03047        2.79736       -2.59659        1.11251        0.66187
0.652852        0.65285        0.14924        1.10047        0.43859        0.90584       -0.02758        2.81756       -2.60169        1.11455        0.65297
0.663471        0.66347        0.14141        1.10403        0.39018        0.90906       -0.02477        2.83596       -2.60640        1.11651        0.64391
0.674262        0.67426        0.13414        1.10769        0.34470        0.91256       -0.02206        2.85260       -2.61077        1.11838        0.63468
0.685229        0.68523        0.12744        1.11145        0.30214        0.91632       -0.01945        2.86753       -2.61483        1.12018        0.62529
0.696374        0.69637        0.12126        1.11532        0.26246        0.92033       -0.01696        2.88080       -2.61865        1.12189        0.61574
0.707701        0.70770        0.11560        1.11929        0.22556        0.92457       -0.01458        2.89247       -2.62224        1.12352        0.60602
0.719212        0.71921        0.11043        1.12336        0.19128        0.92904       -0.01230        2.90259       -2.62565        1.12507        0.59615
0.730910        0.73091        0.10576        1.12754        0.15965        0.93372       -0.01015        2.91112       -2.62890        1.12654        0.58612
0.742798        0.74280        0.10158        1.13184        0.13049        0.93862       -0.00810        2.91809       -2.63200        1.12791        0.57594
0.754880        0.75488        0.09783        1.13624        0.10340        0.94371       -0.00614        2.92367       -2.63500        1.12921        0.56562
0.767158        0.76716        0.09450        1.14074        0.07820        0.94899       -0.00427        2.92788       -2.63790        1.13042        0.55514
0.779636        0.77964        0.09158        1.14536        0.05467        0.95445       -0.00248        2.93076       -2.64073        1.13155        0.54453
0.792317        0.79232        0.08911        1.15009        0.03287        0.96011       -0.00076        2.93214       -2.64349        1.13258        0.53379
0.805204        0.80520        0.08704        1.15494        0.01236        0.96594        0.00090        2.93218       -2.64619        1.13353        0.52291
0.818301        0.81830        0.08536        1.15990       -0.00710        0.97195        0.00252        2.93092       -2.64885        1.13438        0.51191
0.831610        0.83161        0.08409        1.16497       -0.02563        0.97813        0.00411        2.92824       -2.65146        1.13513        0.50079
0.845137        0.84514        0.08325        1.17017       -0.04342        0.98450        0.00568        2.92406       -2.65402        1.13576        0.48956
0.858883        0.85888        0.08280        1.17548       -0.06081        0.99103        0.00725        2.91850       -2.65655        1.13629        0.47822
0.872853        0.87285        0.08283        1.18090       -0.07794        0.99774        0.00884        2.91127       -2.65902        1.13667        0.46680
0.887050        0.88705        0.08331        1.18645       -0.09509        1.00462        0.01047        2.90239       -2.66144        1.13692        0.45528
0.901478        0.90148        0.08428        1.19211       -0.11253        1.01166        0.01216        2.89174       -2.66380        1.13700        0.44368
0.916140        0.91614        0.08583        1.19789       -0.13056        1.01887        0.01396        2.87899       -2.66608        1.13690        0.43201
0.931041        0.93104        0.08795        1.20379       -0.14947        1.02625        0.01587        2.86414       -2.66826        1.13659        0.42028
0.946185        0.94618        0.09079        1.20980       -0.16971        1.03377        0.01796        2.84663       -2.67030        1.13602        0.40851
0.961575        0.96157        0.09435        1.21592       -0.19159        1.04144        0.02026        2.82639       -2.67218        1.13517        0.39668
0.977215        0.97721        0.09882        1.22215       -0.21571        1.04925        0.02284        2.80273       -2.67384        1.13397        0.38484
0.993109        0.99311        0.10429        1.22847       -0.24255        1.05717        0.02577        2.77525       -2.67521        1.13237        0.37297
1.009262        1.00926        0.11090        1.23490       -0.27269        1.06520        0.02911        2.74336       -2.67623        1.13029        0.36110
1.025678        1.02568        0.11897        1.24140       -0.30716        1.07328        0.03299        2.70578       -2.67672        1.12757        0.34924
1.042361        1.04236        0.12860        1.24797       -0.34643        1.08140        0.03749        2.66198       -2.67658        1.12415        0.33740
1.059315        1.05931        0.14013        1.25459       -0.39153        1.08950        0.04275        2.61050       -2.67559        1.11986        0.32558
1.076545        1.07654        0.15400        1.26123       -0.44379        1.09750        0.04894        2.54924       -2.67339        1.11442        0.31383
1.094055        1.09405        0.17047        1.26787       -0.50376        1.10534        0.05618        2.47682       -2.66966        1.10765        0.30212
1.111850        1.11185        0.18995        1.27447       -0.57230        1.11293        0.06458        2.39089       -2.66391        1.09925        0.29049
1.129934        1.12993        0.21288        1.28098       -0.65004        1.12013        0.07430        2.28853       -2.65545        1.08883        0.27894
1.148312        1.14831        0.23978        1.28732       -0.73721        1.12680        0.08541        2.16559       -2.64321        1.07583        0.26751
1.166990        1.16699        0.27070        1.29343       -0.83228        1.13282        0.09780        2.01923       -2.62625        1.05985        0.25619
1.185971        1.18597        0.30555        1.29921       -0.93280        1.13808        0.11123        1.84559       -2.60326        1.04033        0.24500
1.205261        1.20526        0.34375        1.30456       -1.03452        1.14251        0.12522        1.64091       -2.57284        1.01669        0.23396
1.224865        1.22486        0.38399        1.30933       -1.13134        1.14615        0.13905        1.40205       -2.53364        0.98840        0.22308
1.244787        1.24479        0.42407        1.31339       -1.21549        1.14911        0.15173        1.12703       -2.48473        0.95505        0.21237
1.265034        1.26503        0.46084        1.31658       -1.27812        1.15160        0.16207        0.81585       -2.42599        0.91649        0.20184
1.285610        1.28561        0.49033        1.31873       -1.31024        1.15386        0.16879        0.47109       -2.35857        0.87284        0.19153
1.306520        1.30652        0.50830        1.31971       -1.30378        1.15606        0.17067        0.09858       -2.28515        0.82471        0.18142
1.327771        1.32777        0.51106        1.31938       -1.25302        1.15818        0.16669       -0.29221       -2.20990        0.77319        0.17154
1.349367        1.34937        0.49653        1.31768       -1.15659        1.15986        0.15638       -0.68835       -2.13785        0.71991        0.16190
1.371315        1.37131        0.46482        1.31454       -1.01905        1.16046        0.14007       -1.07360       -2.07419        0.66702        0.15252
1.393619        1.39362        0.41961        1.31001       -0.85460        1.15921        0.11945       -1.43155       -2.02232        0.61684        0.14340
1.416287        1.41629        0.36666        1.30423       -0.68254        1.15559        0.09706       -1.74987       -1.98295        0.57123        0.13455
1.439323        1.43932        0.31184        1.29735       -0.52092        1.14947        0.07545       -2.02135       -1.95483        0.53141        0.12598
1.462733        1.46273        0.26020        1.28949       -0.38352        1.14105        0.05665       -2.24241       -1.93581        0.49810        0.11771
1.486525        1.48652        0.21461        1.28087       -0.27421        1.13085        0.04143       -2.41858       -1.92283        0.47075        0.10974
1.510703        1.51070        0.17610        1.27164       -0.19137        1.11937        0.02973       -2.55652       -1.91365        0.44860        0.10206
1.535275        1.53528        0.14490        1.26193       -0.13170        1.10695        0.02120       -2.66172       -1.90684        0.43098        0.09471
1.560246        1.56025        0.11978        1.25185       -0.08869        1.09393        0.01502       -2.74285       -1.90129        0.41676        0.08765
1.585624        1.58562        0.10017        1.24149       -0.05880        1.08048        0.01072       -2.80390       -1.89647        0.40540        0.08094
1.611414        1.61141        0.08472        1.23092       -0.03757        1.06675        0.00770       -2.85065       -1.89202        0.39612        0.07453
1.637624        1.63762        0.07277        1.22018       -0.02271        1.05284        0.00561       -2.88589       -1.88775        0.38853        0.06844
1.664260        1.66426        0.06352        1.20932       -0.01213        1.03881        0.00417       -2.91249       -1.88357        0.38222        0.06268
1.691330        1.69133        0.05640        1.19837       -0.00453        1.02472        0.00317       -2.93241       -1.87942        0.37691        0.05724
1.718839        1.71884        0.05104        1.18735        0.00094        1.01061        0.00247       -2.94690       -1.87526        0.37243        0.05211
1.746796        1.74680        0.04710        1.17630        0.00490        0.99651        0.00197       -2.95701       -1.87109        0.36863        0.04730
1.775208        1.77521        0.04433        1.16521        0.00775        0.98245        0.00159       -2.96345       -1.86690        0.36540        0.04280
1.804082        1.80408        0.04258        1.15411        0.00977        0.96845        0.00130       -2.96662       -1.86268        0.36271        0.03860
1.833425        1.83343        0.04176        1.14302        0.01113        0.95453        0.00105       -2.96671       -1.85844        0.36052        0.03469
1.863246        1.86325        0.04183        1.13193        0.01198        0.94070        0.00083       -2.96373       -1.85417        0.35888        0.03107
1.893552        1.89355        0.04280        1.12088        0.01242        0.92699        0.00061       -2.95749       -1.84988        0.35782        0.02773
1.924351        1.92435        0.04474        1.10987        0.01255        0.91341        0.00039       -2.94759       -1.84558        0.35745        0.02465
1.955651        1.95565        0.04778        1.09892        0.01248        0.89997        0.00016       -2.93338       -1.84127        0.35792        0.02183
1.987460        1.98746        0.05210        1.08804        0.01227        0.88670       -0.00008       -2.91392       -1.83696        0.35944        0.01926
2.019786        2.01979        0.05799        1.07726        0.01202        0.87361       -0.00033       -2.88788       -1.83266        0.36233        0.01692
2.052638        2.05264        0.06586        1.06661        0.01178        0.86074       -0.00059       -2.85320       -1.82839        0.36705        0.01480
2.086024        2.08602        0.07620        1.05612        0.01164        0.84813       -0.00086       -2.80739       -1.82416        0.37418        0.01289
2.119953        2.11995        0.08960        1.04583        0.01162        0.83581       -0.00115       -2.74708       -1.82000        0.38452        0.01117
2.154435        2.15443        0.10697        1.03582        0.01177        0.82388       -0.00144       -2.66693       -1.81594        0.39934        0.00964
2.189477        2.18948        0.12897        1.02614        0.01206        0.81240       -0.00174       -2.56144       -1.81203        0.41998        0.00828
2.225089        2.22509        0.15644        1.01693        0.01247        0.80151       -0.00204       -2.42183       -1.80834        0.44860        0.00708
2.261280        2.26128        0.18940        1.00828        0.01289        0.79134       -0.00231       -2.23984       -1.80492        0.48733        0.00602
2.298060        2.29806        0.22694        1.00041        0.01317        0.78210       -0.00253       -2.00500       -1.80189        0.53894        0.00509
2.335438        2.33544        0.26598        0.99349        0.01312        0.77401       -0.00264       -1.71000       -1.79934        0.60558        0.00428
2.373424        2.37342        0.30102        0.98774        0.01254        0.76732       -0.00261       -1.35341       -1.79735        0.68811        0.00358
2.412028        2.41203        0.32462        0.98341        0.01131        0.76227       -0.00239       -0.94344       -1.79599        0.78510        0.00297
2.451260        2.45126        0.32976        0.98065        0.00949        0.75907       -0.00199       -0.50105       -1.79528        0.89197        0.00246
2.491130        2.49113        0.31338        0.97959        0.00731        0.75782       -0.00147       -0.05738       -1.79521        1.00133        0.00202
2.531648        2.53165        0.27850        0.98019        0.00511        0.75851       -0.00090        0.35448       -1.79576        1.10490        0.00165
2.572826        2.57283        0.23282        0.98233        0.00318        0.76099       -0.00034        0.70931       -1.79687        1.19599        0.00133
2.614673        2.61467        0.18494        0.98583        0.00160        0.76503        0.00019        0.99532       -1.79849        1.27104        0.00107
2.657201        2.65720        0.14124        0.99045        0.00035        0.77038        0.00070        1.21328       -1.80055        1.32964        0.00086
2.700421        2.70042        0.10487        0.99598       -0.00073        0.77680        0.00127        1.37184       -1.80297        1.37348        0.00068
2.744343        2.74434        0.07656        1.00226       -0.00180        0.78408        0.00198        1.48217       -1.80569        1.40506        0.00054
2.788980        2.78898        0.05529        1.00911       -0.00303        0.79204        0.00291        1.46653       -1.80864        1.40220        0.00005
2.834343        2.83434        0.04033        1.01599       -0.00435        0.80001        0.00409        1.50391       -1.81158        1.41440        0.00000
2.880444        2.88044        0.02939        1.02324       -0.00616        0.80839        0.00572        1.53469       -1.81466        1.42493        0.00000
2.927295        2.92729        0.02149        1.03081       -0.00864        0.81712        0.00797        1.55240       -1.81786        1.43187        0.00000
2.974908        2.97491        0.01579        1.03867       -0.01198        0.82612        0.01103        1.56101       -1.82116        1.43625        0.00000
3.023295        3.02329        0.01168        1.04680       -0.01644        0.83534        0.01513        1.56316       -1.82455        1.43877        0.00000
3.072469        3.07247        0.00872        1.05516       -0.02230        0.84472        0.02058        1.56074       -1.82802        1.43995        0.00000
3.122443        3.12244        0.00657        1.06375       -0.02991        0.85421        0.02770        1.55508       -1.83157        1.44013        0.00000
3.173230        3.17323        0.00500        1.07257       -0.03964        0.86375        0.03688        1.54709       -1.83519        1.43957        0.00000
3.224842        3.22484        0.00386        1.08160       -0.05187        0.87328        0.04853        1.53741       -1.83888        1.43846        0.00000
3.277295        3.27729        0.00301        1.09084       -0.06701        0.88275        0.06308        1.52649       -1.84264        1.43690        0.00000
3.330600        3.33060        0.00238        1.10030       -0.08542        0.89211        0.08093        1.51463       -1.84646        1.43500        0.00000
3.384773        3.38477        0.00190        1.10997       -0.10747        0.90129        0.10252        1.50204       -1.85035        1.43281        0.00000
3.439826        3.43983        0.00154        1.11986       -0.13340        0.91025        0.12815        1.48888       -1.85431        1.43036        0.00000
3.495776        3.49578        0.00127        1.12997       -0.16343        0.91897        0.15817        1.47524       -1.85834        1.42769        0.00000
3.552635        3.55263        0.00105        1.14029       -0.19764        0.92740        0.19272        1.46119       -1.86243        1.42482        0.00000
3.610419        3.61042        0.00089        1.15085       -0.23606        0.93553        0.23197        1.44679       -1.86659        1.42175        0.00000
3.669142        3.66914        0.00076        1.16163       -0.27864        0.94335        0.27600        1.43208       -1.87082        1.41850        0.00000
3.728821        3.72882        0.00065        1.17265       -0.32524        0.95085        0.32478        1.41706       -1.87512        1.41506        0.00000
3.789471        3.78947        0.00057        1.18390       -0.37569        0.95805        0.37828        1.40178       -1.87948        1.41144        0.00000
3.851107        3.85111        0.00050        1.19540       -0.42979        0.96494        0.43643        1.38622       -1.88392        1.40763        0.00000
3.913746        3.91375        0.00044        1.20715       -0.48738        0.97152        0.49920        1.37042       -1.88842        1.40364        0.00000
3.977403        3.97740        0.00040        1.21901       -0.54857        0.97832        0.56548        1.36364       -1.89287        1.40603        0.00000
4.042096        4.04210        0.00040        1.22980       -0.58853        0.99340        0.59790        1.44256       -1.89614        1.46912        0.00000
4.107841        4.10784        0.00041        1.24076       -0.62914        1.00873        0.63084        1.52277       -1.89946        1.53324        0.00000
4.174655        4.17466        0.00041        1.25190       -0.67041        1.02431        0.66432        1.60428       -1.90283        1.59841        0.00000
4.242556        4.24256        0.00042        1.26323       -0.71235        1.04014        0.69834        1.68711       -1.90626        1.66463        0.00000
4.311562        4.31156        0.00042        1.27473       -0.75497        1.05623        0.73292        1.77130       -1.90975        1.73193        0.00000
4.381690        4.38169        0.00043        1.28643       -0.79829        1.07258        0.76806        1.85685       -1.91329        1.80032        0.00000
4.452959        4.45296        0.00043        1.29832       -0.84231        1.08919        0.80377        1.94379       -1.91689        1.86983        0.00000
4.525386        4.52539        0.00044        1.31039       -0.88705        1.10608        0.84007        2.03215       -1.92055        1.94047        0.00000
4.598992        4.59899        0.00045        1.32267       -0.93251        1.12324        0.87695        2.12194       -1.92427        2.01225        0.00000
4.673795        4.67380        0.00045        1.33515       -0.97872        1.14068        0.91443        2.21320       -1.92805        2.08521        0.00000
4.749815        4.74981        0.00046        1.34782       -1.02568        1.15840        0.95252        2.30594       -1.93189        2.15935        0.00000
4.827071        4.82707        0.00046        1.36071       -1.07340        1.17641        0.99124        2.40019       -1.93579        2.23469        0.00000
4.905584        4.90558        0.00047        1.37380       -1.12189        1.19472        1.03058        2.49597       -1.93975        2.31126        0.00000
4.985373        4.98537        0.00047        1.38711       -1.17118        1.21332        1.07056        2.59331       -1.94379        2.38908        0.00000
5.066461        5.06646        0.00048        1.40063       -1.22126        1.23223        1.11119        2.69223       -1.94788        2.46816        0.00000
5.148867        5.14887        0.00049        1.41437       -1.27216        1.25144        1.15248        2.79276       -1.95204        2.54853        0.00000
5.232614        5.23261        0.00049        1.42834       -1.32389        1.27096        1.19445        2.89493       -1.95627        2.63021        0.00000
5.317723        5.31772        0.00050        1.44253       -1.37646        1.29081        1.23709        2.99876       -1.96057        2.71321        0.00000
5.404216        5.40422        0.00051        1.45696       -1.42989        1.31097        1.28043        3.10427       -1.96494        2.79757        0.00000
5.492116        5.49212        0.00051        1.47162       -1.48419        1.33146        1.32448        3.21151       -1.96938        2.88329        0.00000
5.581446        5.58145        0.00052        1.48652       -1.53936        1.35229        1.36924        3.32048       -1.97389        2.97042        0.00000
5.672229        5.67223        0.00053        1.50166       -1.59544        1.37346        1.41473        3.43123       -1.97848        3.05895        0.00000
5.764488        5.76449        0.00053        1.51704       -1.65243        1.39497        1.46096        3.54378       -1.98314        3.14893        0.00000
5.858248        5.85825        0.00054        1.53268       -1.71034        1.41683        1.50794        3.65817       -1.98788        3.24037        0.00000
5.953533        5.95353        0.00055        1.54857       -1.76920        1.43904        1.55569        3.77441       -1.99269        3.33330        0.00000
6.050368        6.05037        0.00055        1.56472       -1.82901        1.46162        1.60421        3.89254       -1.99758        3.42774        0.00000
6.148778        6.14878        0.00056        1.58113       -1.88980        1.48456        1.65352        4.01260       -2.00255        3.52372        0.00000
6.248788        6.24879        0.00057        1.59781       -1.95157        1.50788        1.70364        4.13460       -2.00760        3.62126        0.00000
6.350425        6.35043        0.00058        1.61476       -2.01435        1.53157        1.75456        4.25859       -2.01274        3.72038        0.00000
6.453715        6.45372        0.00058        1.63199       -2.07815        1.55565        1.80632        4.38460       -2.01796        3.82112        0.00000
6.558686        6.55869        0.00059        1.64949       -2.14299        1.58013        1.85892        4.51266       -2.02326        3.92349        0.00000
6.665363        6.66536        0.00060        1.66728       -2.20888        1.60500        1.91237        4.64280       -2.02865        4.02753        0.00000
6.773776        6.77378        0.00061        1.68536       -2.27585        1.63027        1.96670        4.77506       -2.03412        4.13327        0.00000
6.883952        6.88395        0.00061        1.70374       -2.34390        1.65596        2.02191        4.90947       -2.03969        4.24072        0.00000
6.995920        6.99592        0.00062        1.72241       -2.41306        1.68207        2.07801        5.04606       -2.04534        4.34992        0.00000
7.109709        7.10971        0.00063        1.74139       -2.48335        1.70859        2.13503        5.18488       -2.05109        4.46089        0.00000
7.225349        7.22535        0.00064        1.76067       -2.55478        1.73556        2.19297        5.32595       -2.05693        4.57368        0.00000
7.342870        7.34287        0.00065        1.78027       -2.62737        1.76295        2.25186        5.46932       -2.06287        4.68829        0.00000
7.462303        7.46230        0.00037        1.88979       -5.14750        1.83933        4.42030        5.50501       -2.09186        4.72729        0.00000
7.583678        7.58368        0.00025        2.11336       -9.02248        2.05068        7.78707        5.43808       -2.14470        4.69345        0.00000
7.707027        7.70703        0.00021        2.38887      -13.25245        2.34868       11.49538        5.36968       -2.20197        4.65773        0.00000
7.832383        7.83238        0.00019        2.73535      -18.47088        2.75455       16.10196        5.29965       -2.26399        4.61995        0.00000
7.959777        7.95978        0.00018        3.18191      -25.34411        3.31622       22.20303        5.22800       -2.33031        4.58006        0.00000
8.089243        8.08924        0.00017        3.77561      -34.92228        4.12163       30.74367        5.15520       -2.39873        4.53835        0.00000
8.220816        8.22082        0.00017        4.59671      -49.11418        5.34054       43.44451        5.08308       -2.46230        4.49629        0.00000
8.354528        8.35453        0.00017        5.79515      -71.87887        7.34765       63.87430        5.01782       -2.49936        4.45901        0.00000
8.490415        8.49042        0.00018        7.68479     -112.88914       11.17532      100.73959        4.98137       -2.43211        4.44526        0.00000
8.628513        8.62851        0.00019       11.08577     -204.51806       21.54097      183.08347        5.06867       -1.82774        4.53744        0.00000
