x               rho            P              T              ur             uphi           uz             Br             Bphi           Bz
0.010000        0.99990        0.99991        1.00001        1.00002        1.00000       -0.00548       -0.01000       -0.01000       -0.01000
0.010163        0.99990        0.99991        1.00001        1.00003        1.00000       -0.00557       -0.01016       -0.01016       -0.01016
0.010328        0.99989        0.99990        1.00001        1.00003        1.00000       -0.00566       -0.01033       -0.01033       -0.01033
0.010496        0.99989        0.99990        1.00001        1.00003        1.00000       -0.00575       -0.01050       -0.01050       -0.01050
0.010667        0.99988        0.99989        1.00001        1.00003        1.00000       -0.00584       -0.01067       -0.01067       -0.01067
0.010840        0.99988        0.99989        1.00001        1.00003        1.00000       -0.00594       -0.01084       -0.01084       -0.01084
0.011016        0.99987        0.99988        1.00001        1.00003        1.00000       -0.00604       -0.01102       -0.01102       -0.01102
0.011196        0.99987        0.99988        1.00001        1.00003        1.00000       -0.00613       -0.01120       -0.01120       -0.01120
0.011378        0.99986        0.99987        1.00001        1.00003        1.00000       -0.00623       -0.01138       -0.01138       -0.01138
0.011563        0.99986        0.99987        1.00001        1.00004        1.00000       -0.00634       -0.01156       -0.01156       -0.01156
0.011751        0.99985        0.99986        1.00001        1.00004        1.00000       -0.00644       -0.01175       -0.01175       -0.01175
0.011942        0.99985        0.99986        1.00001        1.00004        1.00000       -0.00654       -0.01194       -0.01194       -0.01194
0.012136        0.99984        0.99985        1.00001        1.00004        1.00000       -0.00665       -0.01214       -0.01214       -0.01214
0.012334        0.99983        0.99985        1.00001        1.00004        1.00000       -0.00676       -0.01233       -0.01233       -0.01233
0.012534        0.99983        0.99984        1.00001        1.00004        1.00000       -0.00687       -0.01253       -0.01253       -0.01253
0.012738        0.99982        0.99984        1.00001        1.00004        1.00000       -0.00698       -0.01274       -0.01274       -0.01274
0.012945        0.99982        0.99983        1.00002        1.00005        1.00000       -0.00709       -0.01294       -0.01294       -0.01294
0.013156        0.99981        0.99983        1.00002        1.00005        1.00000       -0.00721       -0.01316       -0.01316       -0.01316
0.013370        0.99980        0.99982        1.00002        1.00005        1.00000       -0.00733       -0.01337       -0.01337       -0.01337
0.013587        0.99980        0.99981        1.00002        1.00005        1.00000       -0.00745       -0.01359       -0.01359       -0.01359
0.013808        0.99979        0.99981        1.00002        1.00005        1.00000       -0.00757       -0.01381       -0.01381       -0.01381
0.014033        0.99978        0.99980        1.00002        1.00005        1.00000       -0.00769       -0.01403       -0.01403       -0.01403
0.014261        0.99978        0.99980        1.00002        1.00006        1.00000       -0.00781       -0.01426       -0.01426       -0.01426
0.014493        0.99977        0.99979        1.00002        1.00006        1.00000       -0.00794       -0.01449       -0.01449       -0.01449
0.014729        0.99976        0.99978        1.00002        1.00006        1.00000       -0.00807       -0.01473       -0.01473       -0.01473
0.014968        0.99976        0.99978        1.00002        1.00006        1.00000       -0.00820       -0.01497       -0.01497       -0.01497
0.015212        0.99975        0.99977        1.00002        1.00006        1.00000       -0.00834       -0.01521       -0.01521       -0.01521
0.015459        0.99974        0.99976        1.00002        1.00007        1.00000       -0.00847       -0.01546       -0.01546       -0.01546
0.015711        0.99973        0.99976        1.00002        1.00007        1.00000       -0.00861       -0.01571       -0.01571       -0.01571
0.015966        0.99973        0.99975        1.00002        1.00007        1.00000       -0.00875       -0.01597       -0.01597       -0.01597
0.016226        0.99972        0.99974        1.00002        1.00007        1.00000       -0.00889       -0.01622       -0.01622       -0.01622
0.016490        0.99971        0.99973        1.00002        1.00007        1.00000       -0.00904       -0.01649       -0.01649       -0.01649
0.016758        0.99970        0.99973        1.00002        1.00007        1.00000       -0.00918       -0.01676       -0.01676       -0.01676
0.017031        0.99969        0.99972        1.00003        1.00008        1.00000       -0.00933       -0.01703       -0.01703       -0.01703
0.017308        0.99969        0.99971        1.00003        1.00008        1.00000       -0.00948       -0.01731       -0.01731       -0.01731
0.017589        0.99968        0.99971        1.00003        1.00008        1.00000       -0.00964       -0.01759       -0.01759       -0.01759
0.017875        0.99967        0.99970        1.00003        1.00008        1.00000       -0.00979       -0.01787       -0.01787       -0.01787
0.018166        0.99966        0.99969        1.00003        1.00009        1.00000       -0.00995       -0.01816       -0.01816       -0.01816
0.018461        0.99965        0.99968        1.00003        1.00009        1.00000       -0.01012       -0.01846       -0.01846       -0.01846
0.018762        0.99964        0.99967        1.00003        1.00009        0.99999       -0.01028       -0.01876       -0.01876       -0.01876
0.019067        0.99963        0.99967        1.00003        1.00009        0.99999       -0.01045       -0.01907       -0.01907       -0.01907
0.019377        0.99963        0.99966        1.00003        1.00009        0.99999       -0.01062       -0.01938       -0.01938       -0.01938
0.019692        0.99962        0.99965        1.00003        1.00010        0.99999       -0.01079       -0.01969       -0.01969       -0.01969
0.020012        0.99961        0.99964        1.00003        1.00010        0.99999       -0.01097       -0.02001       -0.02001       -0.02001
0.020338        0.99959        0.99963        1.00003        1.00010        0.99999       -0.01114       -0.02034       -0.02034       -0.02034
0.020669        0.99958        0.99961        1.00004        1.00011        0.99999       -0.01132       -0.02067       -0.02067       -0.02067
0.021005        0.99956        0.99960        1.00004        1.00011        0.99999       -0.01151       -0.02100       -0.02100       -0.02100
0.021347        0.99954        0.99958        1.00004        1.00012        0.99999       -0.01170       -0.02134       -0.02134       -0.02134
0.021694        0.99953        0.99957        1.00004        1.00012        0.99999       -0.01189       -0.02169       -0.02169       -0.02169
0.022047        0.99951        0.99955        1.00004        1.00012        0.99999       -0.01208       -0.02204       -0.02204       -0.02204
0.022405        0.99949        0.99953        1.00004        1.00013        0.99999       -0.01228       -0.02240       -0.02240       -0.02240
0.022770        0.99947        0.99952        1.00004        1.00013        0.99999       -0.01248       -0.02277       -0.02277       -0.02277
0.023140        0.99945        0.99950        1.00005        1.00014        0.99999       -0.01268       -0.02314       -0.02314       -0.02314
0.023516        0.99944        0.99948        1.00005        1.00014        0.99999       -0.01288       -0.02351       -0.02351       -0.02351
0.023899        0.99942        0.99947        1.00005        1.00015        0.99999       -0.01309       -0.02390       -0.02390       -0.02390
0.024288        0.99940        0.99945        1.00005        1.00015        0.99999       -0.01331       -0.02428       -0.02428       -0.02428
0.024683        0.99938        0.99943        1.00005        1.00016        0.99999       -0.01352       -0.02468       -0.02468       -0.02468
0.025084        0.99936        0.99941        1.00005        1.00016        0.99999       -0.01374       -0.02508       -0.02508       -0.02508
0.025492        0.99934        0.99939        1.00006        1.00017        0.99999       -0.01397       -0.02549       -0.02549       -0.02549
0.025907        0.99932        0.99938        1.00006        1.00017        0.99999       -0.01419       -0.02590       -0.02590       -0.02590
0.026328        0.99930        0.99936        1.00006        1.00018        0.99999       -0.01443       -0.02632       -0.02632       -0.02632
0.026756        0.99928        0.99934        1.00006        1.00018        0.99999       -0.01466       -0.02675       -0.02675       -0.02675
0.027192        0.99926        0.99932        1.00006        1.00019        0.99999       -0.01490       -0.02719       -0.02719       -0.02719
0.027634        0.99923        0.99930        1.00006        1.00019        0.99999       -0.01514       -0.02763       -0.02763       -0.02763
0.028083        0.99921        0.99928        1.00007        1.00020        0.99999       -0.01539       -0.02808       -0.02808       -0.02808
0.028540        0.99919        0.99926        1.00007        1.00020        0.99999       -0.01564       -0.02854       -0.02854       -0.02854
0.029004        0.99917        0.99924        1.00007        1.00021        0.99999       -0.01589       -0.02900       -0.02900       -0.02900
0.029476        0.99914        0.99921        1.00007        1.00022        0.99999       -0.01615       -0.02947       -0.02947       -0.02947
0.029955        0.99912        0.99919        1.00007        1.00022        0.99999       -0.01641       -0.02995       -0.02995       -0.02995
0.030443        0.99909        0.99916        1.00008        1.00023        0.99999       -0.01668       -0.03044       -0.03044       -0.03044
0.030938        0.99905        0.99913        1.00008        1.00024        0.99999       -0.01695       -0.03093       -0.03093       -0.03093
0.031441        0.99902        0.99910        1.00008        1.00025        0.99999       -0.01723       -0.03144       -0.03144       -0.03144
0.031952        0.99898        0.99907        1.00008        1.00026        0.99999       -0.01751       -0.03195       -0.03195       -0.03195
0.032472        0.99895        0.99904        1.00009        1.00026        0.99998       -0.01779       -0.03247       -0.03247       -0.03247
0.033000        0.99891        0.99900        1.00009        1.00027        0.99998       -0.01808       -0.03299       -0.03299       -0.03299
0.033537        0.99888        0.99897        1.00009        1.00028        0.99998       -0.01837       -0.03353       -0.03353       -0.03353
0.034083        0.99884        0.99894        1.00010        1.00029        0.99998       -0.01867       -0.03407       -0.03407       -0.03407
0.034637        0.99880        0.99890        1.00010        1.00030        0.99998       -0.01898       -0.03463       -0.03463       -0.03463
0.035200        0.99876        0.99886        1.00010        1.00031        0.99998       -0.01928       -0.03519       -0.03519       -0.03519
0.035773        0.99872        0.99883        1.00011        1.00032        0.99998       -0.01960       -0.03576       -0.03576       -0.03576
0.036355        0.99868        0.99879        1.00011        1.00033        0.99998       -0.01992       -0.03635       -0.03635       -0.03635
0.036946        0.99864        0.99875        1.00011        1.00034        0.99998       -0.02024       -0.03694       -0.03694       -0.03694
0.037547        0.99860        0.99872        1.00012        1.00035        0.99998       -0.02057       -0.03754       -0.03754       -0.03754
0.038158        0.99856        0.99868        1.00012        1.00036        0.99998       -0.02090       -0.03815       -0.03815       -0.03815
0.038778        0.99852        0.99864        1.00012        1.00037        0.99998       -0.02124       -0.03877       -0.03877       -0.03877
0.039409        0.99847        0.99860        1.00013        1.00038        0.99998       -0.02159       -0.03940       -0.03940       -0.03940
0.040050        0.99843        0.99856        1.00013        1.00040        0.99998       -0.02194       -0.04004       -0.04004       -0.04004
0.040701        0.99837        0.99851        1.00014        1.00041        0.99998       -0.02230       -0.04069       -0.04069       -0.04069
0.041363        0.99831        0.99845        1.00014        1.00042        0.99998       -0.02266       -0.04135       -0.04135       -0.04135
0.042036        0.99825        0.99840        1.00015        1.00044        0.99997       -0.02303       -0.04202       -0.04202       -0.04202
0.042720        0.99819        0.99834        1.00015        1.00045        0.99997       -0.02340       -0.04270       -0.04270       -0.04270
0.043415        0.99813        0.99829        1.00016        1.00047        0.99997       -0.02378       -0.04340       -0.04340       -0.04340
0.044121        0.99807        0.99823        1.00016        1.00048        0.99997       -0.02417       -0.04410       -0.04410       -0.04410
0.044839        0.99801        0.99817        1.00017        1.00050        0.99997       -0.02456       -0.04482       -0.04482       -0.04482
0.045568        0.99794        0.99811        1.00017        1.00052        0.99997       -0.02496       -0.04555       -0.04555       -0.04555
0.046309        0.99788        0.99805        1.00018        1.00053        0.99997       -0.02537       -0.04629       -0.04629       -0.04629
0.047062        0.99781        0.99799        1.00018        1.00055        0.99997       -0.02578       -0.04704       -0.04704       -0.04704
0.047828        0.99774        0.99793        1.00019        1.00056        0.99997       -0.02620       -0.04781       -0.04781       -0.04781
0.048606        0.99767        0.99787        1.00019        1.00058        0.99997       -0.02662       -0.04858       -0.04858       -0.04858
0.049396        0.99760        0.99780        1.00020        1.00060        0.99997       -0.02706       -0.04937       -0.04937       -0.04937
0.050200        0.99753        0.99774        1.00021        1.00062        0.99996       -0.02750       -0.05018       -0.05018       -0.05018
0.051016        0.99744        0.99766        1.00021        1.00064        0.99996       -0.02794       -0.05099       -0.05099       -0.05099
0.051846        0.99735        0.99757        1.00022        1.00066        0.99996       -0.02840       -0.05182       -0.05182       -0.05182
0.052689        0.99726        0.99749        1.00023        1.00068        0.99996       -0.02886       -0.05266       -0.05266       -0.05266
0.053546        0.99717        0.99741        1.00024        1.00071        0.99996       -0.02933       -0.05352       -0.05352       -0.05352
0.054417        0.99708        0.99732        1.00024        1.00073        0.99996       -0.02980       -0.05439       -0.05439       -0.05439
0.055302        0.99698        0.99723        1.00025        1.00075        0.99996       -0.03029       -0.05527       -0.05527       -0.05527
0.056202        0.99688        0.99714        1.00026        1.00078        0.99995       -0.03078       -0.05617       -0.05617       -0.05617
0.057116        0.99679        0.99705        1.00027        1.00080        0.99995       -0.03128       -0.05708       -0.05708       -0.05708
0.058045        0.99669        0.99696        1.00028        1.00082        0.99995       -0.03179       -0.05801       -0.05801       -0.05801
0.058989        0.99658        0.99687        1.00029        1.00085        0.99995       -0.03231       -0.05895       -0.05895       -0.05895
0.059948        0.99648        0.99677        1.00029        1.00087        0.99995       -0.03283       -0.05991       -0.05991       -0.05991
0.060923        0.99636        0.99666        1.00030        1.00090        0.99995       -0.03336       -0.06088       -0.06088       -0.06088
0.061914        0.99623        0.99655        1.00031        1.00094        0.99995       -0.03391       -0.06187       -0.06187       -0.06187
0.062921        0.99610        0.99643        1.00032        1.00097        0.99994       -0.03446       -0.06287       -0.06287       -0.06287
0.063945        0.99597        0.99631        1.00034        1.00100        0.99994       -0.03502       -0.06389       -0.06389       -0.06389
0.064985        0.99584        0.99619        1.00035        1.00103        0.99994       -0.03558       -0.06493       -0.06493       -0.06493
0.066042        0.99571        0.99606        1.00036        1.00106        0.99994       -0.03616       -0.06599       -0.06599       -0.06599
0.067116        0.99557        0.99594        1.00037        1.00110        0.99994       -0.03675       -0.06706       -0.06706       -0.06706
0.068208        0.99543        0.99581        1.00038        1.00113        0.99993       -0.03735       -0.06815       -0.06815       -0.06815
0.069317        0.99529        0.99568        1.00039        1.00116        0.99993       -0.03795       -0.06925       -0.06925       -0.06925
0.070445        0.99514        0.99554        1.00041        1.00120        0.99993       -0.03857       -0.07038       -0.07038       -0.07038
0.071590        0.99497        0.99539        1.00042        1.00124        0.99993       -0.03920       -0.07152       -0.07152       -0.07152
0.072755        0.99480        0.99523        1.00043        1.00128        0.99992       -0.03983       -0.07268       -0.07268       -0.07268
0.073938        0.99463        0.99508        1.00045        1.00132        0.99992       -0.04048       -0.07386       -0.07386       -0.07386
0.075141        0.99445        0.99491        1.00046        1.00136        0.99992       -0.04113       -0.07506       -0.07506       -0.07506
0.076363        0.99427        0.99475        1.00048        1.00141        0.99992       -0.04180       -0.07628       -0.07628       -0.07628
0.077605        0.99409        0.99458        1.00049        1.00145        0.99991       -0.04248       -0.07752       -0.07752       -0.07752
0.078867        0.99391        0.99441        1.00051        1.00150        0.99991       -0.04317       -0.07877       -0.07877       -0.07877
0.080150        0.99372        0.99424        1.00052        1.00154        0.99991       -0.04387       -0.08005       -0.08005       -0.08005
0.081454        0.99350        0.99404        1.00054        1.00159        0.99991       -0.04458       -0.08135       -0.08135       -0.08135
0.082779        0.99328        0.99384        1.00056        1.00164        0.99990       -0.04531       -0.08267       -0.08267       -0.08267
0.084125        0.99306        0.99363        1.00058        1.00170        0.99990       -0.04604       -0.08401       -0.08401       -0.08401
0.085493        0.99283        0.99343        1.00060        1.00175        0.99990       -0.04679       -0.08537       -0.08537       -0.08537
0.086884        0.99260        0.99321        1.00062        1.00180        0.99989       -0.04755       -0.08676       -0.08676       -0.08676
0.088297        0.99237        0.99300        1.00064        1.00186        0.99989       -0.04832       -0.08817       -0.08817       -0.08817
0.089733        0.99213        0.99278        1.00066        1.00191        0.99989       -0.04910       -0.08960       -0.08960       -0.08960
0.091193        0.99186        0.99254        1.00068        1.00198        0.99988       -0.04990       -0.09105       -0.09105       -0.09105
0.092676        0.99159        0.99229        1.00070        1.00204        0.99988       -0.05071       -0.09252       -0.09252       -0.09252
0.094183        0.99131        0.99203        1.00073        1.00210        0.99987       -0.05153       -0.09402       -0.09402       -0.09402
0.095715        0.99103        0.99177        1.00075        1.00217        0.99987       -0.05236       -0.09555       -0.09555       -0.09555
0.097272        0.99074        0.99151        1.00078        1.00224        0.99987       -0.05321       -0.09710       -0.09710       -0.09710
0.098854        0.99044        0.99124        1.00080        1.00230        0.99986       -0.05407       -0.09867       -0.09867       -0.09867
0.100462        0.99014        0.99096        1.00083        1.00237        0.99986       -0.05495       -0.10027       -0.10027       -0.10027
0.102096        0.98981        0.99065        1.00085        1.00245        0.99985       -0.05584       -0.10189       -0.10189       -0.10189
0.103757        0.98947        0.99034        1.00088        1.00252        0.99985       -0.05674       -0.10354       -0.10354       -0.10354
0.105444        0.98912        0.99002        1.00091        1.00260        0.99984       -0.05766       -0.10522       -0.10522       -0.10522
0.107159        0.98877        0.98970        1.00094        1.00268        0.99984       -0.05860       -0.10692       -0.10692       -0.10692
0.108902        0.98841        0.98938        1.00097        1.00276        0.99983       -0.05954       -0.10866       -0.10866       -0.10866
0.110674        0.98804        0.98903        1.00100        1.00285        0.99983       -0.06051       -0.11042       -0.11042       -0.11042
0.112474        0.98764        0.98866        1.00104        1.00293        0.99982       -0.06149       -0.11220       -0.11220       -0.11220
0.114303        0.98723        0.98829        1.00107        1.00302        0.99981       -0.06248       -0.11402       -0.11402       -0.11402
0.116162        0.98682        0.98791        1.00111        1.00312        0.99981       -0.06349       -0.11586       -0.11586       -0.11586
0.118052        0.98639        0.98752        1.00114        1.00321        0.99980       -0.06452       -0.11774       -0.11774       -0.11774
0.119972        0.98596        0.98713        1.00118        1.00330        0.99980       -0.06556       -0.11964       -0.11964       -0.11964
0.121923        0.98549        0.98670        1.00122        1.00340        0.99979       -0.06662       -0.12158       -0.12158       -0.12158
0.123906        0.98501        0.98625        1.00126        1.00351        0.99978       -0.06769       -0.12354       -0.12354       -0.12354
0.125922        0.98452        0.98581        1.00130        1.00361        0.99977       -0.06879       -0.12554       -0.12554       -0.12554
0.127970        0.98403        0.98535        1.00134        1.00372        0.99977       -0.06990       -0.12757       -0.12757       -0.12757
0.130051        0.98352        0.98489        1.00139        1.00382        0.99976       -0.07103       -0.12963       -0.12963       -0.12963
0.132166        0.98297        0.98438        1.00143        1.00394        0.99975       -0.07217       -0.13172       -0.13172       -0.13172
0.134316        0.98241        0.98387        1.00148        1.00405        0.99974       -0.07333       -0.13385       -0.13385       -0.13385
0.136501        0.98184        0.98334        1.00153        1.00417        0.99973       -0.07452       -0.13601       -0.13601       -0.13601
0.138721        0.98126        0.98281        1.00158        1.00429        0.99973       -0.07572       -0.13821       -0.13821       -0.13821
0.140977        0.98065        0.98225        1.00163        1.00441        0.99972       -0.07694       -0.14044       -0.14044       -0.14044
0.143270        0.98001        0.98166        1.00169        1.00454        0.99971       -0.07817       -0.14270       -0.14270       -0.14270
0.145601        0.97936        0.98106        1.00174        1.00467        0.99970       -0.07943       -0.14500       -0.14500       -0.14500
0.147969        0.97870        0.98046        1.00180        1.00481        0.99969       -0.08071       -0.14734       -0.14734       -0.14734
0.150376        0.97802        0.97983        1.00186        1.00494        0.99968       -0.08201       -0.14972       -0.14972       -0.14972
0.152821        0.97729        0.97916        1.00192        1.00508        0.99967       -0.08332       -0.15213       -0.15213       -0.15213
0.155307        0.97654        0.97848        1.00198        1.00522        0.99966       -0.08466       -0.15458       -0.15458       -0.15458
0.157833        0.97579        0.97779        1.00205        1.00536        0.99965       -0.08602       -0.15707       -0.15707       -0.15707
0.160400        0.97502        0.97708        1.00212        1.00551        0.99963       -0.08740       -0.15960       -0.15960       -0.15960
0.163009        0.97419        0.97632        1.00219        1.00566        0.99962       -0.08880       -0.16217       -0.16217       -0.16217
0.165661        0.97335        0.97555        1.00226        1.00581        0.99961       -0.09022       -0.16478       -0.16478       -0.16478
0.168355        0.97249        0.97476        1.00233        1.00597        0.99960       -0.09166       -0.16743       -0.16743       -0.16743
0.171093        0.97161        0.97395        1.00241        1.00613        0.99958       -0.09313       -0.17012       -0.17012       -0.17012
0.173876        0.97067        0.97309        1.00249        1.00629        0.99957       -0.09461       -0.17285       -0.17285       -0.17285
0.176704        0.96973        0.97222        1.00257        1.00645        0.99956       -0.09612       -0.17562       -0.17562       -0.17562
0.179578        0.96876        0.97134        1.00266        1.00662        0.99954       -0.09765       -0.17845       -0.17845       -0.17845
0.182499        0.96774        0.97040        1.00275        1.00679        0.99953       -0.09921       -0.18131       -0.18131       -0.18131
0.185468        0.96669        0.96943        1.00284        1.00696        0.99951       -0.10078       -0.18421       -0.18421       -0.18421
0.188484        0.96562        0.96845        1.00293        1.00713        0.99949       -0.10238       -0.18717       -0.18717       -0.18717
0.191550        0.96451        0.96743        1.00303        1.00730        0.99948       -0.10401       -0.19017       -0.19017       -0.19017
0.194666        0.96335        0.96637        1.00313        1.00747        0.99946       -0.10565       -0.19321       -0.19321       -0.19321
0.197832        0.96218        0.96529        1.00323        1.00765        0.99944       -0.10732       -0.19630       -0.19630       -0.19630
0.201050        0.96097        0.96417        1.00334        1.00783        0.99942       -0.10902       -0.19944       -0.19944       -0.19944
0.204320        0.95969        0.96300        1.00345        1.00801        0.99940       -0.11073       -0.20263       -0.20263       -0.20263
0.207643        0.95840        0.96181        1.00356        1.00818        0.99939       -0.11248       -0.20586       -0.20586       -0.20586
0.211020        0.95707        0.96059        1.00368        1.00836        0.99937       -0.11425       -0.20915       -0.20915       -0.20915
0.214453        0.95567        0.95931        1.00381        1.00854        0.99934       -0.11603       -0.21248       -0.21248       -0.21248
0.217941        0.95425        0.95800        1.00393        1.00872        0.99932       -0.11785       -0.21587       -0.21587       -0.21587
0.221486        0.95278        0.95665        1.00406        1.00889        0.99930       -0.11969       -0.21931       -0.21931       -0.21931
0.225088        0.95125        0.95525        1.00420        1.00906        0.99928       -0.12155       -0.22280       -0.22280       -0.22280
0.228749        0.94970        0.95382        1.00434        1.00923        0.99925       -0.12344       -0.22634       -0.22634       -0.22634
0.232470        0.94808        0.95233        1.00448        1.00940        0.99923       -0.12535       -0.22993       -0.22993       -0.22993
0.236251        0.94641        0.95079        1.00463        1.00956        0.99920       -0.12728       -0.23358       -0.23358       -0.23358
0.240093        0.94471        0.94923        1.00478        1.00972        0.99918       -0.12925       -0.23729       -0.23729       -0.23729
0.243999        0.94292        0.94758        1.00495        1.00986        0.99915       -0.13123       -0.24104       -0.24104       -0.24104
0.247967        0.94110        0.94591        1.00511        1.01001        0.99912       -0.13323       -0.24486       -0.24486       -0.24486
0.252000        0.93922        0.94418        1.00528        1.01014        0.99909       -0.13526       -0.24873       -0.24873       -0.24873
0.256099        0.93727        0.94238        1.00546        1.01026        0.99906       -0.13731       -0.25266       -0.25266       -0.25266
0.260265        0.93529        0.94056        1.00564        1.01039        0.99903       -0.13939       -0.25664       -0.25664       -0.25664
0.264498        0.93320        0.93864        1.00583        1.01048        0.99900       -0.14148       -0.26068       -0.26068       -0.26068
0.268800        0.93109        0.93669        1.00602        1.01057        0.99897       -0.14360       -0.26478       -0.26478       -0.26478
0.273172        0.92889        0.93467        1.00623        1.01064        0.99894       -0.14573       -0.26894       -0.26894       -0.26894
0.277615        0.92663        0.93259        1.00643        1.01069        0.99890       -0.14789       -0.27316       -0.27316       -0.27316
0.282131        0.92430        0.93045        1.00665        1.01073        0.99886       -0.15006       -0.27744       -0.27744       -0.27744
0.286720        0.92189        0.92823        1.00687        1.01073        0.99883       -0.15225       -0.28178       -0.28178       -0.28178
0.291383        0.91943        0.92596        1.00710        1.01073        0.99879       -0.15446       -0.28618       -0.28618       -0.28618
0.296123        0.91687        0.92360        1.00734        1.01068        0.99875       -0.15667       -0.29064       -0.29064       -0.29064
0.300939        0.91426        0.92119        1.00759        1.01061        0.99871       -0.15891       -0.29516       -0.29516       -0.29516
0.305834        0.91154        0.91869        1.00785        1.01050        0.99867       -0.16115       -0.29974       -0.29974       -0.29974
0.310808        0.90876        0.91613        1.00811        1.01037        0.99862       -0.16341       -0.30440       -0.30440       -0.30440
0.315864        0.90588        0.91347        1.00838        1.01017        0.99858       -0.16566       -0.30910       -0.30910       -0.30910
0.321001        0.90293        0.91076        1.00866        1.00995        0.99853       -0.16793       -0.31388       -0.31388       -0.31388
0.326222        0.89988        0.90794        1.00896        1.00966        0.99849       -0.17019       -0.31871       -0.31871       -0.31871
0.331528        0.89675        0.90505        1.00926        1.00933        0.99844       -0.17246       -0.32361       -0.32361       -0.32361
0.336921        0.89352        0.90207        1.00958        1.00893        0.99839       -0.17471       -0.32856       -0.32856       -0.32856
0.342401        0.89020        0.89901        1.00990        1.00847        0.99834       -0.17697       -0.33359       -0.33359       -0.33359
0.347970        0.88678        0.89585        1.01024        1.00793        0.99828       -0.17920       -0.33867       -0.33867       -0.33867
0.353630        0.88325        0.89260        1.01058        1.00731        0.99823       -0.18142       -0.34382       -0.34382       -0.34382
0.359381        0.87964        0.88927        1.01094        1.00663        0.99817       -0.18363       -0.34903       -0.34903       -0.34903
0.365227        0.87590        0.88581        1.01132        1.00580        0.99811       -0.18578       -0.35430       -0.35430       -0.35430
0.371167        0.87208        0.88228        1.01170        1.00492        0.99805       -0.18793       -0.35964       -0.35964       -0.35964
0.377204        0.86813        0.87863        1.01210        1.00389        0.99799       -0.19002       -0.36503       -0.36503       -0.36503
0.383340        0.86407        0.87489        1.01251        1.00274        0.99793       -0.19206       -0.37048       -0.37048       -0.37048
0.389575        0.85992        0.87104        1.01294        1.00149        0.99787       -0.19407       -0.37601       -0.37601       -0.37601
0.395911        0.85562        0.86707        1.01338        1.00003        0.99780       -0.19597       -0.38157       -0.38157       -0.38157
0.402351        0.85122        0.86300        1.01384        0.99844        0.99773       -0.19783       -0.38720       -0.38720       -0.38720
0.408895        0.84670        0.85882        1.01432        0.99669        0.99767       -0.19960       -0.39289       -0.39289       -0.39289
0.415546        0.84204        0.85451        1.01481        0.99469        0.99760       -0.20124       -0.39863       -0.39863       -0.39863
0.422304        0.83727        0.85010        1.01532        0.99253        0.99752       -0.20280       -0.40443       -0.40443       -0.40443
0.429173        0.83237        0.84556        1.01584        0.99014        0.99745       -0.20424       -0.41028       -0.41028       -0.41028
0.436154        0.82733        0.84089        1.01639        0.98745        0.99738       -0.20549       -0.41616       -0.41616       -0.41616
0.443248        0.82217        0.83611        1.01696        0.98452        0.99730       -0.20661       -0.42210       -0.42210       -0.42210
0.450457        0.81688        0.83121        1.01754        0.98134        0.99723       -0.20758       -0.42810       -0.42810       -0.42810
0.457784        0.81144        0.82617        1.01815        0.97775        0.99715       -0.20829       -0.43412       -0.43412       -0.43412
0.465230        0.80586        0.82100        1.01878        0.97382        0.99707       -0.20878       -0.44018       -0.44018       -0.44018
0.472797        0.80016        0.81571        1.01944        0.96954        0.99699       -0.20905       -0.44628       -0.44628       -0.44628
0.480487        0.79431        0.81028        1.02011        0.96488        0.99691       -0.20908       -0.45243       -0.45243       -0.45243
0.488302        0.78831        0.80472        1.02081        0.95968        0.99684       -0.20872       -0.45858       -0.45858       -0.45858
0.496244        0.78218        0.79902        1.02154        0.95398        0.99676       -0.20802       -0.46475       -0.46475       -0.46475
0.504316        0.77590        0.79319        1.02229        0.94778        0.99668       -0.20695       -0.47095       -0.47095       -0.47095
0.512519        0.76948        0.78723        1.02307        0.94102        0.99660       -0.20549       -0.47716       -0.47716       -0.47716
0.520855        0.76292        0.78113        1.02388        0.93364        0.99653       -0.20358       -0.48338       -0.48338       -0.48338
0.529327        0.75621        0.77490        1.02472        0.92554        0.99646       -0.20112       -0.48960       -0.48960       -0.48960
0.537936        0.74936        0.76853        1.02559        0.91665        0.99639       -0.19804       -0.49579       -0.49579       -0.49579
0.546686        0.74237        0.76203        1.02649        0.90696        0.99632       -0.19436       -0.50198       -0.50198       -0.50198
0.555578        0.73524        0.75540        1.02742        0.89640        0.99626       -0.18999       -0.50814       -0.50814       -0.50814
0.564614        0.72798        0.74864        1.02839        0.88491        0.99621       -0.18486       -0.51427       -0.51427       -0.51427
0.573798        0.72058        0.74176        1.02939        0.87239        0.99616       -0.17891       -0.52036       -0.52036       -0.52036
0.583131        0.71305        0.73475        1.03043        0.85877        0.99612       -0.17204       -0.52639       -0.52639       -0.52639
0.592615        0.70540        0.72763        1.03151        0.84395        0.99609       -0.16417       -0.53236       -0.53236       -0.53236
0.602254        0.69763        0.72039        1.03263        0.82783        0.99607       -0.15519       -0.53825       -0.53825       -0.53825
0.612050        0.68974        0.71304        1.03379        0.81031        0.99606       -0.14500       -0.54405       -0.54405       -0.54405
0.622005        0.68175        0.70560        1.03499        0.79128        0.99607       -0.13349       -0.54974       -0.54974       -0.54974
0.632122        0.67365        0.69806        1.03623        0.77063        0.99610       -0.12054       -0.55530       -0.55530       -0.55530
0.642403        0.66547        0.69044        1.03752        0.74824        0.99614       -0.10601       -0.56073       -0.56073       -0.56073
0.652852        0.65721        0.68275        1.03886        0.72398        0.99621       -0.08978       -0.56600       -0.56600       -0.56600
0.663471        0.64889        0.67499        1.04024        0.69773        0.99631       -0.07170       -0.57109       -0.57109       -0.57109
0.674262        0.64051        0.66719        1.04167        0.66937        0.99643       -0.05162       -0.57598       -0.57598       -0.57598
0.685229        0.63209        0.65936        1.04315        0.63877        0.99659       -0.02939       -0.58066       -0.58066       -0.58066
0.696374        0.62365        0.65151        1.04469        0.60578        0.99678       -0.00486       -0.58510       -0.58510       -0.58510
0.707701        0.61520        0.64366        1.04627        0.57030        0.99701        0.02213       -0.58928       -0.58928       -0.58928
0.719212        0.60676        0.63584        1.04791        0.53218        0.99729        0.05176       -0.59317       -0.59317       -0.59317
0.730910        0.59837        0.62806        1.04961        0.49118        0.99762        0.08432       -0.59674       -0.59674       -0.59674
0.742798        0.59006        0.62036        1.05136        0.44714        0.99802        0.12003       -0.59993       -0.59993       -0.59993
0.754880        0.58182        0.61276        1.05317        0.40010        0.99847        0.15889       -0.60276       -0.60276       -0.60276
0.767158        0.57370        0.60527        1.05503        0.34996        0.99899        0.20105       -0.60519       -0.60519       -0.60519
0.779636        0.56571        0.59792        1.05695        0.29665        0.99958        0.24665       -0.60721       -0.60721       -0.60721
0.792317        0.55793        0.59080        1.05892        0.23977        1.00027        0.29622       -0.60870       -0.60870       -0.60870
0.805204        0.55035        0.58389        1.06095        0.17954        1.00104        0.34959       -0.60968       -0.60968       -0.60968
0.818301        0.54300        0.57723        1.06304        0.11601        1.00190        0.40676       -0.61015       -0.61015       -0.61015
0.831610        0.53594        0.57087        1.06517        0.04900        1.00287        0.46804       -0.61003       -0.61003       -0.61003
0.845137        0.52922        0.56487        1.06736       -0.02146        1.00394        0.53353       -0.60926       -0.60926       -0.60926
0.858883        0.52282        0.55921        1.06959       -0.09506        1.00513        0.60292       -0.60788       -0.60788       -0.60788
0.872853        0.51685        0.55399        1.07187       -0.17192        1.00643        0.67656       -0.60576       -0.60576       -0.60576
0.887050        0.51130        0.54922        1.07418       -0.25170        1.00786        0.75412       -0.60292       -0.60292       -0.60292
0.901478        0.50619        0.54492        1.07652       -0.33414        1.00940        0.83546       -0.59932       -0.59932       -0.59932
0.916140        0.50160        0.54117        1.07888       -0.41899        1.01108        0.92054       -0.59488       -0.59488       -0.59488
0.931041        0.49749        0.53792        1.08126       -0.50578        1.01287        1.00881       -0.58965       -0.58965       -0.58965
0.946185        0.49396        0.53527        1.08364       -0.59404        1.01479        1.10013       -0.58348       -0.58348       -0.58348
0.961575        0.49093        0.53315        1.08602       -0.68322        1.01682        1.19384       -0.57644       -0.57644       -0.57644
0.977215        0.48845        0.53161        1.08837       -0.77256        1.01895        1.28942       -0.56844       -0.56844       -0.56844
0.993109        0.48648        0.53060        1.09067       -0.86131        1.02118        1.38611       -0.55948       -0.55948       -0.55948
1.009262        0.48498        0.53005        1.09293       -0.94862        1.02350        1.48312       -0.54957       -0.54957       -0.54957
1.025678        0.48392        0.52993        1.09509       -1.03308        1.02588        1.57917       -0.53863       -0.53863       -0.53863
1.042361        0.48316        0.53011        1.09716       -1.11388        1.02831        1.67330       -0.52674       -0.52674       -0.52674
1.059315        0.48263        0.53045        1.09909       -1.18950        1.03078        1.76398       -0.51389       -0.51389       -0.51389
1.076545        0.48216        0.53079        1.10086       -1.25789        1.03325        1.84909       -0.50009       -0.50009       -0.50009
1.094055        0.48156        0.53089        1.10244       -1.31783        1.03571        1.92709       -0.48546       -0.48546       -0.48546
1.111850        0.48064        0.53053        1.10380       -1.36739        1.03812        1.99572       -0.47008       -0.47008       -0.47008
1.129934        0.47913        0.52939        1.10490       -1.40437        1.04046        2.05234       -0.45406       -0.45406       -0.45406
1.148312        0.47673        0.52711        1.10569       -1.42581        1.04268        2.09333       -0.43760       -0.43760       -0.43760
1.166990        0.47315        0.52337        1.10614       -1.43018        1.04473        2.11637       -0.42092       -0.42092       -0.42092
1.185971        0.46813        0.51786        1.10622       -1.41534        1.04656        2.11840       -0.40429       -0.40429       -0.40429
1.205261        0.46139        0.51026        1.10590       -1.37948        1.04808        2.09658       -0.38802       -0.38802       -0.38802
1.224865        0.45274        0.50034        1.10515       -1.32140        1.04921        2.04866       -0.37248       -0.37248       -0.37248
1.244787        0.44205        0.48800        1.10393       -1.24090        1.04985        1.97344       -0.35801       -0.35801       -0.35801
1.265034        0.42936        0.47326        1.10224       -1.13907        1.04987        1.87135       -0.34496       -0.34496       -0.34496
1.285610        0.41482        0.45633        1.10006       -1.01863        1.04915        1.74479       -0.33365       -0.33365       -0.33365
1.306520        0.39876        0.43761        1.09740       -0.88387        1.04759        1.59838       -0.32428       -0.32428       -0.32428
1.327771        0.38165        0.41763        1.09428       -0.74038        1.04513        1.43857       -0.31696       -0.31696       -0.31696
1.349367        0.36401        0.39704        1.09072       -0.59439        1.04172        1.27300       -0.31169       -0.31169       -0.31169
1.371315        0.34645        0.37650        1.08675       -0.45224        1.03736        1.10967       -0.30841       -0.30841       -0.30841
1.393619        0.32951        0.35667        1.08242       -0.31927        1.03215        0.95561       -0.30689       -0.30689       -0.30689
1.416287        0.31364        0.33804        1.07779       -0.19896        1.02620        0.81560       -0.30686       -0.30686       -0.30686
1.439323        0.29916        0.32098        1.07291       -0.09335        1.01964        0.69249       -0.30806       -0.30806       -0.30806
1.462733        0.28640        0.30582        1.06782       -0.00390        1.01258        0.58819       -0.31027       -0.31027       -0.31027
1.486525        0.27539        0.29263        1.06260        0.07033        1.00519        0.50160       -0.31323       -0.31323       -0.31323
1.510703        0.26615        0.28140        1.05728        0.13049        0.99757        0.43119       -0.31674       -0.31674       -0.31674
1.535275        0.25873        0.27216        1.05192        0.17726        0.98985        0.37595       -0.32066       -0.32066       -0.32066
1.560246        0.25289        0.26467        1.04658        0.21296        0.98213        0.33303       -0.32484       -0.32484       -0.32484
1.585624        0.24861        0.25888        1.04131        0.23820        0.97450        0.30167       -0.32917       -0.32917       -0.32917
1.611414        0.24560        0.25448        1.03614        0.25495        0.96704        0.27976       -0.33357       -0.33357       -0.33357
1.637624        0.24369        0.25128        1.03114        0.26397        0.95982        0.26682       -0.33795       -0.33795       -0.33795
1.664260        0.24259        0.24898        1.02634        0.26642        0.95292        0.26210       -0.34225       -0.34225       -0.34225
1.691330        0.24199        0.24727        1.02179        0.26320        0.94640        0.26533       -0.34641       -0.34641       -0.34641
1.718839        0.24157        0.24581        1.01755        0.25494        0.94031        0.27677       -0.35039       -0.35039       -0.35039
1.746796        0.24093        0.24422        1.01365        0.24233        0.93473        0.29670       -0.35411       -0.35411       -0.35411
1.775208        0.23970        0.24213        1.01014        0.22603        0.92969        0.32548       -0.35754       -0.35754       -0.35754
1.804082        0.23750        0.23917        1.00705        0.20657        0.92525        0.36365       -0.36064       -0.36064       -0.36064
1.833425        0.23396        0.23500        1.00442        0.18452        0.92144        0.41176       -0.36336       -0.36336       -0.36336
1.863246        0.22883        0.22936        1.00229        0.16040        0.91830        0.47038       -0.36567       -0.36567       -0.36567
1.893552        0.22193        0.22209        1.00068        0.13474        0.91586        0.54008       -0.36754       -0.36754       -0.36754
1.924351        0.21323        0.21315        0.99960        0.10802        0.91413        0.62154       -0.36896       -0.36896       -0.36896
1.955651        0.20284        0.20265        0.99907        0.08064        0.91311        0.71561       -0.36993       -0.36993       -0.36993
1.987460        0.19099        0.19081        0.99908        0.05287        0.91280        0.82342       -0.37044       -0.37044       -0.37044
2.019786        0.17802        0.17796        0.99962        0.02482        0.91316        0.94648       -0.37053       -0.37053       -0.37053
2.052638        0.16434        0.16446        1.00069       -0.00354        0.91418        1.08714       -0.37021       -0.37021       -0.37021
2.086024        0.15038        0.15072        1.00226       -0.03244        0.91581        1.24763       -0.36952       -0.36952       -0.36952
2.119953        0.13651        0.13710        1.00430       -0.06222        0.91799        1.43074       -0.36848       -0.36848       -0.36848
2.154435        0.12310        0.12393        1.00679       -0.09337        0.92071        1.64059       -0.36713       -0.36713       -0.36713
2.189477        0.11037        0.11144        1.00969       -0.12639        0.92388        1.88000       -0.36551       -0.36551       -0.36551
2.225089        0.09855        0.09982        1.01299       -0.16190        0.92748        2.15380       -0.36365       -0.36365       -0.36365
2.261280        0.08769        0.08915        1.01664       -0.20039        0.93143        2.46516       -0.36156       -0.36156       -0.36156
2.298060        0.07789        0.07949        1.02062       -0.24246        0.93570        2.81887       -0.35929       -0.35929       -0.35929
2.335438        0.06910        0.07082        1.02491       -0.28859        0.94025        3.21870       -0.35685       -0.35685       -0.35685
2.373424        0.06129        0.06310        1.02948       -0.33921        0.94503        3.66830       -0.35427       -0.35427       -0.35427
2.412028        0.05439        0.05626        1.03431       -0.39473        0.95001        4.17141       -0.35155       -0.35155       -0.35155
2.451260        0.04833        0.05023        1.03938       -0.45546        0.95515        4.73155       -0.34872       -0.34872       -0.34872
2.491130        0.04301        0.04493        1.04468       -0.52170        0.96045        5.35193       -0.34578       -0.34578       -0.34578
2.531648        0.03837        0.04029        1.05020       -0.59366        0.96586        6.03545       -0.34275       -0.34275       -0.34275
2.572826        0.03430        0.03622        1.05593       -0.67152        0.97139        6.78469       -0.33964       -0.33964       -0.33964
2.614673        0.03075        0.03265        1.06185       -0.75530        0.97701        7.60171       -0.33644       -0.33644       -0.33644
2.657201        0.02764        0.02952        1.06795       -0.84517        0.98271        8.48887       -0.33317       -0.33317       -0.33317
2.700421        0.02492        0.02677        1.07424       -0.94128        0.98849        9.44858       -0.32982       -0.32982       -0.32982
2.744343        0.02253        0.02435        1.08071       -1.04380        0.99435       10.48418       -0.32640       -0.32640       -0.32640
2.788980        0.02042        0.02220        1.08735       -1.15284        1.00027       11.59799       -0.32292       -0.32292       -0.32292
2.834343        0.01855        0.02030        1.09417       -1.26905        1.00624       12.79781       -0.31937       -0.31937       -0.31937
2.880444        0.01686        0.01857        1.10116       -1.39534        1.01218       14.11281       -0.31579       -0.31579       -0.31579
2.927295        0.01532        0.01698        1.10822       -1.53851        1.01782       15.58607       -0.31231       -0.31231       -0.31231
2.974908        0.01424        0.01589        1.11550       -1.65123        1.02488       16.79433       -0.30820       -0.30820       -0.30820
3.023295        0.01311        0.01472        1.12303       -1.78863        1.03145       18.27922       -0.30424       -0.30424       -0.30424
3.072469        0.01208        0.01366        1.13073       -1.93366        1.03809       19.86286       -0.30020       -0.30020       -0.30020
3.122443        0.01116        0.01270        1.13860       -2.08517        1.04487       21.53608       -0.29606       -0.29606       -0.29606
3.173230        0.01033        0.01184        1.14665       -2.24299        1.05181       23.29897       -0.29181       -0.29181       -0.29181
3.224842        0.00958        0.01106        1.15488       -2.40708        1.05892       25.15315       -0.28744       -0.28744       -0.28744
3.277295        0.00890        0.01035        1.16328       -2.57748        1.06624       27.10080       -0.28294       -0.28294       -0.28294
3.330600        0.00829        0.00971        1.17188       -2.75427        1.07378       29.14482       -0.27829       -0.27829       -0.27829
3.384773        0.00773        0.00912        1.18065       -2.93756        1.08157       31.28836       -0.27349       -0.27349       -0.27349
3.439826        0.00722        0.00858        1.18962       -3.12744        1.08963       33.53437       -0.26852       -0.26852       -0.26852
3.495776        0.00675        0.00809        1.19879       -3.32411        1.09802       35.88743       -0.26336       -0.26336       -0.26336
3.552635        0.00632        0.00764        1.20815       -3.52774        1.10675       38.35130       -0.25800       -0.25800       -0.25800
3.610419        0.00593        0.00722        1.21771       -3.73857        1.11587       40.93083       -0.25241       -0.25241       -0.25241
3.669142        0.00557        0.00683        1.22748       -3.95686        1.12543       43.63153       -0.24657       -0.24657       -0.24657
3.728821        0.00523        0.00647        1.23747       -4.18296        1.13549       46.45958       -0.24045       -0.24045       -0.24045
3.789471        0.00492        0.00614        1.24767       -4.41722        1.14611       49.42153       -0.23403       -0.23403       -0.23403
3.851107        0.00463        0.00583        1.25809       -4.66008        1.15739       52.52510       -0.22726       -0.22726       -0.22726
3.913746        0.00437        0.00554        1.26874       -4.91203        1.16939       55.77862       -0.22009       -0.22009       -0.22009
3.977403        0.00412        0.00527        1.27962       -5.17364        1.18225       59.19145       -0.21247       -0.21247       -0.21247
4.042096        0.00389        0.00502        1.29075       -5.44559        1.19610       62.77498       -0.20434       -0.20434       -0.20434
4.107841        0.00367        0.00478        1.30212       -5.72860        1.21111       66.54103       -0.19561       -0.19561       -0.19561
4.174655        0.00346        0.00455        1.31374       -6.02356        1.22750       70.50424       -0.18618       -0.18618       -0.18618
4.242556        0.00327        0.00434        1.32562       -6.33136        1.24555       74.67991       -0.17592       -0.17592       -0.17592
4.311562        0.00309        0.00414        1.33777       -6.65300        1.26560       79.08630       -0.16466       -0.16466       -0.16466
4.381690        0.00292        0.00395        1.35019       -6.98947        1.28815       83.74373       -0.15216       -0.15216       -0.15216
4.452959        0.00276        0.00376        1.36289       -7.34155        1.31383       88.67428       -0.13813       -0.13813       -0.13813
4.525386        0.00261        0.00359        1.37588       -7.70939        1.34355       93.90041       -0.12213       -0.12213       -0.12213
4.598992        0.00246        0.00342        1.38914       -8.09164        1.37864       99.44137       -0.10356       -0.10356       -0.10356
4.673795        0.00232        0.00326        1.40268       -8.48325        1.42112      105.30546       -0.08144       -0.08144       -0.08144
4.749815        0.00219        0.00310        1.41646       -8.87011        1.47412      111.45929       -0.05432       -0.05432       -0.05432
