x               rho            P              T              ur             uphi           uz             Br             Bphi           Bz             m
0.010000        0.99970        0.99972        1.00002        0.59819        0.98252       -0.00057        0.04170       -0.14779        1.00003        0.99990
0.010163        0.99969        0.99971        1.00002        0.59819        0.98252       -0.00058        0.04238       -0.15019        1.00003        0.99990
0.010328        0.99967        0.99970        1.00002        0.59820        0.98252       -0.00059        0.04307       -0.15264        1.00003        0.99989
0.010496        0.99966        0.99968        1.00002        0.59821        0.98252       -0.00060        0.04377       -0.15512        1.00003        0.99989
0.010667        0.99964        0.99967        1.00002        0.59821        0.98252       -0.00061        0.04448       -0.15764        1.00003        0.99988
0.010840        0.99963        0.99965        1.00003        0.59822        0.98252       -0.00062        0.04520       -0.16020        1.00003        0.99988
0.011016        0.99961        0.99964        1.00003        0.59823        0.98252       -0.00063        0.04594       -0.16281        1.00003        0.99987
0.011196        0.99959        0.99962        1.00003        0.59823        0.98252       -0.00064        0.04669       -0.16546        1.00003        0.99986
0.011378        0.99958        0.99961        1.00003        0.59824        0.98252       -0.00065        0.04745       -0.16815        1.00004        0.99986
0.011563        0.99956        0.99959        1.00003        0.59825        0.98252       -0.00066        0.04822       -0.17088        1.00004        0.99985
0.011751        0.99954        0.99958        1.00003        0.59826        0.98252       -0.00067        0.04900       -0.17366        1.00004        0.99985
0.011942        0.99953        0.99956        1.00003        0.59826        0.98252       -0.00068        0.04980       -0.17649        1.00004        0.99984
0.012136        0.99951        0.99954        1.00003        0.59827        0.98252       -0.00069        0.05061       -0.17936        1.00004        0.99984
0.012334        0.99949        0.99953        1.00004        0.59828        0.98252       -0.00070        0.05143       -0.18227        1.00004        0.99983
0.012534        0.99947        0.99951        1.00004        0.59829        0.98252       -0.00071        0.05227       -0.18524        1.00004        0.99982
0.012738        0.99945        0.99949        1.00004        0.59829        0.98251       -0.00073        0.05312       -0.18825        1.00005        0.99982
0.012945        0.99944        0.99947        1.00004        0.59830        0.98251       -0.00074        0.05399       -0.19131        1.00005        0.99981
0.013156        0.99942        0.99946        1.00004        0.59831        0.98251       -0.00075        0.05487       -0.19442        1.00005        0.99981
0.013370        0.99940        0.99944        1.00004        0.59832        0.98251       -0.00076        0.05576       -0.19759        1.00005        0.99980
0.013587        0.99938        0.99942        1.00004        0.59833        0.98251       -0.00077        0.05667       -0.20080        1.00005        0.99979
0.013808        0.99936        0.99940        1.00004        0.59834        0.98251       -0.00079        0.05759       -0.20407        1.00005        0.99979
0.014033        0.99934        0.99938        1.00005        0.59835        0.98251       -0.00080        0.05852       -0.20739        1.00006        0.99978
0.014261        0.99932        0.99936        1.00005        0.59835        0.98251       -0.00081        0.05948       -0.21076        1.00006        0.99977
0.014493        0.99930        0.99934        1.00005        0.59836        0.98251       -0.00083        0.06044       -0.21419        1.00006        0.99977
0.014729        0.99927        0.99932        1.00005        0.59837        0.98251       -0.00084        0.06143       -0.21767        1.00006        0.99976
0.014968        0.99925        0.99930        1.00005        0.59838        0.98251       -0.00085        0.06243       -0.22121        1.00006        0.99975
0.015212        0.99923        0.99928        1.00005        0.59839        0.98251       -0.00087        0.06344       -0.22481        1.00007        0.99974
0.015459        0.99921        0.99926        1.00005        0.59840        0.98251       -0.00088        0.06448       -0.22846        1.00007        0.99974
0.015711        0.99919        0.99924        1.00006        0.59841        0.98251       -0.00090        0.06553       -0.23218        1.00007        0.99973
0.015966        0.99916        0.99922        1.00006        0.59842        0.98251       -0.00091        0.06659       -0.23596        1.00007        0.99972
0.016226        0.99914        0.99920        1.00006        0.59843        0.98251       -0.00093        0.06768       -0.23979        1.00007        0.99971
0.016490        0.99911        0.99918        1.00006        0.59844        0.98251       -0.00094        0.06878       -0.24369        1.00008        0.99971
0.016758        0.99909        0.99915        1.00006        0.59845        0.98251       -0.00096        0.06990       -0.24766        1.00008        0.99970
0.017031        0.99907        0.99913        1.00006        0.59846        0.98251       -0.00097        0.07103       -0.25168        1.00008        0.99969
0.017308        0.99904        0.99911        1.00007        0.59847        0.98251       -0.00099        0.07219       -0.25578        1.00008        0.99968
0.017589        0.99901        0.99908        1.00007        0.59849        0.98251       -0.00100        0.07336       -0.25994        1.00008        0.99967
0.017875        0.99899        0.99906        1.00007        0.59850        0.98251       -0.00102        0.07456       -0.26417        1.00009        0.99966
0.018166        0.99896        0.99903        1.00007        0.59851        0.98251       -0.00104        0.07577       -0.26846        1.00009        0.99965
0.018461        0.99894        0.99901        1.00007        0.59852        0.98251       -0.00105        0.07700       -0.27283        1.00009        0.99965
0.018762        0.99891        0.99898        1.00008        0.59853        0.98251       -0.00107        0.07826       -0.27727        1.00009        0.99964
0.019067        0.99888        0.99896        1.00008        0.59854        0.98251       -0.00109        0.07953       -0.28177        1.00010        0.99963
0.019377        0.99885        0.99893        1.00008        0.59856        0.98251       -0.00111        0.08082       -0.28636        1.00010        0.99962
0.019692        0.99882        0.99891        1.00008        0.59857        0.98251       -0.00112        0.08214       -0.29101        1.00010        0.99961
0.020012        0.99880        0.99888        1.00008        0.59858        0.98251       -0.00114        0.08347       -0.29575        1.00010        0.99960
0.020338        0.99875        0.99884        1.00009        0.59860        0.98251       -0.00116        0.08483       -0.30056        1.00011        0.99958
0.020669        0.99870        0.99879        1.00009        0.59862        0.98251       -0.00118        0.08622       -0.30544        1.00011        0.99957
0.021005        0.99865        0.99874        1.00009        0.59864        0.98250       -0.00120        0.08762       -0.31041        1.00011        0.99955
0.021347        0.99860        0.99870        1.00010        0.59867        0.98250       -0.00122        0.08905       -0.31546        1.00012        0.99953
0.021694        0.99855        0.99865        1.00010        0.59869        0.98250       -0.00124        0.09050       -0.32059        1.00012        0.99952
0.022047        0.99849        0.99860        1.00010        0.59871        0.98250       -0.00126        0.09197       -0.32580        1.00013        0.99950
0.022405        0.99844        0.99855        1.00011        0.59874        0.98250       -0.00128        0.09347       -0.33110        1.00013        0.99948
0.022770        0.99839        0.99850        1.00011        0.59876        0.98250       -0.00130        0.09499       -0.33648        1.00014        0.99946
0.023140        0.99833        0.99845        1.00012        0.59878        0.98250       -0.00132        0.09654       -0.34196        1.00014        0.99944
0.023516        0.99827        0.99839        1.00012        0.59881        0.98250       -0.00134        0.09811       -0.34752        1.00015        0.99942
0.023899        0.99822        0.99834        1.00012        0.59883        0.98250       -0.00136        0.09971       -0.35317        1.00015        0.99941
0.024288        0.99816        0.99828        1.00013        0.59886        0.98250       -0.00139        0.10133       -0.35891        1.00016        0.99939
0.024683        0.99810        0.99823        1.00013        0.59888        0.98250       -0.00141        0.10298       -0.36475        1.00016        0.99937
0.025084        0.99804        0.99817        1.00014        0.59891        0.98250       -0.00143        0.10466       -0.37068        1.00017        0.99935
0.025492        0.99798        0.99812        1.00014        0.59894        0.98250       -0.00145        0.10637       -0.37671        1.00017        0.99933
0.025907        0.99791        0.99806        1.00014        0.59896        0.98249       -0.00148        0.10810       -0.38283        1.00018        0.99930
0.026328        0.99785        0.99800        1.00015        0.59899        0.98249       -0.00150        0.10986       -0.38906        1.00018        0.99928
0.026756        0.99778        0.99794        1.00015        0.59902        0.98249       -0.00153        0.11165       -0.39538        1.00019        0.99926
0.027192        0.99772        0.99788        1.00016        0.59905        0.98249       -0.00155        0.11347       -0.40181        1.00019        0.99924
0.027634        0.99765        0.99782        1.00016        0.59908        0.98249       -0.00158        0.11531       -0.40835        1.00020        0.99922
0.028083        0.99759        0.99775        1.00017        0.59911        0.98249       -0.00160        0.11719       -0.41499        1.00021        0.99920
0.028540        0.99752        0.99769        1.00017        0.59914        0.98249       -0.00163        0.11910       -0.42174        1.00021        0.99917
0.029004        0.99745        0.99762        1.00018        0.59917        0.98249       -0.00166        0.12104       -0.42860        1.00022        0.99915
0.029476        0.99738        0.99756        1.00018        0.59920        0.98249       -0.00168        0.12301       -0.43557        1.00022        0.99913
0.029955        0.99730        0.99749        1.00019        0.59923        0.98249       -0.00171        0.12501       -0.44265        1.00023        0.99910
0.030443        0.99721        0.99740        1.00019        0.59927        0.98249       -0.00174        0.12705       -0.44985        1.00024        0.99907
0.030938        0.99711        0.99731        1.00020        0.59932        0.98248       -0.00177        0.12912       -0.45716        1.00025        0.99904
0.031441        0.99700        0.99721        1.00021        0.59936        0.98248       -0.00180        0.13123       -0.46459        1.00026        0.99900
0.031952        0.99689        0.99711        1.00022        0.59941        0.98248       -0.00183        0.13337       -0.47214        1.00027        0.99896
0.032472        0.99678        0.99701        1.00022        0.59946        0.98248       -0.00185        0.13554       -0.47982        1.00027        0.99893
0.033000        0.99667        0.99690        1.00023        0.59951        0.98248       -0.00189        0.13776       -0.48762        1.00028        0.99889
0.033537        0.99656        0.99680        1.00024        0.59956        0.98248       -0.00192        0.14000       -0.49555        1.00029        0.99885
0.034083        0.99644        0.99669        1.00025        0.59961        0.98248       -0.00195        0.14228       -0.50360        1.00030        0.99882
0.034637        0.99633        0.99658        1.00026        0.59966        0.98247       -0.00198        0.14460       -0.51179        1.00031        0.99878
0.035200        0.99621        0.99647        1.00026        0.59971        0.98247       -0.00201        0.14696       -0.52011        1.00032        0.99874
0.035773        0.99609        0.99636        1.00027        0.59976        0.98247       -0.00204        0.14936       -0.52857        1.00033        0.99870
0.036355        0.99597        0.99624        1.00028        0.59981        0.98247       -0.00208        0.15179       -0.53716        1.00034        0.99866
0.036946        0.99584        0.99613        1.00029        0.59987        0.98247       -0.00211        0.15427       -0.54590        1.00036        0.99861
0.037547        0.99571        0.99601        1.00030        0.59992        0.98247       -0.00215        0.15678       -0.55477        1.00037        0.99857
0.038158        0.99559        0.99589        1.00031        0.59998        0.98246       -0.00218        0.15934       -0.56379        1.00038        0.99853
0.038778        0.99546        0.99577        1.00032        0.60004        0.98246       -0.00222        0.16194       -0.57296        1.00039        0.99849
0.039409        0.99532        0.99565        1.00033        0.60009        0.98246       -0.00225        0.16458       -0.58227        1.00040        0.99844
0.040050        0.99519        0.99552        1.00034        0.60015        0.98246       -0.00229        0.16726       -0.59174        1.00041        0.99840
0.040701        0.99501        0.99536        1.00035        0.60023        0.98246       -0.00233        0.16999       -0.60136        1.00043        0.99834
0.041363        0.99484        0.99519        1.00036        0.60031        0.98245       -0.00237        0.17277       -0.61113        1.00044        0.99828
0.042036        0.99465        0.99502        1.00037        0.60039        0.98245       -0.00240        0.17559       -0.62106        1.00046        0.99822
0.042720        0.99447        0.99485        1.00039        0.60047        0.98245       -0.00244        0.17846       -0.63116        1.00047        0.99816
0.043415        0.99428        0.99468        1.00040        0.60055        0.98245       -0.00248        0.18138       -0.64142        1.00049        0.99809
0.044121        0.99409        0.99450        1.00041        0.60063        0.98244       -0.00253        0.18434       -0.65184        1.00051        0.99803
0.044839        0.99390        0.99432        1.00043        0.60072        0.98244       -0.00257        0.18735       -0.66244        1.00052        0.99797
0.045568        0.99370        0.99414        1.00044        0.60080        0.98244       -0.00261        0.19041       -0.67320        1.00054        0.99790
0.046309        0.99350        0.99395        1.00045        0.60089        0.98244       -0.00265        0.19352       -0.68414        1.00056        0.99783
0.047062        0.99330        0.99376        1.00047        0.60098        0.98243       -0.00270        0.19668       -0.69526        1.00057        0.99777
0.047828        0.99309        0.99357        1.00048        0.60107        0.98243       -0.00274        0.19990       -0.70657        1.00059        0.99770
0.048606        0.99288        0.99337        1.00050        0.60116        0.98243       -0.00278        0.20316       -0.71805        1.00061        0.99763
0.049396        0.99267        0.99317        1.00051        0.60126        0.98243       -0.00283        0.20648       -0.72972        1.00063        0.99756
0.050200        0.99244        0.99297        1.00053        0.60136        0.98242       -0.00288        0.20985       -0.74158        1.00065        0.99748
0.051016        0.99217        0.99271        1.00055        0.60147        0.98242       -0.00292        0.21329       -0.75363        1.00067        0.99739
0.051846        0.99190        0.99246        1.00056        0.60159        0.98242       -0.00297        0.21678       -0.76587        1.00069        0.99730
0.052689        0.99162        0.99220        1.00058        0.60172        0.98241       -0.00302        0.22033       -0.77832        1.00072        0.99721
0.053546        0.99134        0.99194        1.00060        0.60184        0.98241       -0.00307        0.22393       -0.79096        1.00074        0.99711
0.054417        0.99105        0.99167        1.00062        0.60197        0.98240       -0.00312        0.22760       -0.80381        1.00077        0.99702
0.055302        0.99076        0.99140        1.00064        0.60209        0.98240       -0.00317        0.23133       -0.81687        1.00079        0.99692
0.056202        0.99046        0.99112        1.00066        0.60222        0.98240       -0.00323        0.23511       -0.83014        1.00082        0.99682
0.057116        0.99016        0.99084        1.00069        0.60236        0.98239       -0.00328        0.23896       -0.84363        1.00084        0.99672
0.058045        0.98986        0.99056        1.00071        0.60249        0.98239       -0.00333        0.24287       -0.85734        1.00087        0.99662
0.058989        0.98954        0.99027        1.00073        0.60263        0.98238       -0.00339        0.24684       -0.87127        1.00090        0.99652
0.059948        0.98923        0.98997        1.00075        0.60277        0.98238       -0.00344        0.25088       -0.88543        1.00092        0.99641
0.060923        0.98886        0.98963        1.00078        0.60293        0.98237       -0.00350        0.25500       -0.89981        1.00096        0.99629
0.061914        0.98847        0.98927        1.00080        0.60310        0.98237       -0.00356        0.25919       -0.91442        1.00099        0.99616
0.062921        0.98808        0.98890        1.00083        0.60327        0.98236       -0.00362        0.26344       -0.92927        1.00102        0.99603
0.063945        0.98768        0.98853        1.00086        0.60345        0.98236       -0.00368        0.26776       -0.94436        1.00106        0.99590
0.064985        0.98728        0.98815        1.00089        0.60363        0.98235       -0.00374        0.27216       -0.95970        1.00109        0.99576
0.066042        0.98687        0.98777        1.00092        0.60381        0.98235       -0.00380        0.27662       -0.97528        1.00113        0.99562
0.067116        0.98645        0.98738        1.00095        0.60399        0.98234       -0.00386        0.28116       -0.99112        1.00116        0.99548
0.068208        0.98602        0.98699        1.00098        0.60418        0.98234       -0.00393        0.28577       -1.00722        1.00120        0.99534
0.069317        0.98559        0.98658        1.00101        0.60437        0.98233       -0.00399        0.29046       -1.02358        1.00124        0.99520
0.070445        0.98513        0.98616        1.00104        0.60458        0.98232       -0.00406        0.29523       -1.04020        1.00128        0.99505
0.071590        0.98462        0.98568        1.00108        0.60480        0.98232       -0.00413        0.30009       -1.05708        1.00132        0.99488
0.072755        0.98410        0.98519        1.00111        0.60503        0.98231       -0.00419        0.30503       -1.07424        1.00137        0.99470
0.073938        0.98357        0.98470        1.00115        0.60527        0.98230       -0.00426        0.31005       -1.09168        1.00141        0.99452
0.075141        0.98303        0.98420        1.00119        0.60551        0.98230       -0.00434        0.31516       -1.10940        1.00146        0.99435
0.076363        0.98248        0.98369        1.00123        0.60575        0.98229       -0.00441        0.32034       -1.12740        1.00151        0.99416
0.077605        0.98193        0.98317        1.00127        0.60600        0.98228       -0.00448        0.32561       -1.14571        1.00156        0.99398
0.078867        0.98136        0.98264        1.00131        0.60625        0.98227       -0.00456        0.33097       -1.16430        1.00161        0.99379
0.080150        0.98078        0.98210        1.00135        0.60651        0.98226       -0.00463        0.33641       -1.18321        1.00166        0.99360
0.081454        0.98012        0.98149        1.00139        0.60680        0.98226       -0.00471        0.34197       -1.20240        1.00172        0.99338
0.082779        0.97945        0.98086        1.00144        0.60710        0.98225       -0.00479        0.34762       -1.22190        1.00177        0.99315
0.084125        0.97877        0.98022        1.00149        0.60741        0.98224       -0.00487        0.35336       -1.24172        1.00183        0.99292
0.085493        0.97807        0.97958        1.00154        0.60772        0.98223       -0.00495        0.35920       -1.26187        1.00189        0.99269
0.086884        0.97737        0.97892        1.00159        0.60803        0.98222       -0.00503        0.36513       -1.28234        1.00196        0.99246
0.088297        0.97665        0.97825        1.00164        0.60835        0.98221       -0.00512        0.37116       -1.30314        1.00202        0.99222
0.089733        0.97592        0.97757        1.00169        0.60868        0.98220       -0.00520        0.37728       -1.32428        1.00208        0.99198
0.091193        0.97512        0.97682        1.00175        0.60904        0.98219       -0.00529        0.38353       -1.34575        1.00215        0.99171
0.092676        0.97428        0.97604        1.00181        0.60941        0.98217       -0.00538        0.38989       -1.36757        1.00223        0.99143
0.094183        0.97343        0.97525        1.00187        0.60980        0.98216       -0.00547        0.39636       -1.38973        1.00230        0.99115
0.095715        0.97256        0.97444        1.00193        0.61019        0.98215       -0.00556        0.40293       -1.41226        1.00238        0.99086
0.097272        0.97168        0.97362        1.00199        0.61058        0.98214       -0.00566        0.40960       -1.43516        1.00246        0.99056
0.098854        0.97079        0.97278        1.00205        0.61098        0.98213       -0.00575        0.41639       -1.45843        1.00253        0.99026
0.100462        0.96986        0.97192        1.00212        0.61140        0.98211       -0.00585        0.42329       -1.48207        1.00262        0.98995
0.102096        0.96884        0.97097        1.00219        0.61186        0.98210       -0.00595        0.43034       -1.50607        1.00271        0.98962
0.103757        0.96781        0.97000        1.00227        0.61233        0.98208       -0.00605        0.43751       -1.53046        1.00280        0.98927
0.105444        0.96675        0.96902        1.00234        0.61281        0.98207       -0.00616        0.44479       -1.55526        1.00289        0.98892
0.107159        0.96569        0.96802        1.00242        0.61329        0.98205       -0.00626        0.45219       -1.58045        1.00299        0.98856
0.108902        0.96460        0.96701        1.00250        0.61379        0.98204       -0.00637        0.45971       -1.60605        1.00308        0.98820
0.110674        0.96346        0.96594        1.00258        0.61430        0.98202       -0.00648        0.46738       -1.63206        1.00319        0.98782
0.112474        0.96224        0.96480        1.00267        0.61486        0.98200       -0.00659        0.47520       -1.65847        1.00330        0.98741
0.114303        0.96099        0.96364        1.00275        0.61543        0.98199       -0.00670        0.48315       -1.68531        1.00341        0.98700
0.116162        0.95972        0.96245        1.00285        0.61601        0.98197       -0.00682        0.49122       -1.71259        1.00352        0.98657
0.118052        0.95844        0.96125        1.00294        0.61660        0.98195       -0.00693        0.49943       -1.74031        1.00364        0.98614
0.119972        0.95713        0.96003        1.00303        0.61720        0.98193       -0.00705        0.50778       -1.76848        1.00375        0.98571
0.121923        0.95570        0.95869        1.00314        0.61786        0.98191       -0.00718        0.51632       -1.79707        1.00388        0.98523
0.123906        0.95423        0.95732        1.00324        0.61853        0.98189       -0.00730        0.52500       -1.82612        1.00402        0.98474
0.125922        0.95274        0.95593        1.00335        0.61922        0.98187       -0.00743        0.53382       -1.85565        1.00415        0.98425
0.127970        0.95123        0.95452        1.00346        0.61991        0.98185       -0.00756        0.54279       -1.88565        1.00429        0.98374
0.130051        0.94970        0.95309        1.00357        0.62062        0.98182       -0.00769        0.55190       -1.91615        1.00443        0.98323
0.132166        0.94802        0.95152        1.00369        0.62140        0.98180       -0.00782        0.56123       -1.94709        1.00458        0.98267
0.134316        0.94631        0.94992        1.00381        0.62220        0.98177       -0.00796        0.57072       -1.97853        1.00474        0.98210
0.136501        0.94457        0.94829        1.00394        0.62301        0.98175       -0.00810        0.58036       -2.01049        1.00489        0.98152
0.138721        0.94281        0.94664        1.00407        0.62383        0.98172       -0.00824        0.59016       -2.04296        1.00506        0.98093
0.140977        0.94097        0.94492        1.00420        0.62469        0.98169       -0.00839        0.60015       -2.07595        1.00522        0.98031
0.143270        0.93901        0.94309        1.00435        0.62561        0.98166       -0.00854        0.61036       -2.10943        1.00541        0.97966
0.145601        0.93703        0.94124        1.00449        0.62654        0.98163       -0.00869        0.62074       -2.14346        1.00559        0.97900
0.147969        0.93502        0.93935        1.00464        0.62749        0.98160       -0.00884        0.63128       -2.17804        1.00577        0.97833
0.150376        0.93295        0.93742        1.00479        0.62846        0.98157       -0.00900        0.64201       -2.21317        1.00597        0.97764
0.152821        0.93074        0.93535        1.00496        0.62952        0.98154       -0.00916        0.65300       -2.24882        1.00617        0.97690
0.155307        0.92848        0.93324        1.00512        0.63059        0.98150       -0.00933        0.66417       -2.28505        1.00638        0.97615
0.157833        0.92619        0.93109        1.00529        0.63168        0.98147       -0.00949        0.67552       -2.32186        1.00660        0.97538
0.160400        0.92385        0.92890        1.00546        0.63280        0.98143       -0.00966        0.68707       -2.35927        1.00682        0.97460
0.163009        0.92134        0.92655        1.00565        0.63401        0.98139       -0.00984        0.69892       -2.39722        1.00705        0.97376
0.165661        0.91879        0.92416        1.00584        0.63523        0.98135       -0.01002        0.71095       -2.43578        1.00730        0.97291
0.168355        0.91620        0.92173        1.00603        0.63648        0.98131       -0.01020        0.72318       -2.47497        1.00754        0.97204
0.171093        0.91352        0.91921        1.00623        0.63778        0.98126       -0.01039        0.73566       -2.51476        1.00780        0.97114
0.173876        0.91069        0.91656        1.00645        0.63916        0.98122       -0.01058        0.74843       -2.55515        1.00807        0.97020
0.176704        0.90782        0.91386        1.00666        0.64056        0.98117       -0.01078        0.76141       -2.59619        1.00834        0.96924
0.179578        0.90490        0.91113        1.00688        0.64199        0.98112       -0.01097        0.77459       -2.63789        1.00862        0.96826
0.182499        0.90180        0.90822        1.00711        0.64352        0.98107       -0.01118        0.78812       -2.68019        1.00892        0.96723
0.185468        0.89863        0.90524        1.00736        0.64508        0.98102       -0.01139        0.80189       -2.72316        1.00923        0.96616
0.188484        0.89541        0.90221        1.00760        0.64668        0.98097       -0.01160        0.81589       -2.76683        1.00954        0.96509
0.191550        0.89205        0.89906        1.00786        0.64835        0.98091       -0.01182        0.83019       -2.81116        1.00987        0.96396
0.194666        0.88856        0.89578        1.00812        0.65010        0.98085       -0.01205        0.84482       -2.85614        1.01022        0.96279
0.197832        0.88501        0.89244        1.00840        0.65189        0.98079       -0.01227        0.85969       -2.90185        1.01057        0.96160
0.201050        0.88135        0.88900        1.00868        0.65373        0.98072       -0.01251        0.87486       -2.94827        1.01093        0.96038
0.204320        0.87751        0.88538        1.00897        0.65568        0.98066       -0.01275        0.89041       -2.99534        1.01132        0.95909
0.207643        0.87361        0.88171        1.00927        0.65767        0.98059       -0.01300        0.90621       -3.04318        1.01171        0.95778
0.211020        0.86960        0.87794        1.00959        0.65972        0.98052       -0.01325        0.92232       -3.09176        1.01211        0.95644
0.214453        0.86540        0.87398        1.00992        0.66190        0.98044       -0.01351        0.93886       -3.14101        1.01254        0.95503
0.217941        0.86113        0.86996        1.01025        0.66411        0.98036       -0.01377        0.95567       -3.19107        1.01298        0.95360
0.221486        0.85672        0.86580        1.01060        0.66640        0.98028       -0.01404        0.97284       -3.24187        1.01343        0.95212
0.225088        0.85213        0.86147        1.01096        0.66882        0.98019       -0.01432        0.99044       -3.29339        1.01391        0.95058
0.228749        0.84747        0.85707        1.01133        0.67127        0.98010       -0.01461        1.00832       -3.34575        1.01439        0.94901
0.232470        0.84261        0.85248        1.01172        0.67385        0.98001       -0.01490        1.02666       -3.39883        1.01490        0.94738
0.236251        0.83761        0.84776        1.01212        0.67653        0.97991       -0.01520        1.04540       -3.45271        1.01543        0.94569
0.240093        0.83252        0.84295        1.01253        0.67925        0.97981       -0.01551        1.06445       -3.50747        1.01597        0.94399
0.243999        0.82717        0.83789        1.01296        0.68216        0.97970       -0.01583        1.08409       -3.56289        1.01655        0.94218
0.247967        0.82173        0.83274        1.01341        0.68513        0.97959       -0.01615        1.10406       -3.61921        1.01714        0.94035
0.252000        0.81611        0.82742        1.01387        0.68821        0.97948       -0.01649        1.12451       -3.67634        1.01775        0.93846
0.256099        0.81030        0.82192        1.01435        0.69143        0.97935       -0.01684        1.14545       -3.73426        1.01839        0.93650
0.260265        0.80438        0.81632        1.01483        0.69471        0.97923       -0.01719        1.16676       -3.79311        1.01904        0.93450
0.264498        0.79819        0.81044        1.01535        0.69821        0.97909       -0.01755        1.18875       -3.85265        1.01974        0.93241
0.268800        0.79189        0.80447        1.01588        0.70177        0.97895       -0.01793        1.21110       -3.91316        1.02045        0.93029
0.273172        0.78536        0.79826        1.01643        0.70551        0.97881       -0.01832        1.23408       -3.97444        1.02120        0.92808
0.277615        0.77866        0.79190        1.01700        0.70937        0.97865       -0.01871        1.25756       -4.03661        1.02197        0.92581
0.282131        0.77177        0.78534        1.01759        0.71337        0.97849       -0.01912        1.28160       -4.09965        1.02277        0.92348
0.286720        0.76465        0.77857        1.01821        0.71755        0.97832       -0.01954        1.30628       -4.16352        1.02361        0.92106
0.291383        0.75737        0.77163        1.01884        0.72185        0.97814       -0.01998        1.33148       -4.22832        1.02447        0.91859
0.296123        0.74982        0.76444        1.01950        0.72637        0.97795       -0.02043        1.35743       -4.29390        1.02538        0.91603
0.300939        0.74212        0.75709        1.02018        0.73100        0.97776       -0.02089        1.38390       -4.36047        1.02632        0.91341
0.305834        0.73413        0.74947        1.02089        0.73588        0.97755       -0.02137        1.41121       -4.42776        1.02730        0.91069
0.310808        0.72599        0.74168        1.02162        0.74087        0.97733       -0.02186        1.43904       -4.49608        1.02832        0.90791
0.315864        0.71754        0.73360        1.02239        0.74614        0.97710       -0.02237        1.46779       -4.56511        1.02939        0.90503
0.321001        0.70893        0.72536        1.02318        0.75153        0.97686       -0.02289        1.49712       -4.63516        1.03049        0.90208
0.326222        0.70001        0.71681        1.02401        0.75721        0.97660       -0.02343        1.52742       -4.70592        1.03166        0.89903
0.331528        0.69090        0.70808        1.02486        0.76304        0.97633       -0.02399        1.55838       -4.77767        1.03286        0.89591
0.336921        0.68151        0.69905        1.02575        0.76914        0.97604       -0.02457        1.59032       -4.85015        1.03412        0.89268
0.342401        0.67188        0.68980        1.02667        0.77545        0.97573       -0.02517        1.62306       -4.92355        1.03543        0.88936
0.347970        0.66200        0.68028        1.02763        0.78200        0.97541       -0.02579        1.65675       -4.99776        1.03680        0.88595
0.353630        0.65184        0.67049        1.02862        0.78881        0.97507       -0.02643        1.69144       -5.07273        1.03823        0.88243
0.359381        0.64145        0.66046        1.02965        0.79583        0.97471       -0.02709        1.72699       -5.14864        1.03972        0.87883
0.365227        0.63074        0.65011        1.03074        0.80318        0.97432       -0.02778        1.76382       -5.22509        1.04129        0.87511
0.371167        0.61980        0.63954        1.03185        0.81073        0.97391       -0.02848        1.80150       -5.30253        1.04291        0.87130
0.377204        0.60856        0.62864        1.03302        0.81860        0.97347       -0.02922        1.84050       -5.38051        1.04462        0.86736
0.383340        0.59705        0.61748        1.03423        0.82672        0.97301       -0.02997        1.88062       -5.45924        1.04641        0.86332
0.389575        0.58528        0.60605        1.03548        0.83508        0.97251       -0.03075        1.92183       -5.53880        1.04826        0.85918
0.395911        0.57319        0.59428        1.03680        0.84378        0.97198       -0.03157        1.96461       -5.61866        1.05023        0.85491
0.402351        0.56085        0.58225        1.03816        0.85269        0.97142       -0.03240        2.00853       -5.69932        1.05227        0.85053
0.408895        0.54823        0.56993        1.03958        0.86188        0.97081       -0.03326        2.05384       -5.78053        1.05441        0.84603
0.415546        0.53531        0.55729        1.04107        0.87132        0.97016       -0.03416        2.10079       -5.86198        1.05666        0.84139
0.422304        0.52214        0.54438        1.04261        0.88098        0.96947       -0.03507        2.14908       -5.94406        1.05901        0.83665
0.429173        0.50868        0.53117        1.04422        0.89084        0.96873       -0.03601        2.19894       -6.02650        1.06146        0.83177
0.436154        0.49494        0.51765        1.04590        0.90086        0.96792       -0.03698        2.25067       -6.10890        1.06406        0.82676
0.443248        0.48095        0.50386        1.04765        0.91099        0.96706       -0.03797        2.30395       -6.19167        1.06677        0.82162
0.450457        0.46670        0.48979        1.04947        0.92121        0.96615       -0.03898        2.35888       -6.27472        1.06959        0.81635
0.457784        0.45220        0.47543        1.05139        0.93136        0.96516       -0.04001        2.41593       -6.35729        1.07259        0.81093
0.465230        0.43746        0.46081        1.05339        0.94138        0.96409       -0.04105        2.47483       -6.43976        1.07572        0.80537
0.472797        0.42251        0.44593        1.05546        0.95120        0.96295       -0.04209        2.53557       -6.52210        1.07900        0.79968
0.480487        0.40733        0.43081        1.05763        0.96070        0.96173       -0.04314        2.59823       -6.60416        1.08242        0.79384
0.488302        0.39199        0.41546        1.05991        0.96946        0.96041       -0.04416        2.66318       -6.68515        1.08604        0.78785
0.496244        0.37648        0.39992        1.06230        0.97737        0.95899       -0.04516        2.73019       -6.76533        1.08983        0.78171
0.504316        0.36083        0.38419        1.06479        0.98425        0.95749       -0.04611        2.79921       -6.84463        1.09379        0.77542
0.512519        0.34507        0.36831        1.06739        0.98978        0.95589       -0.04700        2.87026       -6.92281        1.09793        0.76898
0.520855        0.32923        0.35231        1.07011        0.99362        0.95419       -0.04780        2.94333       -6.99963        1.10224        0.76239
0.529327        0.31337        0.33624        1.07296        0.99503        0.95240       -0.04848        3.01844       -7.07448        1.10676        0.75564
0.537936        0.29756        0.32016        1.07596        0.99342        0.95052       -0.04898        3.09542       -7.14709        1.11147        0.74873
0.546686        0.28182        0.30410        1.07909        0.98847        0.94857       -0.04929        3.17402       -7.21748        1.11636        0.74165
0.555578        0.26621        0.28813        1.08237        0.97956        0.94658       -0.04935        3.25404       -7.28535        1.12141        0.73442
0.564614        0.25080        0.27230        1.08581        0.96603        0.94457       -0.04911        3.33517       -7.35038        1.12663        0.72702
0.573798        0.23565        0.25671        1.08941        0.94720        0.94259       -0.04853        3.41705       -7.41228        1.13199        0.71946
0.583131        0.22085        0.24142        1.09317        0.92244        0.94067       -0.04753        3.49922       -7.47073        1.13748        0.71174
0.592615        0.20648        0.22652        1.09712        0.89121        0.93889       -0.04608        3.58113       -7.52549        1.14305        0.70384
0.602254        0.19262        0.21212        1.10124        0.85310        0.93731       -0.04412        3.66214       -7.57631        1.14868        0.69578
0.612050        0.17937        0.19829        1.10556        0.80797        0.93601       -0.04162        3.74154       -7.62304        1.15432        0.68756
0.622005        0.16679        0.18514        1.11007        0.75595        0.93508       -0.03856        3.81857       -7.66556        1.15992        0.67916
0.632122        0.15497        0.17275        1.11479        0.69750        0.93460       -0.03495        3.89244       -7.70384        1.16544        0.67060
0.642403        0.14397        0.16120        1.11970        0.63340        0.93464       -0.03081        3.96238       -7.73792        1.17081        0.66187
0.652852        0.13384        0.15053        1.12483        0.56469        0.93528       -0.02621        4.02766       -7.76794        1.17598        0.65297
0.663471        0.12460        0.14081        1.13016        0.49263        0.93656       -0.02121        4.08762       -7.79407        1.18090        0.64391
0.674262        0.11630        0.13207        1.13570        0.41854        0.93853       -0.01590        4.14171       -7.81655        1.18552        0.63468
0.685229        0.10892        0.12431        1.14145        0.34367        0.94119       -0.01038        4.18946       -7.83564        1.18980        0.62529
0.696374        0.10246        0.11756        1.14741        0.26913        0.94454       -0.00473        4.23052       -7.85162        1.19370        0.61574
0.707701        0.09691        0.11179        1.15358        0.19580        0.94858        0.00096        4.26462       -7.86476        1.19718        0.60602
0.719212        0.09225        0.10700        1.15995        0.12425        0.95328        0.00663        4.29155       -7.87530        1.20021        0.59615
0.730910        0.08852        0.10326        1.16653        0.05492        0.95865        0.01221        4.31065       -7.88330        1.20273        0.58612
0.742798        0.08570        0.10056        1.17332       -0.01224        0.96466        0.01768        4.32158       -7.88893        1.20470        0.57594
0.754880        0.08374        0.09884        1.18029       -0.07789        0.97124        0.02304        4.32460       -7.89243        1.20611        0.56562
0.767158        0.08264        0.09814        1.18745       -0.14272        0.97833        0.02833        4.31931       -7.89383        1.20690        0.55514
0.779636        0.08242        0.09848        1.19478       -0.20768        0.98591        0.03360        4.30522       -7.89309        1.20703        0.54453
0.792317        0.08326        0.10010        1.20229       -0.27419        0.99394        0.03895        4.28018       -7.88972        1.20629        0.53379
0.805204        0.08513        0.10300        1.20995       -0.34393        1.00230        0.04453        4.24407       -7.88368        1.20465        0.52291
0.818301        0.08810        0.10728        1.21775       -0.41859        1.01088        0.05049        4.19583       -7.87463        1.20198        0.51191
0.831610        0.09241        0.11326        1.22566       -0.50073        1.01952        0.05710        4.13250       -7.86166        1.19801        0.50079
0.845137        0.09829        0.12127        1.23365       -0.59291        1.02801        0.06462        4.05116       -7.84365        1.19244        0.48956
0.858883        0.10583        0.13141        1.24168       -0.69630        1.03612        0.07323        3.95064       -7.81982        1.18512        0.47822
0.872853        0.11556        0.14443        1.24970       -0.81401        1.04339        0.08332        3.82435       -7.78729        1.17540        0.46680
0.887050        0.12770        0.16061        1.25765       -0.94535        1.04950        0.09491        3.66985       -7.74402        1.16301        0.45528
0.901478        0.14258        0.18043        1.26545       -1.08822        1.05403        0.10792        3.48281       -7.68658        1.14745        0.44368
0.916140        0.16076        0.20467        1.27299       -1.23751        1.05642        0.12203        3.25646       -7.60918        1.12798        0.43201
0.931041        0.18215        0.23319        1.28019       -1.38396        1.05673        0.13638        2.99162       -7.50877        1.10458        0.42028
0.946185        0.20714        0.26657        1.28687       -1.51473        1.05480        0.14987        2.68228       -7.37644        1.07649        0.40851
0.961575        0.23504        0.30391        1.29296       -1.62198        1.05138        0.16161        2.33435       -7.21072        1.04419        0.39668
0.977215        0.26550        0.34470        1.29825       -1.69798        1.04705        0.17082        1.94767       -7.00469        1.00744        0.38484
0.993109        0.29745        0.38749        1.30265       -1.74544        1.04259        0.17758        1.52848       -6.75844        0.96676        0.37297
1.009262        0.32990        0.43088        1.30606       -1.76912        1.03845        0.18224        1.08073       -6.47222        0.92243        0.36110
1.025678        0.36151        0.47295        1.30825       -1.77373        1.03500        0.18516        0.60623       -6.14483        0.87443        0.34924
1.042361        0.39119        0.51216        1.30924       -1.76631        1.03231        0.18696        0.10880       -5.78258        0.82314        0.33740
1.059315        0.41759        0.54656        1.30885       -1.74997        1.03046        0.18791       -0.41120       -5.38809        0.76846        0.32558
1.076545        0.43905        0.57380        1.30692       -1.72670        1.02951        0.18816       -0.95401       -4.96625        0.71019        0.31383
1.094055        0.45455        0.59248        1.30345       -1.69722        1.02942        0.18774       -1.51858       -4.52548        0.64842        0.30212
1.111850        0.46273        0.60078        1.29834       -1.65995        1.03019        0.18644       -2.10463       -4.07403        0.58307        0.29049
1.129934        0.46226        0.59700        1.29149       -1.61110        1.03183        0.18378       -2.71083       -3.62257        0.51416        0.27894
1.148312        0.45170        0.57943        1.28277       -1.54293        1.03431        0.17881       -3.33319       -3.18606        0.44198        0.26751
1.166990        0.43112        0.54850        1.27223       -1.44602        1.03732        0.17032       -3.96251       -2.77984        0.36757        0.25619
1.185971        0.40116        0.50544        1.25989       -1.30833        1.04021        0.15672       -4.58318       -2.42116        0.29272        0.24500
1.205261        0.36403        0.45357        1.24585       -1.12067        1.04167        0.13666       -5.17075       -2.12610        0.22035        0.23396
1.224865        0.32384        0.39845        1.23028       -0.88647        1.03979        0.11027       -5.69327       -1.90477        0.15447        0.22308
1.244787        0.28589        0.34695        1.21347       -0.62927        1.03278        0.08017       -6.11902       -1.75646        0.09926        0.21237
1.265034        0.25507        0.30503        1.19577       -0.38394        1.02014        0.05059       -6.42765       -1.66941        0.05769        0.20184
1.285610        0.23441        0.27605        1.17756       -0.17496        1.00303        0.02467       -6.61501       -1.62685        0.03079        0.19153
1.306520        0.22510        0.26094        1.15921       -0.00555        0.98329        0.00299       -6.68682       -1.61435        0.01836        0.18142
1.327771        0.22751        0.25959        1.14102        0.13547        0.96261       -0.01573       -6.64807       -1.62311        0.02028        0.17154
1.349367        0.24208        0.27192        1.12330        0.26317        0.94219       -0.03336       -6.49558       -1.65007        0.03750        0.16190
1.371315        0.26996        0.29866        1.10636        0.39066        0.92299       -0.05162       -6.21113       -1.69759        0.07307        0.15252
1.393619        0.31172        0.33992        1.09057        0.52559        0.90575       -0.07152       -5.76752       -1.77219        0.13142        0.14340
1.416287        0.36606        0.39394        1.07628        0.66654        0.89099       -0.09287       -5.13263       -1.88362        0.21787        0.13455
1.439323        0.42801        0.45539        1.06398        0.80163        0.87891       -0.11399       -4.27488       -2.04289        0.33790        0.12598
1.462733        0.48615        0.51255        1.05431        0.90728        0.86939       -0.13140       -3.16947       -2.25846        0.49641        0.11771
1.486525        0.52388        0.54890        1.04777        0.95777        0.86178       -0.14105       -1.84626       -2.51991        0.69023        0.10974
1.510703        0.52561        0.54915        1.04478        0.93182        0.85582       -0.13934       -0.37767       -2.79846        0.90966        0.10206
1.535275        0.48294        0.50507        1.04584        0.81795        0.85237       -0.12390        1.11148       -3.04974        1.13671        0.09471
1.560246        0.40810        0.42879        1.05069        0.64130        0.85286       -0.09799        2.47457       -3.24105        1.34858        0.08765
1.585624        0.32134        0.34035        1.05926        0.44632        0.85891       -0.06805        3.57608       -3.35902        1.52357        0.08094
1.611414        0.24273        0.25990        1.07080        0.27724        0.87008       -0.04105        4.39357       -3.42371        1.65648        0.07453
1.637624        0.18187        0.19728        1.08485        0.15211        0.88551       -0.02003        4.94607       -3.45445        1.74896        0.06844
1.664260        0.13883        0.15282        1.10087        0.06530        0.90404       -0.00447        5.30065       -3.46805        1.81055        0.06268
1.691330        0.11020        0.12326        1.11850        0.00537        0.92495        0.00714        5.51507       -3.47313        1.84980        0.05724
1.718839        0.09272        0.10547        1.13749       -0.03627        0.94793        0.01579        5.62723       -3.47362        1.87238        0.05211
1.746796        0.08374        0.09694        1.15766       -0.06526        0.97284        0.02198        5.66137       -3.47126        1.88185        0.04730
1.775208        0.08193        0.09659        1.17881       -0.08495        0.99955        0.02588        5.62544       -3.46663        1.87913        0.04280
1.804082        0.08750        0.10507        1.20072       -0.09870        1.02786        0.02791        5.50940       -3.45959        1.86198        0.03860
1.833425        0.10218        0.12498        1.22302       -0.11207        1.05727        0.02919        5.28030       -3.44937        1.82386        0.03469
1.863246        0.12950        0.16125        1.24507       -0.13339        1.08677        0.03167        4.86806       -3.43389        1.75103        0.03107
1.893552        0.17340        0.21949        1.26566       -0.17085        1.11453        0.03742        4.14616       -3.40817        1.61842        0.02773
1.924351        0.23109        0.29643        1.28264       -0.22085        1.13748        0.04628        2.93994       -3.36284        1.39048        0.02465
1.955651        0.27770        0.35904        1.29289       -0.24927        1.15151        0.05185        1.16295       -3.29184        1.04706        0.02183
1.987460        0.27270        0.35276        1.29355       -0.21140        1.15289        0.04514       -0.91039       -3.21480        0.63840        0.01926
2.019786        0.21488        0.27595        1.28422       -0.12381        1.14074        0.02894       -2.70495       -3.16657        0.27770        0.01692
2.052638        0.14769        0.18718        1.26725       -0.04255        1.11784        0.01446       -3.88131       -3.15168        0.03585        0.01480
2.086024        0.09868        0.12297        1.24598        0.01488        1.08884        0.00547       -4.54175       -3.15262       -0.10390        0.01289
2.119953        0.06872        0.08402        1.22265        0.05680        1.05702        0.00024       -4.88699       -3.15855       -0.18004        0.01117
2.154435        0.05207        0.06241        1.19854        0.08906        1.02440       -0.00296       -5.05477       -3.16536       -0.21976        0.00964
2.189477        0.04335        0.05091        1.17435        0.11164        0.99227       -0.00495       -5.12807       -3.17163       -0.23970        0.00828
2.225089        0.04005        0.04608        1.15046        0.12129        0.96145       -0.00587       -5.14037       -3.17681       -0.24654        0.00708
2.261280        0.04093        0.04613        1.12709        0.11735        0.93233       -0.00585       -5.10668       -3.18080       -0.24317        0.00602
2.298060        0.04609        0.05090        1.10445        0.10216        0.90505       -0.00508       -5.02453       -3.18363       -0.22864        0.00509
2.335438        0.05660        0.06128        1.08274        0.08113        0.87954       -0.00394       -4.87874       -3.18552       -0.19903        0.00428
2.373424        0.07463        0.07927        1.06224        0.05978        0.85581       -0.00279       -4.63679       -3.18673       -0.14613        0.00358
2.412028        0.10320        0.10768        1.04340        0.04196        0.83412       -0.00187       -4.24104       -3.18752       -0.05526        0.00297
2.451260        0.14420        0.14808        1.02693        0.02912        0.81517       -0.00123       -3.60563       -3.18820        0.09584        0.00246
2.491130        0.19228        0.19495        1.01391        0.02044        0.80016       -0.00066       -2.64013       -3.18910        0.33171        0.00202
2.531648        0.22740        0.22868        1.00563        0.01364        0.79058        0.00029       -1.33521       -3.19040        0.65768        0.00165
2.572826        0.22415        0.22486        1.00314        0.00643        0.78763        0.00215        0.13105       -3.19186        1.03136        0.00133
2.614673        0.18170        0.18290        1.00660       -0.00243        0.79141        0.00533        1.45073       -3.19308        1.37431        0.00107
2.657201        0.12631        0.12822        1.01512       -0.01420        0.80083        0.01053        2.41752       -3.19399        1.63087        0.00086
2.700421        0.08039        0.08259        1.02744       -0.03165        0.81421        0.01915        3.02584       -3.19473        1.79638        0.00068
2.744343        0.04981        0.05192        1.04246       -0.05923        0.83002        0.03340        3.37202       -3.19547        1.89375        0.00054
2.788980        0.03112        0.03296        1.05939       -0.10173        0.84698        0.05574        3.56147       -3.19634        1.94962        0.00042
2.834343        0.02011        0.02168        1.07783       -0.16421        0.86425        0.08890        3.65978       -3.19748        1.98095        0.00019
2.880444        0.01355        0.01487        1.09753       -0.24996        0.88127        0.13471        3.70863       -3.19897        1.99874        0.00000
2.927295        0.00956        0.01069        1.11841       -0.36154        0.89774        0.19470        3.73065       -3.20087        2.00908        0.00000
2.974908        0.00703        0.00802        1.14044       -0.49916        0.91360        0.26914        3.73712       -3.20318        2.01501        0.00000
3.023295        0.00537        0.00625        1.16363       -0.66189        0.92894        0.35772        3.73446       -3.20582        2.01830        0.00000
3.072469        0.00446        0.00530        1.18702       -0.81128        0.94612        0.43912        3.74179       -3.20716        2.02534        0.00000
3.122443        0.00352        0.00426        1.21261       -1.04323        0.95896        0.56637        3.73445       -3.21113        2.02740        0.00000
3.173230        0.00289        0.00359        1.23979       -1.28371        0.97322        0.69948        3.72067       -3.21454        2.02735        0.00000
3.224842        0.00243        0.00309        1.26842       -1.54427        0.98779        0.84471        3.70526       -3.21782        2.02676        0.00000
3.277295        0.00208        0.00270        1.29861       -1.82693        1.00267        1.00331        3.68878       -3.22097        2.02579        0.00000
3.330600        0.00181        0.00241        1.33048       -2.13284        1.01796        1.17607        3.67161       -3.22389        2.02456        0.00000
3.384773        0.00159        0.00216        1.36415       -2.46287        1.03380        1.36364        3.65401       -3.22650        2.02315        0.00000
3.439826        0.00141        0.00197        1.39977       -2.81853        1.05033        1.56702        3.63618       -3.22869        2.02161        0.00000
3.495776        0.00126        0.00180        1.43750       -3.20155        1.06771        1.78735        3.61829       -3.23031        2.02000        0.00000
3.552635        0.00113        0.00167        1.47753       -3.61428        1.08611        2.02610        3.60052       -3.23122        2.01838        0.00000
3.610419        0.00102        0.00155        1.52007       -4.05932        1.10574        2.28492        3.58303       -3.23125        2.01681        0.00000
3.669142        0.00093        0.00145        1.56536       -4.54004        1.12683        2.56587        3.56600       -3.23016        2.01537        0.00000
3.728821        0.00085        0.00137        1.61365       -5.06054        1.14965        2.87144        3.54966       -3.22770        2.01413        0.00000
3.789471        0.00078        0.00129        1.66527       -5.62581        1.17455        3.20462        3.53426       -3.22351        2.01321        0.00000
3.851107        0.00071        0.00123        1.72058       -6.24191        1.20196        3.56900        3.52011       -3.21717        2.01273        0.00000
3.913746        0.00066        0.00117        1.77997       -6.91634        1.23241        3.96898        3.50763       -3.20813        2.01287        0.00000
3.977403        0.00061        0.00112        1.84393       -7.65851        1.26662        4.40998        3.49731       -3.19566        2.01384        0.00000
4.042096        0.00056        0.00108        1.91307       -8.48105        1.30556        4.89923        3.48986       -3.17873        2.01598        0.00000
4.107841        0.00052        0.00104        1.98804       -9.39906        1.35050        5.44523        3.48616       -3.15599        2.01967        0.00000
4.174655        0.00048        0.00100        2.06973      -10.43440        1.40335        6.06016        3.48752       -3.12543        2.02550        0.00000
4.242556        0.00045        0.00097        2.15916      -11.61580        1.46685        6.75980        3.49571       -3.08412        2.03432        0.00000
4.311562        0.00042        0.00094        2.25769      -12.98465        1.54526        7.56658        3.51339       -3.02748        2.04737        0.00000
4.381690        0.00039        0.00092        2.36707      -14.60289        1.64564        8.51361        3.54465       -2.94790        2.06657        0.00000
4.452959        0.00036        0.00089        2.48970      -16.56802        1.78055        9.65240        3.59613       -2.83181        2.09508        0.00000
4.525386        0.00033        0.00087        2.62900      -19.04483        1.97488       11.06882        3.67926       -2.65219        2.13838        0.00000
4.598992        0.00031        0.00086        2.79027      -22.34122        2.28729       12.92174        3.81548       -2.34521        2.20680        0.00000
4.673795        0.00028        0.00084        2.98232      -27.06710        2.89725       15.52437        4.04416       -1.71508        2.31954        0.00000
