x               rho            P              T              ur             uphi           uz             Br             Bphi           Bz             m
0.010000        0.99989        0.99990        1.00001        0.13503        0.98890       -0.00008        0.01930       -0.14420        1.00001        0.99990
0.010163        0.99989        0.99990        1.00001        0.13503        0.98890       -0.00008        0.01961       -0.14655        1.00001        0.99990
0.010328        0.99988        0.99990        1.00001        0.13503        0.98890       -0.00008        0.01993       -0.14893        1.00001        0.99989
0.010496        0.99988        0.99989        1.00001        0.13503        0.98890       -0.00009        0.02025       -0.15135        1.00001        0.99989
0.010667        0.99987        0.99989        1.00001        0.13503        0.98890       -0.00009        0.02058       -0.15381        1.00001        0.99988
0.010840        0.99987        0.99988        1.00001        0.13503        0.98890       -0.00009        0.02092       -0.15631        1.00001        0.99988
0.011016        0.99986        0.99988        1.00001        0.13503        0.98890       -0.00009        0.02126       -0.15886        1.00001        0.99987
0.011196        0.99986        0.99987        1.00001        0.13503        0.98890       -0.00009        0.02160       -0.16144        1.00001        0.99986
0.011378        0.99985        0.99986        1.00001        0.13503        0.98890       -0.00009        0.02196       -0.16407        1.00001        0.99986
0.011563        0.99985        0.99986        1.00001        0.13503        0.98890       -0.00010        0.02231       -0.16673        1.00001        0.99985
0.011751        0.99984        0.99985        1.00001        0.13503        0.98890       -0.00010        0.02268       -0.16945        1.00002        0.99985
0.011942        0.99983        0.99985        1.00002        0.13503        0.98890       -0.00010        0.02304       -0.17220        1.00002        0.99984
0.012136        0.99983        0.99984        1.00002        0.13503        0.98890       -0.00010        0.02342       -0.17500        1.00002        0.99984
0.012334        0.99982        0.99984        1.00002        0.13503        0.98890       -0.00010        0.02380       -0.17785        1.00002        0.99983
0.012534        0.99981        0.99983        1.00002        0.13503        0.98890       -0.00010        0.02419       -0.18074        1.00002        0.99982
0.012738        0.99981        0.99982        1.00002        0.13503        0.98890       -0.00010        0.02458       -0.18368        1.00002        0.99982
0.012945        0.99980        0.99982        1.00002        0.13503        0.98890       -0.00011        0.02498       -0.18667        1.00002        0.99981
0.013156        0.99979        0.99981        1.00002        0.13503        0.98890       -0.00011        0.02539       -0.18970        1.00002        0.99981
0.013370        0.99979        0.99981        1.00002        0.13503        0.98890       -0.00011        0.02580       -0.19279        1.00002        0.99980
0.013587        0.99978        0.99980        1.00002        0.13503        0.98890       -0.00011        0.02622       -0.19592        1.00002        0.99979
0.013808        0.99977        0.99979        1.00002        0.13503        0.98890       -0.00011        0.02665       -0.19911        1.00002        0.99979
0.014033        0.99977        0.99979        1.00002        0.13503        0.98890       -0.00012        0.02708       -0.20235        1.00002        0.99978
0.014261        0.99976        0.99978        1.00002        0.13503        0.98890       -0.00012        0.02752       -0.20564        1.00002        0.99977
0.014493        0.99975        0.99977        1.00002        0.13503        0.98890       -0.00012        0.02797       -0.20899        1.00002        0.99977
0.014729        0.99974        0.99977        1.00002        0.13503        0.98890       -0.00012        0.02842       -0.21238        1.00002        0.99976
0.014968        0.99974        0.99976        1.00002        0.13503        0.98890       -0.00012        0.02889       -0.21584        1.00003        0.99975
0.015212        0.99973        0.99975        1.00002        0.13503        0.98890       -0.00013        0.02936       -0.21935        1.00003        0.99974
0.015459        0.99972        0.99975        1.00003        0.13504        0.98890       -0.00013        0.02983       -0.22292        1.00003        0.99974
0.015711        0.99971        0.99974        1.00003        0.13504        0.98890       -0.00013        0.03032       -0.22654        1.00003        0.99973
0.015966        0.99970        0.99973        1.00003        0.13504        0.98890       -0.00013        0.03081       -0.23023        1.00003        0.99972
0.016226        0.99970        0.99972        1.00003        0.13504        0.98890       -0.00013        0.03131       -0.23397        1.00003        0.99971
0.016490        0.99969        0.99972        1.00003        0.13504        0.98890       -0.00014        0.03182       -0.23778        1.00003        0.99971
0.016758        0.99968        0.99971        1.00003        0.13504        0.98890       -0.00014        0.03234       -0.24164        1.00003        0.99970
0.017031        0.99967        0.99970        1.00003        0.13504        0.98890       -0.00014        0.03287       -0.24557        1.00003        0.99969
0.017308        0.99966        0.99969        1.00003        0.13504        0.98890       -0.00014        0.03340       -0.24957        1.00003        0.99968
0.017589        0.99965        0.99968        1.00003        0.13504        0.98890       -0.00014        0.03395       -0.25363        1.00003        0.99967
0.017875        0.99964        0.99968        1.00003        0.13504        0.98890       -0.00015        0.03450       -0.25775        1.00003        0.99966
0.018166        0.99963        0.99967        1.00003        0.13504        0.98890       -0.00015        0.03506       -0.26194        1.00004        0.99965
0.018461        0.99962        0.99966        1.00003        0.13504        0.98890       -0.00015        0.03563       -0.26620        1.00004        0.99965
0.018762        0.99961        0.99965        1.00004        0.13504        0.98890       -0.00015        0.03621       -0.27053        1.00004        0.99964
0.019067        0.99960        0.99964        1.00004        0.13504        0.98890       -0.00016        0.03680       -0.27493        1.00004        0.99963
0.019377        0.99959        0.99963        1.00004        0.13504        0.98890       -0.00016        0.03740       -0.27941        1.00004        0.99962
0.019692        0.99958        0.99962        1.00004        0.13504        0.98890       -0.00016        0.03800       -0.28395        1.00004        0.99961
0.020012        0.99957        0.99961        1.00004        0.13504        0.98890       -0.00016        0.03862       -0.28857        1.00004        0.99960
0.020338        0.99956        0.99960        1.00004        0.13504        0.98890       -0.00017        0.03925       -0.29326        1.00004        0.99958
0.020669        0.99954        0.99958        1.00004        0.13505        0.98890       -0.00017        0.03989       -0.29803        1.00004        0.99957
0.021005        0.99952        0.99957        1.00004        0.13505        0.98890       -0.00017        0.04054       -0.30288        1.00005        0.99955
0.021347        0.99950        0.99955        1.00004        0.13505        0.98890       -0.00018        0.04120       -0.30780        1.00005        0.99953
0.021694        0.99949        0.99953        1.00005        0.13505        0.98890       -0.00018        0.04187       -0.31281        1.00005        0.99952
0.022047        0.99947        0.99952        1.00005        0.13505        0.98890       -0.00018        0.04255       -0.31789        1.00005        0.99950
0.022405        0.99945        0.99950        1.00005        0.13505        0.98890       -0.00018        0.04324       -0.32306        1.00005        0.99948
0.022770        0.99943        0.99948        1.00005        0.13505        0.98890       -0.00019        0.04395       -0.32832        1.00005        0.99946
0.023140        0.99941        0.99946        1.00005        0.13505        0.98890       -0.00019        0.04466       -0.33366        1.00006        0.99944
0.023516        0.99939        0.99944        1.00006        0.13505        0.98890       -0.00019        0.04539       -0.33908        1.00006        0.99942
0.023899        0.99937        0.99943        1.00006        0.13506        0.98890       -0.00020        0.04613       -0.34460        1.00006        0.99941
0.024288        0.99935        0.99941        1.00006        0.13506        0.98890       -0.00020        0.04688       -0.35020        1.00006        0.99939
0.024683        0.99933        0.99939        1.00006        0.13506        0.98890       -0.00020        0.04764       -0.35590        1.00006        0.99937
0.025084        0.99931        0.99937        1.00006        0.13506        0.98890       -0.00021        0.04842       -0.36168        1.00007        0.99935
0.025492        0.99928        0.99935        1.00006        0.13506        0.98890       -0.00021        0.04921       -0.36756        1.00007        0.99933
0.025907        0.99926        0.99933        1.00007        0.13506        0.98889       -0.00021        0.05001       -0.37354        1.00007        0.99930
0.026328        0.99924        0.99931        1.00007        0.13506        0.98889       -0.00022        0.05082       -0.37962        1.00007        0.99928
0.026756        0.99922        0.99929        1.00007        0.13506        0.98889       -0.00022        0.05165       -0.38579        1.00007        0.99926
0.027192        0.99919        0.99927        1.00007        0.13507        0.98889       -0.00022        0.05249       -0.39206        1.00008        0.99924
0.027634        0.99917        0.99924        1.00008        0.13507        0.98889       -0.00023        0.05334       -0.39844        1.00008        0.99922
0.028083        0.99915        0.99922        1.00008        0.13507        0.98889       -0.00023        0.05421       -0.40492        1.00008        0.99920
0.028540        0.99912        0.99920        1.00008        0.13507        0.98889       -0.00023        0.05509       -0.41150        1.00008        0.99917
0.029004        0.99910        0.99918        1.00008        0.13507        0.98889       -0.00024        0.05599       -0.41820        1.00009        0.99915
0.029476        0.99907        0.99916        1.00008        0.13507        0.98889       -0.00024        0.05690       -0.42500        1.00009        0.99913
0.029955        0.99905        0.99913        1.00009        0.13507        0.98889       -0.00025        0.05783       -0.43191        1.00009        0.99910
0.030443        0.99901        0.99910        1.00009        0.13508        0.98889       -0.00025        0.05877       -0.43893        1.00009        0.99907
0.030938        0.99898        0.99907        1.00009        0.13508        0.98889       -0.00025        0.05973       -0.44607        1.00010        0.99904
0.031441        0.99894        0.99903        1.00010        0.13508        0.98889       -0.00026        0.06070       -0.45332        1.00010        0.99900
0.031952        0.99890        0.99900        1.00010        0.13508        0.98889       -0.00026        0.06169       -0.46069        1.00011        0.99896
0.032472        0.99886        0.99896        1.00010        0.13509        0.98889       -0.00027        0.06269       -0.46818        1.00011        0.99893
0.033000        0.99882        0.99893        1.00011        0.13509        0.98889       -0.00027        0.06371       -0.47579        1.00011        0.99889
0.033537        0.99878        0.99889        1.00011        0.13509        0.98889       -0.00028        0.06475       -0.48353        1.00012        0.99885
0.034083        0.99874        0.99886        1.00011        0.13509        0.98889       -0.00028        0.06580       -0.49139        1.00012        0.99882
0.034637        0.99870        0.99882        1.00012        0.13509        0.98889       -0.00029        0.06688       -0.49938        1.00012        0.99878
0.035200        0.99866        0.99878        1.00012        0.13510        0.98889       -0.00029        0.06797       -0.50750        1.00013        0.99874
0.035773        0.99862        0.99874        1.00013        0.13510        0.98889       -0.00029        0.06907       -0.51575        1.00013        0.99870
0.036355        0.99857        0.99870        1.00013        0.13510        0.98889       -0.00030        0.07020       -0.52414        1.00014        0.99866
0.036946        0.99853        0.99866        1.00013        0.13510        0.98889       -0.00030        0.07134       -0.53266        1.00014        0.99861
0.037547        0.99848        0.99862        1.00014        0.13511        0.98889       -0.00031        0.07250       -0.54132        1.00015        0.99857
0.038158        0.99844        0.99858        1.00014        0.13511        0.98889       -0.00031        0.07368       -0.55012        1.00015        0.99853
0.038778        0.99839        0.99854        1.00015        0.13511        0.98889       -0.00032        0.07488       -0.55907        1.00015        0.99849
0.039409        0.99834        0.99849        1.00015        0.13511        0.98889       -0.00032        0.07610       -0.56816        1.00016        0.99844
0.040050        0.99830        0.99845        1.00015        0.13512        0.98889       -0.00033        0.07734       -0.57740        1.00016        0.99840
0.040701        0.99824        0.99840        1.00016        0.13512        0.98889       -0.00033        0.07860       -0.58678        1.00017        0.99834
0.041363        0.99817        0.99834        1.00017        0.13512        0.98889       -0.00034        0.07988       -0.59632        1.00018        0.99828
0.042036        0.99811        0.99828        1.00017        0.13513        0.98889       -0.00035        0.08118       -0.60601        1.00018        0.99822
0.042720        0.99804        0.99822        1.00018        0.13513        0.98889       -0.00035        0.08251       -0.61587        1.00019        0.99816
0.043415        0.99798        0.99816        1.00018        0.13514        0.98889       -0.00036        0.08385       -0.62588        1.00019        0.99809
0.044121        0.99791        0.99810        1.00019        0.13514        0.98889       -0.00036        0.08522       -0.63605        1.00020        0.99803
0.044839        0.99784        0.99804        1.00020        0.13514        0.98889       -0.00037        0.08661       -0.64639        1.00021        0.99797
0.045568        0.99777        0.99797        1.00020        0.13515        0.98889       -0.00038        0.08802       -0.65690        1.00021        0.99790
0.046309        0.99770        0.99791        1.00021        0.13515        0.98889       -0.00038        0.08945       -0.66758        1.00022        0.99783
0.047062        0.99763        0.99784        1.00022        0.13516        0.98889       -0.00039        0.09091       -0.67843        1.00023        0.99777
0.047828        0.99755        0.99778        1.00022        0.13516        0.98889       -0.00039        0.09239       -0.68946        1.00024        0.99770
0.048606        0.99748        0.99771        1.00023        0.13516        0.98889       -0.00040        0.09390       -0.70066        1.00024        0.99763
0.049396        0.99740        0.99764        1.00024        0.13517        0.98889       -0.00041        0.09543       -0.71205        1.00025        0.99756
0.050200        0.99732        0.99757        1.00024        0.13517        0.98889       -0.00041        0.09698       -0.72363        1.00026        0.99748
0.051016        0.99723        0.99748        1.00025        0.13518        0.98889       -0.00042        0.09857       -0.73539        1.00027        0.99739
0.051846        0.99713        0.99739        1.00026        0.13518        0.98888       -0.00043        0.10018       -0.74734        1.00028        0.99730
0.052689        0.99703        0.99730        1.00027        0.13519        0.98888       -0.00043        0.10181       -0.75948        1.00029        0.99721
0.053546        0.99693        0.99721        1.00028        0.13520        0.98888       -0.00044        0.10347       -0.77182        1.00029        0.99711
0.054417        0.99683        0.99712        1.00029        0.13520        0.98888       -0.00045        0.10516       -0.78437        1.00030        0.99702
0.055302        0.99673        0.99702        1.00030        0.13521        0.98888       -0.00046        0.10688       -0.79711        1.00031        0.99692
0.056202        0.99662        0.99693        1.00031        0.13521        0.98888       -0.00046        0.10862       -0.81007        1.00032        0.99682
0.057116        0.99652        0.99683        1.00032        0.13522        0.98888       -0.00047        0.11039       -0.82323        1.00034        0.99672
0.058045        0.99641        0.99673        1.00033        0.13523        0.98888       -0.00048        0.11219       -0.83661        1.00035        0.99662
0.058989        0.99630        0.99663        1.00034        0.13523        0.98888       -0.00049        0.11402       -0.85021        1.00036        0.99652
0.059948        0.99619        0.99653        1.00035        0.13524        0.98888       -0.00049        0.11588       -0.86403        1.00037        0.99641
0.060923        0.99605        0.99641        1.00036        0.13525        0.98888       -0.00050        0.11777       -0.87806        1.00038        0.99629
0.061914        0.99592        0.99629        1.00037        0.13525        0.98888       -0.00051        0.11970       -0.89232        1.00039        0.99616
0.062921        0.99578        0.99616        1.00038        0.13526        0.98888       -0.00052        0.12165       -0.90682        1.00041        0.99603
0.063945        0.99564        0.99603        1.00040        0.13527        0.98888       -0.00053        0.12364       -0.92155        1.00042        0.99590
0.064985        0.99549        0.99590        1.00041        0.13528        0.98888       -0.00054        0.12566       -0.93652        1.00043        0.99576
0.066042        0.99535        0.99577        1.00042        0.13529        0.98888       -0.00054        0.12771       -0.95174        1.00045        0.99562
0.067116        0.99520        0.99564        1.00044        0.13530        0.98888       -0.00055        0.12980       -0.96720        1.00046        0.99548
0.068208        0.99505        0.99550        1.00045        0.13530        0.98888       -0.00056        0.13192       -0.98291        1.00048        0.99534
0.069317        0.99490        0.99536        1.00047        0.13531        0.98887       -0.00057        0.13407       -0.99888        1.00049        0.99520
0.070445        0.99473        0.99521        1.00048        0.13532        0.98887       -0.00058        0.13626       -1.01510        1.00051        0.99505
0.071590        0.99455        0.99505        1.00050        0.13533        0.98887       -0.00059        0.13849       -1.03159        1.00052        0.99488
0.072755        0.99437        0.99488        1.00051        0.13534        0.98887       -0.00060        0.14076       -1.04834        1.00054        0.99470
0.073938        0.99418        0.99471        1.00053        0.13535        0.98887       -0.00061        0.14306       -1.06536        1.00056        0.99452
0.075141        0.99399        0.99453        1.00055        0.13536        0.98887       -0.00062        0.14540       -1.08266        1.00058        0.99435
0.076363        0.99379        0.99436        1.00057        0.13538        0.98887       -0.00063        0.14778       -1.10024        1.00060        0.99416
0.077605        0.99360        0.99418        1.00058        0.13539        0.98887       -0.00064        0.15020       -1.11811        1.00062        0.99398
0.078867        0.99340        0.99399        1.00060        0.13540        0.98887       -0.00065        0.15265       -1.13626        1.00064        0.99379
0.080150        0.99319        0.99381        1.00062        0.13541        0.98887       -0.00066        0.15515       -1.15472        1.00066        0.99360
0.081454        0.99296        0.99360        1.00064        0.13542        0.98887       -0.00067        0.15769       -1.17346        1.00068        0.99338
0.082779        0.99272        0.99338        1.00066        0.13544        0.98886       -0.00068        0.16028       -1.19250        1.00070        0.99315
0.084125        0.99248        0.99316        1.00069        0.13545        0.98886       -0.00069        0.16290       -1.21186        1.00073        0.99292
0.085493        0.99223        0.99294        1.00071        0.13546        0.98886       -0.00070        0.16557       -1.23152        1.00075        0.99269
0.086884        0.99198        0.99271        1.00073        0.13548        0.98886       -0.00072        0.16829       -1.25151        1.00077        0.99246
0.088297        0.99173        0.99248        1.00076        0.13549        0.98886       -0.00073        0.17104       -1.27183        1.00080        0.99222
0.089733        0.99147        0.99224        1.00078        0.13551        0.98886       -0.00074        0.17384       -1.29247        1.00082        0.99198
0.091193        0.99118        0.99198        1.00081        0.13552        0.98886       -0.00075        0.17670       -1.31344        1.00085        0.99171
0.092676        0.99089        0.99171        1.00083        0.13554        0.98886       -0.00076        0.17960       -1.33474        1.00088        0.99143
0.094183        0.99058        0.99144        1.00086        0.13556        0.98885       -0.00078        0.18255       -1.35639        1.00091        0.99115
0.095715        0.99028        0.99116        1.00089        0.13557        0.98885       -0.00079        0.18554       -1.37840        1.00094        0.99086
0.097272        0.98996        0.99087        1.00092        0.13559        0.98885       -0.00080        0.18859       -1.40076        1.00097        0.99056
0.098854        0.98965        0.99058        1.00095        0.13561        0.98885       -0.00081        0.19168       -1.42348        1.00100        0.99026
0.100462        0.98932        0.99028        1.00098        0.13563        0.98885       -0.00083        0.19483       -1.44657        1.00103        0.98995
0.102096        0.98896        0.98996        1.00101        0.13565        0.98885       -0.00084        0.19803       -1.47002        1.00107        0.98962
0.103757        0.98859        0.98962        1.00104        0.13567        0.98884       -0.00086        0.20129       -1.49385        1.00111        0.98927
0.105444        0.98822        0.98928        1.00108        0.13569        0.98884       -0.00087        0.20460       -1.51807        1.00114        0.98892
0.107159        0.98784        0.98894        1.00111        0.13571        0.98884       -0.00088        0.20796       -1.54268        1.00118        0.98856
0.108902        0.98745        0.98859        1.00115        0.13573        0.98884       -0.00090        0.21138       -1.56769        1.00122        0.98820
0.110674        0.98705        0.98822        1.00119        0.13575        0.98884       -0.00091        0.21486       -1.59310        1.00126        0.98782
0.112474        0.98661        0.98782        1.00123        0.13578        0.98884       -0.00093        0.21840       -1.61891        1.00130        0.98741
0.114303        0.98617        0.98742        1.00127        0.13580        0.98883       -0.00094        0.22200       -1.64513        1.00134        0.98700
0.116162        0.98572        0.98701        1.00131        0.13583        0.98883       -0.00096        0.22566       -1.67179        1.00139        0.98657
0.118052        0.98526        0.98660        1.00135        0.13585        0.98883       -0.00097        0.22938       -1.69887        1.00143        0.98614
0.119972        0.98480        0.98617        1.00140        0.13588        0.98883       -0.00099        0.23316       -1.72640        1.00148        0.98571
0.121923        0.98429        0.98571        1.00144        0.13591        0.98882       -0.00101        0.23701       -1.75434        1.00153        0.98523
0.123906        0.98377        0.98524        1.00149        0.13593        0.98882       -0.00102        0.24093       -1.78274        1.00158        0.98474
0.125922        0.98324        0.98476        1.00154        0.13596        0.98882       -0.00104        0.24491       -1.81160        1.00163        0.98425
0.127970        0.98270        0.98427        1.00159        0.13599        0.98882       -0.00106        0.24895       -1.84093        1.00169        0.98374
0.130051        0.98216        0.98377        1.00164        0.13602        0.98881       -0.00107        0.25307       -1.87073        1.00174        0.98323
0.132166        0.98156        0.98323        1.00170        0.13605        0.98881       -0.00109        0.25726       -1.90099        1.00180        0.98267
0.134316        0.98095        0.98267        1.00175        0.13609        0.98881       -0.00111        0.26152       -1.93173        1.00186        0.98210
0.136501        0.98034        0.98211        1.00181        0.13612        0.98881       -0.00113        0.26585       -1.96298        1.00192        0.98152
0.138721        0.97971        0.98154        1.00187        0.13615        0.98880       -0.00114        0.27025       -1.99473        1.00199        0.98093
0.140977        0.97905        0.98094        1.00193        0.13619        0.98880       -0.00116        0.27473       -2.02699        1.00205        0.98031
0.143270        0.97836        0.98031        1.00200        0.13623        0.98880       -0.00118        0.27930       -2.05974        1.00212        0.97966
0.145601        0.97765        0.97967        1.00206        0.13626        0.98879       -0.00120        0.28394       -2.09302        1.00219        0.97900
0.147969        0.97694        0.97902        1.00213        0.13630        0.98879       -0.00122        0.28865       -2.12685        1.00227        0.97833
0.150376        0.97620        0.97835        1.00220        0.13634        0.98879       -0.00124        0.29344       -2.16122        1.00234        0.97764
0.152821        0.97541        0.97763        1.00227        0.13638        0.98878       -0.00126        0.29833       -2.19610        1.00242        0.97690
0.155307        0.97461        0.97690        1.00235        0.13642        0.98878       -0.00128        0.30330       -2.23155        1.00250        0.97615
0.157833        0.97380        0.97616        1.00243        0.13647        0.98877       -0.00130        0.30835       -2.26758        1.00258        0.97538
0.160400        0.97296        0.97540        1.00250        0.13651        0.98877       -0.00132        0.31349       -2.30419        1.00267        0.97460
0.163009        0.97207        0.97458        1.00259        0.13656        0.98877       -0.00135        0.31873       -2.34134        1.00276        0.97376
0.165661        0.97116        0.97376        1.00268        0.13660        0.98876       -0.00137        0.32405       -2.37909        1.00285        0.97291
0.168355        0.97024        0.97292        1.00276        0.13665        0.98876       -0.00139        0.32946       -2.41746        1.00294        0.97204
0.171093        0.96928        0.97204        1.00285        0.13670        0.98875       -0.00141        0.33497       -2.45643        1.00304        0.97114
0.173876        0.96827        0.97113        1.00295        0.13675        0.98875       -0.00144        0.34059       -2.49599        1.00315        0.97020
0.176704        0.96725        0.97019        1.00305        0.13680        0.98874       -0.00146        0.34630       -2.53619        1.00325        0.96924
0.179578        0.96621        0.96925        1.00315        0.13686        0.98874       -0.00148        0.35210       -2.57705        1.00336        0.96826
0.182499        0.96510        0.96824        1.00325        0.13691        0.98873       -0.00151        0.35802       -2.61850        1.00347        0.96723
0.185468        0.96397        0.96721        1.00336        0.13697        0.98873       -0.00153        0.36404       -2.66062        1.00359        0.96616
0.188484        0.96282        0.96616        1.00347        0.13702        0.98872       -0.00156        0.37016       -2.70342        1.00371        0.96509
0.191550        0.96162        0.96507        1.00359        0.13708        0.98871       -0.00158        0.37640       -2.74688        1.00383        0.96396
0.194666        0.96037        0.96393        1.00371        0.13714        0.98871       -0.00161        0.38275       -2.79100        1.00396        0.96279
0.197832        0.95910        0.96277        1.00383        0.13720        0.98870       -0.00164        0.38921       -2.83583        1.00410        0.96160
0.201050        0.95779        0.96158        1.00396        0.13727        0.98870       -0.00166        0.39578       -2.88137        1.00423        0.96038
0.204320        0.95642        0.96033        1.00409        0.13733        0.98869       -0.00169        0.40249       -2.92757        1.00438        0.95909
0.207643        0.95503        0.95906        1.00422        0.13740        0.98868       -0.00172        0.40930       -2.97453        1.00453        0.95778
0.211020        0.95359        0.95775        1.00436        0.13747        0.98867       -0.00174        0.41624       -3.02222        1.00468        0.95644
0.214453        0.95209        0.95638        1.00451        0.13754        0.98867       -0.00177        0.42332       -3.07061        1.00484        0.95503
0.217941        0.95056        0.95499        1.00466        0.13761        0.98866       -0.00180        0.43052       -3.11978        1.00500        0.95360
0.221486        0.94898        0.95355        1.00481        0.13768        0.98865       -0.00183        0.43785       -3.16971        1.00517        0.95212
0.225088        0.94733        0.95204        1.00498        0.13775        0.98864       -0.00186        0.44533       -3.22037        1.00535        0.95058
0.228749        0.94566        0.95052        1.00514        0.13783        0.98863       -0.00189        0.45292       -3.27185        1.00553        0.94901
0.232470        0.94391        0.94893        1.00531        0.13790        0.98863       -0.00192        0.46068       -3.32408        1.00572        0.94738
0.236251        0.94212        0.94729        1.00549        0.13798        0.98862       -0.00195        0.46857       -3.37711        1.00591        0.94569
0.240093        0.94029        0.94562        1.00567        0.13806        0.98861       -0.00198        0.47660       -3.43101        1.00611        0.94399
0.243999        0.93836        0.94387        1.00587        0.13814        0.98860       -0.00202        0.48481       -3.48562        1.00632        0.94218
0.247967        0.93641        0.94208        1.00606        0.13822        0.98859       -0.00205        0.49315       -3.54112        1.00654        0.94035
0.252000        0.93438        0.94024        1.00626        0.13830        0.98858       -0.00208        0.50166       -3.59745        1.00676        0.93846
0.256099        0.93229        0.93833        1.00647        0.13838        0.98857       -0.00212        0.51033       -3.65460        1.00699        0.93650
0.260265        0.93016        0.93638        1.00669        0.13847        0.98856       -0.00215        0.51915       -3.71267        1.00723        0.93450
0.264498        0.92792        0.93434        1.00692        0.13855        0.98854       -0.00218        0.52817       -3.77150        1.00748        0.93241
0.268800        0.92565        0.93227        1.00715        0.13864        0.98853       -0.00222        0.53733       -3.83129        1.00774        0.93029
0.273172        0.92329        0.93011        1.00739        0.13872        0.98852       -0.00225        0.54670       -3.89190        1.00800        0.92808
0.277615        0.92087        0.92790        1.00764        0.13881        0.98851       -0.00229        0.55623       -3.95344        1.00828        0.92581
0.282131        0.91837        0.92562        1.00789        0.13889        0.98850       -0.00233        0.56595       -4.01587        1.00857        0.92348
0.286720        0.91579        0.92327        1.00816        0.13898        0.98848       -0.00236        0.57587       -4.07919        1.00886        0.92106
0.291383        0.91315        0.92085        1.00843        0.13907        0.98847       -0.00240        0.58597       -4.14347        1.00917        0.91859
0.296123        0.91041        0.91835        1.00872        0.13915        0.98845       -0.00244        0.59629       -4.20860        1.00949        0.91603
0.300939        0.90761        0.91579        1.00901        0.13923        0.98844       -0.00248        0.60679       -4.27475        1.00981        0.91341
0.305834        0.90470        0.91314        1.00932        0.13932        0.98842       -0.00251        0.61752       -4.34174        1.01016        0.91069
0.310808        0.90174        0.91042        1.00963        0.13940        0.98841       -0.00255        0.62845       -4.40978        1.01051        0.90791
0.315864        0.89865        0.90761        1.00996        0.13948        0.98839       -0.00259        0.63962       -4.47866        1.01088        0.90503
0.321001        0.89551        0.90473        1.01030        0.13955        0.98837       -0.00263        0.65099       -4.54860        1.01126        0.90208
0.326222        0.89224        0.90175        1.01065        0.13962        0.98836       -0.00267        0.66262       -4.61940        1.01166        0.89903
0.331528        0.88891        0.89870        1.01101        0.13970        0.98834       -0.00271        0.67446       -4.69125        1.01206        0.89591
0.336921        0.88546        0.89554        1.01139        0.13976        0.98832       -0.00275        0.68656       -4.76399        1.01249        0.89268
0.342401        0.88192        0.89230        1.01178        0.13982        0.98830       -0.00279        0.69891       -4.83776        1.01293        0.88936
0.347970        0.87828        0.88897        1.01218        0.13988        0.98828       -0.00284        0.71151       -4.91248        1.01338        0.88595
0.353630        0.87452        0.88554        1.01259        0.13992        0.98826       -0.00288        0.72437       -4.98815        1.01386        0.88243
0.359381        0.87068        0.88202        1.01302        0.13996        0.98824       -0.00292        0.73749       -5.06489        1.01435        0.87883
0.365227        0.86671        0.87838        1.01347        0.13999        0.98822       -0.00296        0.75091       -5.14245        1.01486        0.87511
0.371167        0.86265        0.87467        1.01393        0.14002        0.98820       -0.00300        0.76458       -5.22112        1.01539        0.87130
0.377204        0.85846        0.87083        1.01441        0.14003        0.98817       -0.00304        0.77856       -5.30064        1.01594        0.86736
0.383340        0.85416        0.86689        1.01491        0.14003        0.98815       -0.00308        0.79284       -5.38116        1.01651        0.86332
0.389575        0.84975        0.86285        1.01542        0.14001        0.98812       -0.00312        0.80739       -5.46272        1.01709        0.85918
0.395911        0.84520        0.85868        1.01595        0.13998        0.98810       -0.00316        0.82229       -5.54505        1.01771        0.85491
0.402351        0.84055        0.85442        1.01651        0.13993        0.98807       -0.00320        0.83749       -5.62843        1.01834        0.85053
0.408895        0.83577        0.85004        1.01708        0.13986        0.98804       -0.00324        0.85300       -5.71273        1.01900        0.84603
0.415546        0.83085        0.84553        1.01767        0.13977        0.98802       -0.00328        0.86887       -5.79782        1.01969        0.84139
0.422304        0.82582        0.84092        1.01828        0.13966        0.98799       -0.00332        0.88506       -5.88390        1.02040        0.83665
0.429173        0.82066        0.83619        1.01892        0.13952        0.98796       -0.00335        0.90160       -5.97086        1.02114        0.83177
0.436154        0.81536        0.83132        1.01958        0.13934        0.98793       -0.00339        0.91850       -6.05850        1.02190        0.82676
0.443248        0.80994        0.82635        1.02026        0.13913        0.98790       -0.00342        0.93576       -6.14706        1.02270        0.82162
0.450457        0.80438        0.82125        1.02097        0.13889        0.98786       -0.00345        0.95337       -6.23650        1.02352        0.81635
0.457784        0.79868        0.81602        1.02170        0.13860        0.98783       -0.00348        0.97138       -6.32646        1.02438        0.81093
0.465230        0.79285        0.81066        1.02247        0.13826        0.98779       -0.00351        0.98977       -6.41716        1.02527        0.80537
0.472797        0.78688        0.80518        1.02326        0.13788        0.98776       -0.00353        1.00853       -6.50860        1.02619        0.79968
0.480487        0.78078        0.79958        1.02407        0.13744        0.98772       -0.00355        1.02767       -6.60073        1.02714        0.79384
0.488302        0.77454        0.79384        1.02493        0.13693        0.98769       -0.00357        1.04723       -6.69319        1.02814        0.78785
0.496244        0.76815        0.78798        1.02581        0.13635        0.98765       -0.00358        1.06719       -6.78614        1.02916        0.78171
0.504316        0.76164        0.78199        1.02672        0.13569        0.98761       -0.00358        1.08755       -6.87957        1.03023        0.77542
0.512519        0.75499        0.77588        1.02767        0.13496        0.98757       -0.00358        1.10830       -6.97338        1.03133        0.76898
0.520855        0.74820        0.76964        1.02865        0.13413        0.98753       -0.00358        1.12945       -7.06751        1.03248        0.76239
0.529327        0.74128        0.76328        1.02967        0.13318        0.98749       -0.00357        1.15101       -7.16167        1.03366        0.75564
0.537936        0.73423        0.75680        1.03074        0.13212        0.98744       -0.00355        1.17297       -7.25577        1.03489        0.74873
0.546686        0.72705        0.75020        1.03184        0.13092        0.98740       -0.00352        1.19530       -7.34984        1.03616        0.74165
0.555578        0.71975        0.74348        1.03298        0.12959        0.98736       -0.00348        1.21802       -7.44373        1.03747        0.73442
0.564614        0.71233        0.73666        1.03416        0.12809        0.98731       -0.00342        1.24110       -7.53731        1.03882        0.72702
0.573798        0.70479        0.72973        1.03539        0.12643        0.98727       -0.00336        1.26452       -7.63040        1.04022        0.71946
0.583131        0.69714        0.72271        1.03667        0.12457        0.98723       -0.00328        1.28826       -7.72284        1.04166        0.71174
0.592615        0.68939        0.71558        1.03799        0.12250        0.98718       -0.00318        1.31229       -7.81442        1.04314        0.70384
0.602254        0.68155        0.70838        1.03937        0.12019        0.98714       -0.00307        1.33658       -7.90493        1.04466        0.69578
0.612050        0.67362        0.70110        1.04079        0.11762        0.98709       -0.00294        1.36108       -7.99414        1.04622        0.68756
0.622005        0.66561        0.69375        1.04227        0.11476        0.98705       -0.00278        1.38573       -8.08179        1.04781        0.67916
0.632122        0.65754        0.68635        1.04381        0.11159        0.98701       -0.00260        1.41048       -8.16761        1.04944        0.67060
0.642403        0.64942        0.67891        1.04540        0.10807        0.98697       -0.00238        1.43524       -8.25130        1.05110        0.66187
0.652852        0.64126        0.67143        1.04705        0.10416        0.98694       -0.00214        1.45993       -8.33253        1.05278        0.65297
0.663471        0.63308        0.66395        1.04877        0.09983        0.98690       -0.00186        1.48443       -8.41095        1.05448        0.64391
0.674262        0.62490        0.65648        1.05054        0.09504        0.98687       -0.00154        1.50863       -8.48617        1.05619        0.63468
0.685229        0.61672        0.64902        1.05238        0.08975        0.98684       -0.00118        1.53237       -8.55779        1.05789        0.62529
0.696374        0.60859        0.64162        1.05428        0.08391        0.98682       -0.00077        1.55551       -8.62536        1.05958        0.61574
0.707701        0.60050        0.63428        1.05625        0.07747        0.98681       -0.00030        1.57783       -8.68841        1.06125        0.60602
0.719212        0.59250        0.62703        1.05829        0.07040        0.98680        0.00022        1.59914       -8.74642        1.06286        0.59615
0.730910        0.58461        0.61992        1.06040        0.06259        0.98680        0.00081        1.61907       -8.79843        1.06441        0.58612
0.742798        0.57688        0.61298        1.06257        0.05398        0.98680        0.00148        1.63726       -8.84364        1.06586        0.57594
0.754880        0.56932        0.60621        1.06481        0.04456        0.98682        0.00222        1.65350       -8.88186        1.06718        0.56562
0.767158        0.56195        0.59966        1.06712        0.03428        0.98685        0.00304        1.66742       -8.91239        1.06835        0.55514
0.779636        0.55480        0.59336        1.06950        0.02308        0.98690        0.00396        1.67861       -8.93452        1.06933        0.54453
0.792317        0.54798        0.58739        1.07193        0.01081        0.98695        0.00498        1.68607       -8.94601        1.07003        0.53379
0.805204        0.54146        0.58176        1.07443       -0.00250        0.98703        0.00612        1.68957       -8.94694        1.07043        0.52291
0.818301        0.53528        0.57649        1.07698       -0.01687        0.98712        0.00736        1.68863       -8.93673        1.07047        0.51191
0.831610        0.52952        0.57166        1.07958       -0.03239        0.98723        0.00872        1.68212       -8.91331        1.07006        0.50079
0.845137        0.52422        0.56731        1.08222       -0.04910        0.98736        0.01022        1.66905       -8.87524        1.06908        0.48956
0.858883        0.51936        0.56344        1.08488       -0.06690        0.98750        0.01184        1.64923       -8.82282        1.06752        0.47822
0.872853        0.51506        0.56016        1.08757       -0.08590        0.98768        0.01360        1.62061       -8.75267        1.06516        0.46680
0.887050        0.51130        0.55745        1.09025       -0.10598        0.98787        0.01550        1.58272       -8.66469        1.06195        0.45528
0.901478        0.50812        0.55533        1.09292       -0.12707        0.98808        0.01752        1.53439       -8.55756        1.05775        0.44368
0.916140        0.50557        0.55387        1.09555       -0.14910        0.98831        0.01968        1.47347       -8.42837        1.05233        0.43201
0.931041        0.50360        0.55301        1.09811       -0.17188        0.98856        0.02195        1.39988       -8.27787        1.04565        0.42028
0.946185        0.50229        0.55281        1.10058       -0.19524        0.98883        0.02433        1.31043       -8.10191        1.03736        0.40851
0.961575        0.50155        0.55317        1.10292       -0.21892        0.98911        0.02679        1.20533       -7.90187        1.02744        0.39668
0.977215        0.50139        0.55408        1.10509       -0.24264        0.98941        0.02931        1.08156       -7.67435        1.01553        0.38484
0.993109        0.50172        0.55543        1.10705       -0.26604        0.98972        0.03186        0.93843       -7.41971        1.00152        0.37297
1.009262        0.50246        0.55710        1.10875       -0.28877        0.99004        0.03440        0.77475       -7.13757        0.98521        0.36110
1.025678        0.50350        0.55894        1.11011       -0.31022        0.99036        0.03687        0.58749       -6.82585        0.96620        0.34924
1.042361        0.50468        0.56075        1.11110       -0.33003        0.99068        0.03923        0.37751       -6.48740        0.94453        0.33740
1.059315        0.50583        0.56231        1.11166       -0.34756        0.99100        0.04141        0.14314       -6.12247        0.91993        0.32558
1.076545        0.50672        0.56331        1.11167       -0.36188        0.99131        0.04331       -0.11706       -5.73260        0.89213        0.31383
1.094055        0.50714        0.56349        1.11112       -0.37242        0.99160        0.04484       -0.40141       -5.32262        0.86123        0.30212
1.111850        0.50684        0.56256        1.10992       -0.37821        0.99187        0.04589       -0.70911       -4.89714        0.82725        0.29049
1.129934        0.50559        0.56019        1.10801       -0.37809        0.99208        0.04630       -1.03817       -4.46264        0.79029        0.27894
1.148312        0.50310        0.55606        1.10528       -0.37033        0.99221        0.04585       -1.38495       -4.02856        0.75065        0.26751
1.166990        0.49926        0.55006        1.10174       -0.35371        0.99222        0.04436       -1.74234       -3.60585        0.70911        0.25619
1.185971        0.49402        0.54211        1.09734       -0.32650        0.99203        0.04158       -2.10104       -3.20758        0.66671        0.24500
1.205261        0.48742        0.53232        1.09211       -0.28698        0.99154        0.03725       -2.44779       -2.84887        0.62502        0.23396
1.224865        0.47970        0.52099        1.08607       -0.23368        0.99064        0.03112       -2.76453       -2.54636        0.58626        0.22308
1.244787        0.47126        0.50864        1.07932       -0.16592        0.98917        0.02304       -3.02794       -2.31705        0.55344        0.21237
1.265034        0.46262        0.49594        1.07202       -0.08437        0.98698        0.01300       -3.20968       -2.17680        0.53032        0.20184
1.285610        0.45434        0.48361        1.06441        0.00839        0.98397        0.00126       -3.27785       -2.13841        0.52130        0.19153
1.306520        0.44680        0.47217        1.05678        0.10767        0.98012       -0.01164       -3.19984       -2.20976        0.53108        0.18142
1.327771        0.43996        0.46175        1.04952        0.20692        0.97557       -0.02488       -2.94641       -2.39210        0.56415        0.17154
1.349367        0.43313        0.45178        1.04305        0.29841        0.97055       -0.03741       -2.49648       -2.67879        0.62409        0.16190
1.371315        0.42487        0.44097        1.03788        0.37323        0.96544       -0.04797       -1.83748       -3.05551        0.71352        0.15252
1.393619        0.41319        0.42745        1.03450        0.42278        0.96073       -0.05527       -0.98298       -3.49375        0.83155        0.14340
1.416287        0.39632        0.40953        1.03332        0.43969        0.95698       -0.05807        0.02654       -3.95467        0.97335        0.13455
1.439323        0.37346        0.38641        1.03469        0.41824        0.95489       -0.05533        1.12555       -4.39334        1.13031        0.12598
1.462733        0.34551        0.35895        1.03894        0.35516        0.95546       -0.04631        2.21517       -4.75884        1.28864        0.11771
1.486525        0.31597        0.33048        1.04595        0.25764        0.95948       -0.03183        3.17721       -5.01589        1.43081        0.10974
1.510703        0.28939        0.30542        1.05540        0.13849        0.96742       -0.01367        3.89832       -5.14773        1.53924        0.10206
1.535275        0.27045        0.28850        1.06676        0.01242        0.97921        0.00594        4.26176       -5.14953        1.59505        0.09471
1.560246        0.26118        0.28182        1.07900       -0.10929        0.99353        0.02511        4.21469       -5.04167        1.58823        0.08765
1.585624        0.26222        0.28603        1.09082       -0.21861        1.00852        0.04254        3.66026       -4.83089        1.50142        0.08094
1.611414        0.26942        0.29653        1.10060       -0.30605        1.02178        0.05671        2.59024       -4.53828        1.33070        0.07453
1.637624        0.27539        0.30469        1.10642       -0.34938        1.03075        0.06411        1.02061       -4.19035        1.07584        0.06844
1.664260        0.27085        0.29975        1.10671       -0.32549        1.03337        0.06081       -0.83960       -3.85378        0.76869        0.06268
1.691330        0.25282        0.27835        1.10098       -0.23634        1.02823        0.04677       -2.63863       -3.61196        0.46672        0.05724
1.718839        0.22801        0.24852        1.08991       -0.11799        1.01499        0.02762       -4.00867       -3.51548        0.23277        0.05211
1.746796        0.20746        0.22311        1.07541       -0.01395        0.99581        0.01043       -4.76317       -3.54286        0.10152        0.04730
1.775208        0.19705        0.20880        1.05965        0.05942        0.97420       -0.00210       -4.90582       -3.64339        0.07583        0.04280
1.804082        0.19708        0.20585        1.04454        0.10464        0.95328       -0.01034       -4.48671       -3.77834        0.15026        0.03860
1.833425        0.20380        0.21026        1.03173        0.12787        0.93550       -0.01505       -3.55288       -3.92345        0.31960        0.03469
1.863246        0.21016        0.21492        1.02263        0.13130        0.92273       -0.01617       -2.17507       -4.06047        0.57391        0.03107
1.893552        0.20793        0.21175        1.01836        0.11408        0.91632       -0.01307       -0.51151       -4.16966        0.88622        0.02773
1.924351        0.19305        0.19680        1.01947        0.07860        0.91698       -0.00581        1.17954       -4.23124        1.20905        0.02465
1.955651        0.16929        0.17365        1.02580        0.03334        0.92458        0.00418        2.63242       -4.23519        1.49111        0.02183
1.987460        0.14471        0.15000        1.03659       -0.01176        0.93827        0.01487        3.68790       -4.18556        1.69960        0.01926
2.019786        0.12561        0.13199        1.05075       -0.04955        0.95681        0.02439        4.30855       -4.09421        1.82452        0.01692
2.052638        0.11488        0.12258        1.06706       -0.07498        0.97885        0.03103        4.50145       -3.97338        1.86447        0.01480
2.086024        0.11255        0.12201        1.08408       -0.08572        1.00261        0.03374        4.27571       -3.83604        1.81842        0.01289
2.119953        0.11718        0.12891        1.10011       -0.08254        1.02561        0.03262        3.59413       -3.69665        1.67569        0.01117
2.154435        0.12475        0.13882        1.11281       -0.06791        1.04420        0.02873        2.39781       -3.57587        1.42038        0.00964
2.189477        0.12762        0.14292        1.11986       -0.04355        1.05460        0.02324        0.78070       -3.49769        1.06941        0.00828
2.225089        0.11903        0.13325        1.11937       -0.00952        1.05370        0.01678       -0.95181       -3.48548        0.68698        0.00708
2.261280        0.10161        0.11296        1.11174        0.03027        1.04193        0.01035       -2.39752       -3.54082        0.36253        0.00602
2.298060        0.08334        0.09156        1.09871        0.06964        1.02192        0.00504       -3.34354       -3.64759        0.14646        0.00509
2.335438        0.06960        0.07536        1.08269        0.10197        0.99753        0.00152       -3.82284       -3.78074        0.03482        0.00428
2.373424        0.06137        0.06540        1.06562        0.12127        0.97206        0.00012       -3.94698       -3.92013        0.00490        0.00358
2.412028        0.05780        0.06063        1.04886        0.12428        0.94786        0.00089       -3.80345       -4.05239        0.03851        0.00297
2.451260        0.05766        0.05959        1.03342        0.11259        0.92639        0.00353       -3.44120       -4.16953        0.12588        0.00246
2.491130        0.05954        0.06074        1.02008        0.09139        0.90845        0.00754       -2.88364       -4.26726        0.26304        0.00202
2.531648        0.06171        0.06229        1.00954        0.06607        0.89449        0.01264       -2.15129       -4.34305        0.44646        0.00165
2.572826        0.06217        0.06232        1.00236        0.03973        0.88481        0.01901       -1.28544       -4.39522        0.66709        0.00133
2.614673        0.05940        0.05933        0.99892        0.01267        0.87952        0.02733       -0.36027       -4.42301        0.90688        0.00107
2.657201        0.05319        0.05315        0.99931       -0.01699        0.87844        0.03874        0.53092       -4.42721        1.14177        0.00086
2.700421        0.04479        0.04494        1.00333       -0.05249        0.88103        0.05474        1.30896       -4.41035        1.35034        0.00068
2.744343        0.03602        0.03640        1.01063       -0.09785        0.88655        0.07719        1.93242       -4.37602        1.52041        0.00054
2.788980        0.02819        0.02878        1.02065       -0.15686        0.89410        0.10778        2.40649       -4.32863        1.65203        0.00042
2.834343        0.02187        0.02259        1.03303       -0.23338        0.90299        0.14834        2.75452       -4.27150        1.75048        0.00032
2.880444        0.01702        0.01782        1.04740       -0.33016        0.91270        0.20012        3.01002       -4.20721        1.82418        0.00025
2.927295        0.01339        0.01424        1.06358       -0.45008        0.92298        0.26445        3.19974       -4.13693        1.88005        0.00019
2.974908        0.01068        0.01155        1.08144       -0.59526        0.93376        0.34226        3.34646       -4.06116        1.92419        0.00000
3.023295        0.00867        0.00955        1.10092       -0.76734        0.94525        0.43406        3.46734       -3.97886        1.96138        0.00000
3.072469        0.00714        0.00801        1.12218       -0.97033        0.95767        0.54190        3.56935       -3.88867        1.99341        0.00000
3.122443        0.00595        0.00682        1.14525       -1.20736        0.97146        0.66695        3.66270       -3.78833        2.02331        0.00000
3.173230        0.00502        0.00588        1.17029       -1.48357        0.98726        0.81140        3.75363       -3.67445        2.05296        0.00000
3.224842        0.00428        0.00513        1.19753       -1.80632        1.00598        0.97842        3.84742       -3.54200        2.08404        0.00000
3.277295        0.00368        0.00452        1.22727       -2.18557        1.02896        1.17227        3.94915       -3.38357        2.11823        0.00000
3.330600        0.00319        0.00402        1.25989       -2.63561        1.05832        1.39905        4.06426       -3.18748        2.15744        0.00000
3.384773        0.00278        0.00360        1.29593       -3.17771        1.09769        1.66781        4.19935       -2.93380        2.20403        0.00000
3.439826        0.00243        0.00324        1.33612       -3.84331        1.15379        1.99188        4.36258       -2.58568        2.26104        0.00000
3.495776        0.00212        0.00293        1.38140       -4.67637        1.24049        2.39004        4.56169       -2.06743        2.33146        0.00000
3.552635        0.00186        0.00266        1.43303       -5.71831        1.39199        2.88171        4.78654       -1.19342        2.41215        0.00000
