x               rho            P              T              ur             uphi           uz             Br             Bphi           Bz             m
0.010000        0.99974        0.99975        1.00002        2.97196        0.82955       -0.00297        0.03516       -0.01799        1.00002        0.99980
0.010163        0.99972        0.99974        1.00002        2.97196        0.82955       -0.00302        0.03573       -0.01829        1.00002        0.99979
0.010328        0.99969        0.99971        1.00002        2.97196        0.82954       -0.00306        0.03632       -0.01858        1.00002        0.99978
0.010496        0.99966        0.99968        1.00002        2.97196        0.82954       -0.00311        0.03691       -0.01888        1.00002        0.99977
0.010667        0.99963        0.99965        1.00002        2.97196        0.82953       -0.00316        0.03751       -0.01919        1.00003        0.99976
0.010840        0.99960        0.99962        1.00002        2.97196        0.82952       -0.00322        0.03812       -0.01950        1.00003        0.99975
0.011016        0.99957        0.99959        1.00002        2.97196        0.82952       -0.00327        0.03874       -0.01982        1.00003        0.99974
0.011196        0.99954        0.99956        1.00002        2.97196        0.82951       -0.00332        0.03937       -0.02014        1.00003        0.99973
0.011378        0.99950        0.99953        1.00002        2.97196        0.82951       -0.00338        0.04001       -0.02047        1.00003        0.99972
0.011563        0.99947        0.99949        1.00003        2.97196        0.82950       -0.00343        0.04066       -0.02080        1.00003        0.99971
0.011751        0.99943        0.99946        1.00003        2.97196        0.82949       -0.00349        0.04132       -0.02114        1.00003        0.99970
0.011942        0.99940        0.99943        1.00003        2.97196        0.82949       -0.00354        0.04199       -0.02148        1.00003        0.99968
0.012136        0.99936        0.99939        1.00003        2.97196        0.82948       -0.00360        0.04268       -0.02183        1.00004        0.99967
0.012334        0.99933        0.99936        1.00003        2.97195        0.82947       -0.00366        0.04337       -0.02219        1.00004        0.99966
0.012534        0.99929        0.99932        1.00003        2.97195        0.82947       -0.00372        0.04408       -0.02255        1.00004        0.99965
0.012738        0.99926        0.99929        1.00003        2.97195        0.82946       -0.00378        0.04479       -0.02291        1.00004        0.99964
0.012945        0.99922        0.99925        1.00003        2.97195        0.82945       -0.00384        0.04552       -0.02329        1.00004        0.99962
0.013156        0.99918        0.99921        1.00003        2.97195        0.82944       -0.00390        0.04626       -0.02366        1.00004        0.99961
0.013370        0.99914        0.99918        1.00004        2.97195        0.82944       -0.00397        0.04702       -0.02405        1.00004        0.99960
0.013587        0.99910        0.99914        1.00004        2.97195        0.82943       -0.00403        0.04778       -0.02444        1.00005        0.99959
0.013808        0.99906        0.99910        1.00004        2.97195        0.82942       -0.00410        0.04856       -0.02484        1.00005        0.99957
0.014033        0.99902        0.99906        1.00004        2.97195        0.82941       -0.00416        0.04935       -0.02524        1.00005        0.99956
0.014261        0.99898        0.99902        1.00004        2.97195        0.82941       -0.00423        0.05015       -0.02565        1.00005        0.99954
0.014493        0.99894        0.99898        1.00004        2.97195        0.82940       -0.00430        0.05097       -0.02607        1.00005        0.99953
0.014729        0.99890        0.99894        1.00004        2.97195        0.82939       -0.00437        0.05180       -0.02649        1.00005        0.99952
0.014968        0.99885        0.99890        1.00004        2.97195        0.82938       -0.00444        0.05264       -0.02692        1.00005        0.99950
0.015212        0.99881        0.99885        1.00005        2.97195        0.82937       -0.00451        0.05350       -0.02736        1.00006        0.99949
0.015459        0.99876        0.99881        1.00005        2.97195        0.82937       -0.00459        0.05437       -0.02780        1.00006        0.99947
0.015711        0.99872        0.99877        1.00005        2.97195        0.82936       -0.00466        0.05525       -0.02826        1.00006        0.99946
0.015966        0.99867        0.99872        1.00005        2.97195        0.82935       -0.00474        0.05615       -0.02872        1.00006        0.99944
0.016226        0.99862        0.99867        1.00005        2.97195        0.82934       -0.00481        0.05706       -0.02918        1.00006        0.99943
0.016490        0.99858        0.99863        1.00005        2.97195        0.82933       -0.00489        0.05799       -0.02966        1.00006        0.99941
0.016758        0.99853        0.99858        1.00005        2.97195        0.82932       -0.00497        0.05893       -0.03014        1.00007        0.99939
0.017031        0.99848        0.99853        1.00005        2.97195        0.82931       -0.00505        0.05989       -0.03063        1.00007        0.99938
0.017308        0.99843        0.99848        1.00006        2.97195        0.82930       -0.00513        0.06087       -0.03113        1.00007        0.99936
0.017589        0.99838        0.99843        1.00006        2.97195        0.82929       -0.00522        0.06186       -0.03163        1.00007        0.99934
0.017875        0.99833        0.99838        1.00006        2.97195        0.82928       -0.00530        0.06286       -0.03215        1.00007        0.99933
0.018166        0.99827        0.99833        1.00006        2.97195        0.82927       -0.00539        0.06389       -0.03267        1.00008        0.99931
0.018461        0.99822        0.99828        1.00006        2.97195        0.82926       -0.00548        0.06493       -0.03320        1.00008        0.99929
0.018762        0.99816        0.99823        1.00006        2.97195        0.82925       -0.00557        0.06598       -0.03374        1.00008        0.99927
0.019067        0.99811        0.99818        1.00007        2.97195        0.82924       -0.00566        0.06706       -0.03429        1.00008        0.99925
0.019377        0.99805        0.99812        1.00007        2.97195        0.82923       -0.00575        0.06815       -0.03484        1.00008        0.99924
0.019692        0.99800        0.99807        1.00007        2.97194        0.82922       -0.00584        0.06926       -0.03541        1.00009        0.99922
0.020012        0.99794        0.99801        1.00007        2.97194        0.82921       -0.00594        0.07038       -0.03599        1.00009        0.99920
0.020338        0.99785        0.99792        1.00007        2.97194        0.82919       -0.00603        0.07153       -0.03657        1.00009        0.99917
0.020669        0.99775        0.99783        1.00008        2.97194        0.82917       -0.00613        0.07269       -0.03716        1.00010        0.99914
0.021005        0.99765        0.99773        1.00008        2.97194        0.82915       -0.00623        0.07388       -0.03777        1.00010        0.99910
0.021347        0.99755        0.99763        1.00008        2.97194        0.82913       -0.00633        0.07508       -0.03838        1.00010        0.99907
0.021694        0.99744        0.99753        1.00009        2.97193        0.82911       -0.00644        0.07630       -0.03900        1.00011        0.99903
0.022047        0.99734        0.99742        1.00009        2.97193        0.82909       -0.00654        0.07754       -0.03963        1.00011        0.99900
0.022405        0.99723        0.99732        1.00009        2.97193        0.82907       -0.00665        0.07881       -0.04027        1.00011        0.99896
0.022770        0.99712        0.99721        1.00009        2.97193        0.82905       -0.00676        0.08009       -0.04093        1.00012        0.99892
0.023140        0.99701        0.99711        1.00010        2.97193        0.82903       -0.00687        0.08139       -0.04159        1.00012        0.99889
0.023516        0.99689        0.99700        1.00010        2.97192        0.82901       -0.00698        0.08272       -0.04227        1.00013        0.99885
0.023899        0.99678        0.99688        1.00010        2.97192        0.82899       -0.00709        0.08406       -0.04295        1.00013        0.99881
0.024288        0.99666        0.99677        1.00011        2.97192        0.82897       -0.00721        0.08543       -0.04365        1.00014        0.99877
0.024683        0.99654        0.99665        1.00011        2.97192        0.82894       -0.00732        0.08682       -0.04436        1.00014        0.99873
0.025084        0.99642        0.99654        1.00011        2.97191        0.82892       -0.00744        0.08824       -0.04508        1.00014        0.99869
0.025492        0.99630        0.99642        1.00012        2.97191        0.82890       -0.00756        0.08967       -0.04581        1.00015        0.99865
0.025907        0.99617        0.99630        1.00012        2.97191        0.82887       -0.00769        0.09113       -0.04655        1.00015        0.99861
0.026328        0.99605        0.99617        1.00013        2.97191        0.82885       -0.00781        0.09261       -0.04730        1.00016        0.99857
0.026756        0.99592        0.99605        1.00013        2.97190        0.82882       -0.00794        0.09412       -0.04807        1.00016        0.99852
0.027192        0.99579        0.99592        1.00013        2.97190        0.82880       -0.00807        0.09565       -0.04885        1.00017        0.99848
0.027634        0.99566        0.99579        1.00014        2.97190        0.82877       -0.00820        0.09721       -0.04964        1.00017        0.99844
0.028083        0.99552        0.99566        1.00014        2.97190        0.82875       -0.00833        0.09879       -0.05045        1.00018        0.99839
0.028540        0.99538        0.99553        1.00015        2.97189        0.82872       -0.00847        0.10040       -0.05127        1.00018        0.99835
0.029004        0.99524        0.99539        1.00015        2.97189        0.82870       -0.00860        0.10204       -0.05210        1.00019        0.99830
0.029476        0.99510        0.99525        1.00015        2.97189        0.82867       -0.00874        0.10370       -0.05295        1.00019        0.99825
0.029955        0.99496        0.99511        1.00016        2.97188        0.82864       -0.00889        0.10538       -0.05380        1.00020        0.99820
0.030443        0.99477        0.99493        1.00016        2.97188        0.82861       -0.00903        0.10710       -0.05467        1.00020        0.99814
0.030938        0.99456        0.99473        1.00017        2.97187        0.82857       -0.00918        0.10885       -0.05556        1.00021        0.99807
0.031441        0.99435        0.99452        1.00018        2.97186        0.82853       -0.00933        0.11062       -0.05646        1.00022        0.99800
0.031952        0.99413        0.99431        1.00018        2.97185        0.82848       -0.00948        0.11242       -0.05737        1.00023        0.99793
0.032472        0.99391        0.99410        1.00019        2.97184        0.82844       -0.00963        0.11425       -0.05830        1.00024        0.99786
0.033000        0.99369        0.99389        1.00019        2.97184        0.82840       -0.00979        0.11611       -0.05924        1.00024        0.99778
0.033537        0.99347        0.99367        1.00020        2.97183        0.82836       -0.00995        0.11801       -0.06020        1.00025        0.99771
0.034083        0.99324        0.99344        1.00021        2.97182        0.82831       -0.01011        0.11993       -0.06117        1.00026        0.99763
0.034637        0.99300        0.99322        1.00022        2.97181        0.82827       -0.01028        0.12188       -0.06216        1.00027        0.99755
0.035200        0.99277        0.99299        1.00022        2.97180        0.82822       -0.01044        0.12387       -0.06316        1.00028        0.99748
0.035773        0.99253        0.99275        1.00023        2.97179        0.82818       -0.01061        0.12588       -0.06418        1.00029        0.99740
0.036355        0.99228        0.99252        1.00024        2.97178        0.82813       -0.01078        0.12793       -0.06522        1.00030        0.99731
0.036946        0.99203        0.99227        1.00024        2.97177        0.82808       -0.01096        0.13002       -0.06628        1.00031        0.99723
0.037547        0.99178        0.99203        1.00025        2.97176        0.82804       -0.01114        0.13214       -0.06735        1.00031        0.99715
0.038158        0.99152        0.99178        1.00026        2.97175        0.82799       -0.01132        0.13429       -0.06844        1.00032        0.99706
0.038778        0.99126        0.99153        1.00027        2.97174        0.82794       -0.01150        0.13648       -0.06955        1.00033        0.99697
0.039409        0.99100        0.99127        1.00027        2.97173        0.82789       -0.01169        0.13870       -0.07067        1.00034        0.99689
0.040050        0.99073        0.99101        1.00028        2.97172        0.82783       -0.01188        0.14096       -0.07182        1.00035        0.99680
0.040701        0.99038        0.99067        1.00029        2.97170        0.82777       -0.01207        0.14326       -0.07297        1.00037        0.99668
0.041363        0.99002        0.99032        1.00030        2.97168        0.82770       -0.01227        0.14559       -0.07415        1.00038        0.99656
0.042036        0.98966        0.98997        1.00031        2.97165        0.82763       -0.01247        0.14797       -0.07534        1.00039        0.99644
0.042720        0.98929        0.98961        1.00032        2.97163        0.82756       -0.01267        0.15038       -0.07655        1.00041        0.99632
0.043415        0.98892        0.98925        1.00034        2.97160        0.82749       -0.01288        0.15283       -0.07778        1.00042        0.99619
0.044121        0.98853        0.98888        1.00035        2.97158        0.82742       -0.01309        0.15532       -0.07904        1.00043        0.99607
0.044839        0.98815        0.98850        1.00036        2.97156        0.82734       -0.01330        0.15786       -0.08031        1.00045        0.99594
0.045568        0.98775        0.98812        1.00037        2.97153        0.82727       -0.01352        0.16043       -0.08160        1.00046        0.99581
0.046309        0.98735        0.98773        1.00038        2.97150        0.82719       -0.01374        0.16305       -0.08292        1.00048        0.99567
0.047062        0.98695        0.98733        1.00039        2.97148        0.82711       -0.01396        0.16571       -0.08425        1.00049        0.99554
0.047828        0.98653        0.98693        1.00041        2.97145        0.82703       -0.01419        0.16841       -0.08561        1.00051        0.99540
0.048606        0.98611        0.98652        1.00042        2.97143        0.82695       -0.01442        0.17115       -0.08699        1.00052        0.99526
0.049396        0.98568        0.98611        1.00043        2.97140        0.82687       -0.01465        0.17394       -0.08839        1.00054        0.99512
0.050200        0.98524        0.98568        1.00044        2.97137        0.82679       -0.01489        0.17678       -0.08982        1.00055        0.99497
0.051016        0.98470        0.98515        1.00046        2.97132        0.82668       -0.01513        0.17967       -0.09126        1.00057        0.99479
0.051846        0.98415        0.98462        1.00048        2.97126        0.82658       -0.01538        0.18260       -0.09272        1.00059        0.99461
0.052689        0.98360        0.98408        1.00049        2.97121        0.82647       -0.01563        0.18558       -0.09420        1.00061        0.99443
0.053546        0.98303        0.98353        1.00051        2.97116        0.82636       -0.01588        0.18861       -0.09571        1.00064        0.99424
0.054417        0.98246        0.98297        1.00053        2.97110        0.82625       -0.01614        0.19169       -0.09724        1.00066        0.99405
0.055302        0.98187        0.98241        1.00054        2.97105        0.82614       -0.01640        0.19482       -0.09880        1.00068        0.99385
0.056202        0.98128        0.98183        1.00056        2.97099        0.82603       -0.01667        0.19800       -0.10039        1.00070        0.99366
0.057116        0.98068        0.98125        1.00058        2.97093        0.82591       -0.01694        0.20123       -0.10199        1.00072        0.99346
0.058045        0.98007        0.98065        1.00060        2.97087        0.82580       -0.01721        0.20452       -0.10363        1.00075        0.99325
0.058989        0.97944        0.98005        1.00061        2.97081        0.82568       -0.01749        0.20785       -0.10529        1.00077        0.99305
0.059948        0.97881        0.97943        1.00063        2.97075        0.82555       -0.01778        0.21125       -0.10698        1.00079        0.99284
0.060923        0.97807        0.97871        1.00065        2.97066        0.82541       -0.01807        0.21470       -0.10869        1.00082        0.99259
0.061914        0.97730        0.97796        1.00068        2.97055        0.82526       -0.01836        0.21821       -0.11042        1.00085        0.99233
0.062921        0.97652        0.97720        1.00070        2.97045        0.82511       -0.01866        0.22178       -0.11217        1.00088        0.99207
0.063945        0.97572        0.97643        1.00072        2.97034        0.82496       -0.01896        0.22540       -0.11396        1.00091        0.99181
0.064985        0.97491        0.97564        1.00075        2.97023        0.82481       -0.01927        0.22909       -0.11577        1.00094        0.99154
0.066042        0.97409        0.97484        1.00077        2.97012        0.82465       -0.01958        0.23283       -0.11762        1.00097        0.99127
0.067116        0.97325        0.97403        1.00080        2.97001        0.82449       -0.01990        0.23664       -0.11949        1.00100        0.99099
0.068208        0.97240        0.97320        1.00082        2.96989        0.82432       -0.02022        0.24050       -0.12140        1.00103        0.99071
0.069317        0.97154        0.97236        1.00085        2.96978        0.82416       -0.02055        0.24443       -0.12333        1.00106        0.99042
0.070445        0.97062        0.97147        1.00088        2.96964        0.82398       -0.02088        0.24843       -0.12529        1.00109        0.99012
0.071590        0.96959        0.97047        1.00091        2.96946        0.82378       -0.02122        0.25250       -0.12727        1.00113        0.98978
0.072755        0.96855        0.96946        1.00094        2.96927        0.82358       -0.02156        0.25663       -0.12928        1.00117        0.98943
0.073938        0.96749        0.96842        1.00097        2.96908        0.82338       -0.02191        0.26083       -0.13132        1.00121        0.98908
0.075141        0.96641        0.96738        1.00100        2.96888        0.82317       -0.02227        0.26510       -0.13340        1.00125        0.98872
0.076363        0.96532        0.96631        1.00103        2.96868        0.82296       -0.02263        0.26944       -0.13551        1.00129        0.98836
0.077605        0.96420        0.96523        1.00106        2.96848        0.82274       -0.02300        0.27385       -0.13765        1.00133        0.98799
0.078867        0.96307        0.96413        1.00110        2.96828        0.82252       -0.02337        0.27833       -0.13983        1.00137        0.98762
0.080150        0.96191        0.96300        1.00113        2.96807        0.82230       -0.02375        0.28289       -0.14205        1.00142        0.98723
0.081454        0.96059        0.96172        1.00117        2.96776        0.82205       -0.02413        0.28753       -0.14427        1.00147        0.98680
0.082779        0.95925        0.96041        1.00121        2.96745        0.82179       -0.02452        0.29224       -0.14653        1.00152        0.98635
0.084125        0.95788        0.95908        1.00125        2.96713        0.82152       -0.02492        0.29704       -0.14882        1.00157        0.98590
0.085493        0.95650        0.95773        1.00129        2.96680        0.82125       -0.02532        0.30191       -0.15116        1.00162        0.98544
0.086884        0.95509        0.95636        1.00134        2.96647        0.82098       -0.02573        0.30685       -0.15353        1.00167        0.98497
0.088297        0.95365        0.95497        1.00138        2.96614        0.82070       -0.02614        0.31188       -0.15594        1.00173        0.98450
0.089733        0.95220        0.95355        1.00142        2.96580        0.82042       -0.02656        0.31700       -0.15839        1.00178        0.98402
0.091193        0.95059        0.95199        1.00147        2.96534        0.82011       -0.02699        0.32220       -0.16085        1.00184        0.98349
0.092676        0.94891        0.95035        1.00152        2.96485        0.81978       -0.02743        0.32749       -0.16334        1.00190        0.98293
0.094183        0.94721        0.94869        1.00157        2.96434        0.81945       -0.02787        0.33287       -0.16588        1.00197        0.98237
0.095715        0.94548        0.94701        1.00162        2.96383        0.81912       -0.02832        0.33833       -0.16845        1.00203        0.98180
0.097272        0.94372        0.94529        1.00167        2.96331        0.81877       -0.02877        0.34389       -0.17107        1.00210        0.98122
0.098854        0.94193        0.94355        1.00173        2.96278        0.81843       -0.02923        0.34953       -0.17373        1.00216        0.98062
0.100462        0.94007        0.94174        1.00178        2.96220        0.81807       -0.02970        0.35527       -0.17642        1.00223        0.98001
0.102096        0.93803        0.93976        1.00184        2.96146        0.81767       -0.03018        0.36112       -0.17912        1.00231        0.97934
0.103757        0.93596        0.93774        1.00191        2.96070        0.81726       -0.03066        0.36706       -0.18187        1.00239        0.97866
0.105444        0.93386        0.93569        1.00197        2.95993        0.81685       -0.03115        0.37309       -0.18466        1.00247        0.97796
0.107159        0.93172        0.93361        1.00203        2.95915        0.81644       -0.03165        0.37922       -0.18749        1.00255        0.97726
0.108902        0.92955        0.93150        1.00210        2.95836        0.81601       -0.03216        0.38546       -0.19037        1.00263        0.97654
0.110674        0.92727        0.92928        1.00217        2.95747        0.81557       -0.03267        0.39180       -0.19329        1.00271        0.97579
0.112474        0.92482        0.92689        1.00224        2.95638        0.81509       -0.03319        0.39825       -0.19621        1.00281        0.97498
0.114303        0.92233        0.92447        1.00231        2.95527        0.81461       -0.03372        0.40481       -0.19918        1.00290        0.97416
0.116162        0.91980        0.92200        1.00239        2.95414        0.81411       -0.03425        0.41147       -0.20220        1.00300        0.97333
0.118052        0.91723        0.91950        1.00247        2.95300        0.81361       -0.03479        0.41825       -0.20526        1.00309        0.97248
0.119972        0.91462        0.91695        1.00255        2.95184        0.81310       -0.03535        0.42513       -0.20838        1.00319        0.97162
0.121923        0.91176        0.91416        1.00263        2.95033        0.81254       -0.03590        0.43214       -0.21149        1.00330        0.97068
0.123906        0.90884        0.91131        1.00272        2.94877        0.81196       -0.03647        0.43927       -0.21464        1.00341        0.96972
0.125922        0.90587        0.90841        1.00281        2.94719        0.81138       -0.03704        0.44651       -0.21785        1.00353        0.96874
0.127970        0.90285        0.90547        1.00290        2.94558        0.81079       -0.03762        0.45386       -0.22110        1.00364        0.96775
0.130051        0.89979        0.90248        1.00300        2.94395        0.81019       -0.03821        0.46134       -0.22441        1.00376        0.96674
0.132166        0.89644        0.89922        1.00310        2.94184        0.80953       -0.03881        0.46896       -0.22770        1.00388        0.96564
0.134316        0.89304        0.89589        1.00320        2.93969        0.80886       -0.03941        0.47669       -0.23104        1.00401        0.96452
0.136501        0.88958        0.89251        1.00331        2.93751        0.80818       -0.04002        0.48456       -0.23444        1.00415        0.96338
0.138721        0.88606        0.88908        1.00341        2.93529        0.80749       -0.04064        0.49255       -0.23789        1.00428        0.96222
0.140977        0.88239        0.88550        1.00353        2.93281        0.80677       -0.04127        0.50067       -0.24136        1.00442        0.96102
0.143270        0.87851        0.88171        1.00364        2.92994        0.80601       -0.04189        0.50894       -0.24483        1.00457        0.95974
0.145601        0.87457        0.87786        1.00377        2.92703        0.80523       -0.04253        0.51734       -0.24836        1.00472        0.95844
0.147969        0.87056        0.87394        1.00389        2.92406        0.80444       -0.04318        0.52587       -0.25195        1.00488        0.95713
0.150376        0.86646        0.86994        1.00401        2.92097        0.80363       -0.04384        0.53455       -0.25558        1.00504        0.95578
0.152821        0.86206        0.86564        1.00415        2.91719        0.80277       -0.04449        0.54337       -0.25918        1.00521        0.95433
0.155307        0.85760        0.86127        1.00429        2.91336        0.80189       -0.04515        0.55234       -0.26284        1.00538        0.95286
0.157833        0.85306        0.85683        1.00443        2.90946        0.80100       -0.04583        0.56145       -0.26656        1.00555        0.95137
0.160400        0.84841        0.85229        1.00457        2.90539        0.80008       -0.04651        0.57071       -0.27032        1.00574        0.94984
0.163009        0.84346        0.84744        1.00473        2.90049        0.79911       -0.04718        0.58012       -0.27404        1.00593        0.94821
0.165661        0.83842        0.84252        1.00488        2.89551        0.79812       -0.04787        0.58969       -0.27782        1.00613        0.94655
0.168355        0.83331        0.83751        1.00504        2.89045        0.79712       -0.04856        0.59941       -0.28167        1.00633        0.94487
0.171093        0.82801        0.83233        1.00521        2.88493        0.79608       -0.04926        0.60928       -0.28552        1.00653        0.94312
0.173876        0.82246        0.82688        1.00538        2.87864        0.79499       -0.04994        0.61931       -0.28936        1.00675        0.94129
0.176704        0.81681        0.82135        1.00556        2.87226        0.79388       -0.05064        0.62950       -0.29326        1.00697        0.93942
0.179578        0.81107        0.81573        1.00574        2.86577        0.79276       -0.05136        0.63986       -0.29722        1.00720        0.93753
0.182499        0.80502        0.80980        1.00594        2.85816        0.79158       -0.05205        0.65037       -0.30112        1.00744        0.93553
0.185468        0.79882        0.80372        1.00614        2.85020        0.79037       -0.05274        0.66105       -0.30505        1.00769        0.93348
0.188484        0.79252        0.79754        1.00634        2.84211        0.78915       -0.05345        0.67190       -0.30906        1.00794        0.93139
0.191550        0.78599        0.79114        1.00655        2.83321        0.78788       -0.05415        0.68291       -0.31304        1.00820        0.92923
0.194666        0.77921        0.78448        1.00677        2.82339        0.78657       -0.05484        0.69408       -0.31701        1.00847        0.92697
0.197832        0.77232        0.77772        1.00699        2.81342        0.78524       -0.05553        0.70543       -0.32104        1.00875        0.92468
0.201050        0.76525        0.77077        1.00722        2.80280        0.78387       -0.05622        0.71695       -0.32508        1.00903        0.92233
0.204320        0.75787        0.76352        1.00746        2.79083        0.78246       -0.05689        0.72861       -0.32905        1.00933        0.91986
0.207643        0.75037        0.75615        1.00771        2.77866        0.78103       -0.05756        0.74047       -0.33309        1.00963        0.91735
0.211020        0.74269        0.74860        1.00796        2.76580        0.77957       -0.05823        0.75249       -0.33714        1.00995        0.91478
0.214453        0.73469        0.74073        1.00823        2.75135        0.77806       -0.05886        0.76465       -0.34111        1.01027        0.91209
0.217941        0.72657        0.73274        1.00850        2.73666        0.77653       -0.05950        0.77701       -0.34515        1.01061        0.90935
0.221486        0.71822        0.72452        1.00878        2.72094        0.77497       -0.06012        0.78953       -0.34917        1.01095        0.90653
0.225088        0.70959        0.71603        1.00907        2.70367        0.77337       -0.06070        0.80219       -0.35312        1.01131        0.90360
0.228749        0.70083        0.70739        1.00937        2.68613        0.77175       -0.06129        0.81505       -0.35713        1.01167        0.90062
0.232470        0.69179        0.69848        1.00968        2.66687        0.77010       -0.06183        0.82803       -0.36106        1.01205        0.89753
0.236251        0.68252        0.68935        1.01001        2.64646        0.76843       -0.06235        0.84117       -0.36497        1.01243        0.89434
0.240093        0.67311        0.68006        1.01033        2.62572        0.76672       -0.06288        0.85452       -0.36895        1.01283        0.89111
0.243999        0.66336        0.67044        1.01068        2.60221        0.76501       -0.06331        0.86791       -0.37274        1.01324        0.88771
0.247967        0.65345        0.66066        1.01103        2.57833        0.76326       -0.06375        0.88152       -0.37659        1.01366        0.88426
0.252000        0.64332        0.65064        1.01140        2.55287        0.76150       -0.06415        0.89524       -0.38039        1.01409        0.88071
0.256099        0.63294        0.64039        1.01178        2.52564        0.75973       -0.06449        0.90907       -0.38410        1.01454        0.87703
0.260265        0.62239        0.62996        1.01216        2.49787        0.75794       -0.06483        0.92312       -0.38787        1.01499        0.87330
0.264498        0.61157        0.61925        1.01257        2.46716        0.75617       -0.06505        0.93714       -0.39144        1.01546        0.86940
0.268800        0.60057        0.60836        1.01298        2.43595        0.75436       -0.06528        0.95138       -0.39507        1.01594        0.86543
0.273172        0.58935        0.59725        1.01341        2.40244        0.75258       -0.06541        0.96563       -0.39856        1.01643        0.86133
0.277615        0.57794        0.58594        1.01385        2.36760        0.75079       -0.06551        0.98003       -0.40203        1.01694        0.85713
0.282131        0.56634        0.57444        1.01431        2.33109        0.74902       -0.06554        0.99449       -0.40543        1.01745        0.85281
0.286720        0.55455        0.56274        1.01478        2.29261        0.74726       -0.06550        1.00898       -0.40872        1.01798        0.84836
0.291383        0.54258        0.55086        1.01527        2.25288        0.74551       -0.06541        1.02360       -0.41199        1.01852        0.84381
0.296123        0.53045        0.53881        1.01577        2.21083        0.74381       -0.06521        1.03815       -0.41511        1.01907        0.83911
0.300939        0.51815        0.52659        1.01629        2.16774        0.74211       -0.06499        1.05285       -0.41822        1.01963        0.83432
0.305834        0.50574        0.51424        1.01682        2.12225        0.74049       -0.06464        1.06740       -0.42115        1.02020        0.82936
0.310808        0.49315        0.50172        1.01737        2.07578        0.73887       -0.06426        1.08212       -0.42409        1.02079        0.82431
0.315864        0.48051        0.48913        1.01794        2.02709        0.73735       -0.06374        1.09662       -0.42683        1.02138        0.81908
0.321001        0.46771        0.47637        1.01852        1.97738        0.73583       -0.06319        1.11126       -0.42957        1.02199        0.81376
0.326222        0.45489        0.46358        1.01913        1.92578        0.73442       -0.06252        1.12567       -0.43213        1.02260        0.80826
0.331528        0.44194        0.45066        1.01975        1.87312        0.73304       -0.06180        1.14014       -0.43465        1.02322        0.80265
0.336921        0.42900        0.43774        1.02039        1.81898        0.73176       -0.06096        1.15440       -0.43702        1.02386        0.79688
0.342401        0.41599        0.42475        1.02105        1.76382        0.73054       -0.06006        1.16862       -0.43933        1.02450        0.79097
0.347970        0.40299        0.41174        1.02173        1.70756        0.72940       -0.05908        1.18269       -0.44151        1.02515        0.78491
0.353630        0.39002        0.39876        1.02243        1.65049        0.72837       -0.05801        1.19655       -0.44358        1.02580        0.77870
0.359381        0.37700        0.38573        1.02315        1.59256        0.72738       -0.05688        1.21038       -0.44560        1.02646        0.77235
0.365227        0.36417        0.37286        1.02389        1.53428        0.72655       -0.05565        1.22380       -0.44744        1.02713        0.76582
0.371167        0.35128        0.35994        1.02465        1.47534        0.72576       -0.05437        1.23722       -0.44924        1.02780        0.75916
0.377204        0.33859        0.34720        1.02544        1.41642        0.72511       -0.05301        1.25024       -0.45090        1.02848        0.75233
0.383340        0.32598        0.33453        1.02624        1.35740        0.72455       -0.05160        1.26307       -0.45248        1.02916        0.74534
0.389575        0.31342        0.32191        1.02707        1.29820        0.72407       -0.05014        1.27576       -0.45399        1.02984        0.73820
0.395911        0.30118        0.30959        1.02793        1.23992        0.72373       -0.04862        1.28794       -0.45535        1.03053        0.73088
0.402351        0.28900        0.29732        1.02880        1.18169        0.72347       -0.04706        1.29999       -0.45666        1.03121        0.72341
0.408895        0.27701        0.28524        1.02970        1.12409        0.72331       -0.04546        1.31173       -0.45789        1.03190        0.71577
0.415546        0.26533        0.27345        1.03062        1.06777        0.72327       -0.04384        1.32304       -0.45900        1.03259        0.70796
0.422304        0.25377        0.26178        1.03157        1.01198        0.72331       -0.04218        1.33414       -0.46007        1.03328        0.69999
0.429173        0.24245        0.25034        1.03254        0.95727        0.72345       -0.04051        1.34490       -0.46105        1.03396        0.69185
0.436154        0.23149        0.23925        1.03354        0.90438        0.72371       -0.03883        1.35519       -0.46195        1.03464        0.68354
0.443248        0.22072        0.22835        1.03456        0.85246        0.72405       -0.03715        1.36522       -0.46279        1.03532        0.67506
0.450457        0.21016        0.21765        1.03561        0.80168        0.72446       -0.03545        1.37496       -0.46359        1.03600        0.66643
0.457784        0.20003        0.20737        1.03669        0.75321        0.72499       -0.03378        1.38418       -0.46430        1.03668        0.65761
0.465230        0.19016        0.19734        1.03779        0.70624        0.72559       -0.03211        1.39308       -0.46496        1.03734        0.64864
0.472797        0.18054        0.18756        1.03892        0.66072        0.72627       -0.03046        1.40166       -0.46558        1.03801        0.63949
0.480487        0.17119        0.17805        1.04007        0.61676        0.72702       -0.02882        1.40992       -0.46615        1.03867        0.63019
0.488302        0.16226        0.16895        1.04126        0.57518        0.72786       -0.02722        1.41770       -0.46667        1.03932        0.62072
0.496244        0.15363        0.16015        1.04247        0.53539        0.72878       -0.02565        1.42512       -0.46715        1.03997        0.61109
0.504316        0.14528        0.15163        1.04371        0.49727        0.72975       -0.02411        1.43221       -0.46760        1.04061        0.60130
0.512519        0.13723        0.14340        1.04498        0.46088        0.73079       -0.02260        1.43897       -0.46802        1.04125        0.59135
0.520855        0.12948        0.13547        1.04628        0.42627        0.73190       -0.02113        1.44538       -0.46841        1.04188        0.58125
0.529327        0.12208        0.12789        1.04761        0.39368        0.73306       -0.01970        1.45140       -0.46878        1.04250        0.57100
0.537936        0.11502        0.12065        1.04897        0.36303        0.73429       -0.01831        1.45705       -0.46911        1.04312        0.56060
0.546686        0.10825        0.11370        1.05036        0.33406        0.73557       -0.01697        1.46238       -0.46943        1.04372        0.55006
0.555578        0.10178        0.10705        1.05179        0.30675        0.73691       -0.01566        1.46739       -0.46973        1.04432        0.53939
0.564614        0.09560        0.10068        1.05324        0.28108        0.73829       -0.01440        1.47208       -0.47002        1.04492        0.52858
0.573798        0.08970        0.09461        1.05472        0.25702        0.73973       -0.01319        1.47645       -0.47029        1.04550        0.51764
0.583131        0.08409        0.08882        1.05624        0.23451        0.74122       -0.01201        1.48052       -0.47054        1.04608        0.50658
0.592615        0.07876        0.08331        1.05779        0.21350        0.74275       -0.01088        1.48429       -0.47079        1.04665        0.49541
0.602254        0.07370        0.07808        1.05937        0.19393        0.74433       -0.00978        1.48776       -0.47103        1.04722        0.48413
0.612050        0.06891        0.07311        1.06099        0.17575        0.74596       -0.00873        1.49096       -0.47127        1.04777        0.47275
0.622005        0.06437        0.06840        1.06264        0.15888        0.74763       -0.00771        1.49387       -0.47149        1.04832        0.46127
0.632122        0.06008        0.06394        1.06432        0.14325        0.74934       -0.00673        1.49652       -0.47172        1.04887        0.44972
0.642403        0.05603        0.05973        1.06604        0.12880        0.75110       -0.00578        1.49892       -0.47194        1.04940        0.43809
0.652852        0.05221        0.05574        1.06780        0.11546        0.75290       -0.00486        1.50107       -0.47215        1.04993        0.42639
0.663471        0.04860        0.05199        1.06959        0.10315        0.75475       -0.00397        1.50298       -0.47237        1.05046        0.41464
0.674262        0.04521        0.04844        1.07142        0.09181        0.75664       -0.00310        1.50466       -0.47259        1.05097        0.40284
0.685229        0.04202        0.04510        1.07328        0.08137        0.75857       -0.00225        1.50613       -0.47280        1.05148        0.39101
0.696374        0.03903        0.04196        1.07519        0.07177        0.76054       -0.00142        1.50738       -0.47302        1.05199        0.37915
0.707701        0.03621        0.03900        1.07713        0.06294        0.76256       -0.00059        1.50843       -0.47323        1.05249        0.36727
0.719212        0.03357        0.03623        1.07911        0.05481        0.76463        0.00022        1.50930       -0.47345        1.05298        0.35540
0.730910        0.03110        0.03363        1.08113        0.04739        0.76673        0.00103        1.50997       -0.47367        1.05347        0.34354
0.742798        0.02881        0.03120        1.08320        0.04060        0.76889        0.00184        1.51045       -0.47390        1.05395        0.33172
0.754880        0.02666        0.02893        1.08530        0.03434        0.77108        0.00265        1.51076       -0.47412        1.05443        0.31994
0.767158        0.02464        0.02680        1.08745        0.02857        0.77333        0.00348        1.51092       -0.47435        1.05491        0.30820
0.779636        0.02276        0.02480        1.08963        0.02323        0.77562        0.00432        1.51092       -0.47458        1.05538        0.29652
0.792317        0.02102        0.02295        1.09187        0.01833        0.77795        0.00519        1.51076       -0.47482        1.05584        0.28494
0.805204        0.01940        0.02123        1.09414        0.01378        0.78034        0.00609        1.51046       -0.47506        1.05630        0.27345
0.818301        0.01789        0.01961        1.09646        0.00952        0.78277        0.00703        1.51002       -0.47530        1.05676        0.26206
0.831610        0.01649        0.01812        1.09883        0.00554        0.78525        0.00801        1.50946       -0.47555        1.05721        0.25080
0.845137        0.01519        0.01673        1.10125        0.00179        0.78778        0.00905        1.50876       -0.47580        1.05766        0.23969
0.858883        0.01398        0.01543        1.10371       -0.00180        0.79036        0.01014        1.50794       -0.47606        1.05811        0.22871
0.872853        0.01287        0.01423        1.10622       -0.00523        0.79300        0.01131        1.50701       -0.47632        1.05855        0.21791
0.887050        0.01183        0.01312        1.10878       -0.00855        0.79568        0.01257        1.50596       -0.47658        1.05899        0.20729
0.901478        0.01088        0.01209        1.11140       -0.01181        0.79842        0.01391        1.50482       -0.47685        1.05943        0.19686
0.916140        0.01000        0.01114        1.11406       -0.01503        0.80121        0.01535        1.50356       -0.47713        1.05987        0.18665
0.931041        0.00918        0.01025        1.11678       -0.01825        0.80406        0.01691        1.50221       -0.47741        1.06030        0.17664
0.946185        0.00843        0.00944        1.11955       -0.02151        0.80696        0.01861        1.50076       -0.47769        1.06073        0.16689
0.961575        0.00774        0.00868        1.12238       -0.02485        0.80992        0.02044        1.49923       -0.47798        1.06116        0.15737
0.977215        0.00710        0.00799        1.12526       -0.02829        0.81293        0.02244        1.49760       -0.47828        1.06159        0.14811
0.993109        0.00652        0.00735        1.12820       -0.03187        0.81600        0.02461        1.49589       -0.47858        1.06201        0.13912
1.009262        0.00597        0.00676        1.13120       -0.03563        0.81913        0.02697        1.49410       -0.47888        1.06243        0.13040
1.025678        0.00548        0.00622        1.13426       -0.03961        0.82232        0.02955        1.49223       -0.47919        1.06285        0.12198
1.042361        0.00503        0.00571        1.13739       -0.04384        0.82557        0.03236        1.49029       -0.47951        1.06327        0.11385
1.059315        0.00461        0.00525        1.14057       -0.04835        0.82888        0.03543        1.48827       -0.47983        1.06369        0.10601
1.076545        0.00423        0.00483        1.14382       -0.05319        0.83225        0.03878        1.48617       -0.48016        1.06410        0.09850
1.094055        0.00387        0.00444        1.14714       -0.05840        0.83569        0.04244        1.48401       -0.48049        1.06452        0.09129
1.111850        0.00355        0.00409        1.15052       -0.06400        0.83918        0.04642        1.48177       -0.48083        1.06493        0.08439
1.129934        0.00326        0.00376        1.15397       -0.07005        0.84274        0.05077        1.47947       -0.48118        1.06534        0.07781
1.148312        0.00299        0.00346        1.15749       -0.07661        0.84636        0.05552        1.47710       -0.48153        1.06574        0.07157
1.166990        0.00274        0.00318        1.16109       -0.08370        0.85005        0.06069        1.47467       -0.48189        1.06615        0.06564
1.185971        0.00252        0.00293        1.16476       -0.09137        0.85380        0.06632        1.47217       -0.48225        1.06655        0.06003
1.205261        0.00231        0.00270        1.16850       -0.09967        0.85761        0.07244        1.46961       -0.48262        1.06695        0.05475
1.224865        0.00212        0.00249        1.17232       -0.10865        0.86149        0.07909        1.46699       -0.48300        1.06735        0.04977
1.244787        0.00195        0.00229        1.17623       -0.11835        0.86544        0.08632        1.46431       -0.48338        1.06775        0.04511
1.265034        0.00179        0.00212        1.18021       -0.12884        0.86945        0.09415        1.46156       -0.48377        1.06814        0.04075
1.285610        0.00165        0.00195        1.18428       -0.14015        0.87353        0.10265        1.45875       -0.48417        1.06853        0.03669
1.306520        0.00152        0.00180        1.18843       -0.15236        0.87768        0.11183        1.45589       -0.48457        1.06892        0.03292
1.327771        0.00140        0.00167        1.19267       -0.16550        0.88190        0.12176        1.45296       -0.48499        1.06930        0.02943
1.349367        0.00129        0.00154        1.19700       -0.17963        0.88618        0.13248        1.44997       -0.48540        1.06968        0.02621
1.371315        0.00119        0.00143        1.20142       -0.19482        0.89054        0.14404        1.44692       -0.48583        1.07006        0.02326
1.393619        0.00110        0.00132        1.20594       -0.21112        0.89496        0.15648        1.44381       -0.48626        1.07043        0.02057
1.416287        0.00102        0.00123        1.21055       -0.22857        0.89946        0.16985        1.44065       -0.48671        1.07080        0.01811
1.439323        0.00094        0.00114        1.21527       -0.24722        0.90402        0.18419        1.43742       -0.48716        1.07117        0.01587
1.462733        0.00087        0.00106        1.22008       -0.26716        0.90866        0.19958        1.43413       -0.48761        1.07153        0.01386
1.486525        0.00081        0.00099        1.22500       -0.28841        0.91337        0.21604        1.43078       -0.48808        1.07188        0.01204
1.510703        0.00075        0.00092        1.23003       -0.31101        0.91815        0.23360        1.42736       -0.48855        1.07223        0.01042
1.535275        0.00069        0.00086        1.23516       -0.33507        0.92301        0.25237        1.42389       -0.48903        1.07258        0.00897
1.560246        0.00065        0.00080        1.24041       -0.36055        0.92795        0.27233        1.42036       -0.48953        1.07291        0.00758
1.585624        0.00060        0.00075        1.24577       -0.38759        0.93296        0.29359        1.41691       -0.49002        1.07327        0.00000
1.611414        0.00056        0.00070        1.25125       -0.41616        0.93805        0.31615        1.41324       -0.49053        1.07359        0.00000
1.637624        0.00052        0.00066        1.25685       -0.44636        0.94323        0.34008        1.40952       -0.49105        1.07391        0.00000
1.664260        0.00049        0.00062        1.26258       -0.47819        0.94848        0.36542        1.40572       -0.49158        1.07422        0.00000
1.691330        0.00046        0.00058        1.26843       -0.51169        0.95382        0.39221        1.40187       -0.49211        1.07452        0.00000
1.718839        0.00043        0.00054        1.27441       -0.54693        0.95925        0.42051        1.39794       -0.49266        1.07481        0.00000
1.746796        0.00040        0.00051        1.28053       -0.58394        0.96476        0.45036        1.39395       -0.49322        1.07509        0.00000
1.775208        0.00038        0.00048        1.28678       -0.62274        0.97037        0.48181        1.38990       -0.49378        1.07536        0.00000
1.804082        0.00035        0.00046        1.29317       -0.66338        0.97607        0.51491        1.38577       -0.49436        1.07562        0.00000
1.833425        0.00033        0.00043        1.29971       -0.70590        0.98186        0.54970        1.38158       -0.49494        1.07587        0.00000
1.863246        0.00031        0.00041        1.30639       -0.75040        0.98775        0.58629        1.37731       -0.49554        1.07610        0.00000
1.893552        0.00029        0.00039        1.31323       -0.79706        0.99373        0.62485        1.37298       -0.49615        1.07633        0.00000
1.924351        0.00028        0.00036        1.32023       -0.84769        0.99974        0.66680        1.36857       -0.49677        1.07654        0.00000
1.955651        0.00026        0.00035        1.32717       -0.89533        1.00595        0.70674        1.36409       -0.49739        1.07677        0.00000
1.987460        0.00025        0.00033        1.33430       -0.94728        1.01228        0.75038        1.35954       -0.49803        1.07695        0.00000
2.019786        0.00024        0.00032        1.34159       -1.00143        1.01871        0.79611        1.35491       -0.49868        1.07712        0.00000
2.052638        0.00022        0.00030        1.34905       -1.05769        1.02527        0.84388        1.35021       -0.49935        1.07727        0.00000
2.086024        0.00021        0.00029        1.35667       -1.11604        1.03194        0.89371        1.34543       -0.50002        1.07740        0.00000
2.119953        0.00020        0.00027        1.36447       -1.17651        1.03874        0.94565        1.34058       -0.50071        1.07751        0.00000
2.154435        0.00019        0.00026        1.37245       -1.23917        1.04568        0.99978        1.33564       -0.50141        1.07761        0.00000
2.189477        0.00018        0.00025        1.38061       -1.30400        1.05274        1.05612        1.33063       -0.50213        1.07768        0.00000
2.225089        0.00017        0.00024        1.38896       -1.37107        1.05995        1.11477        1.32554       -0.50286        1.07774        0.00000
2.261280        0.00016        0.00023        1.39750       -1.44039        1.06729        1.17575        1.32037       -0.50360        1.07777        0.00000
2.298060        0.00016        0.00022        1.40624       -1.51201        1.07479        1.23915        1.31511       -0.50435        1.07778        0.00000
2.335438        0.00015        0.00021        1.41518       -1.58597        1.08244        1.30504        1.30977       -0.50512        1.07777        0.00000
2.373424        0.00014        0.00020        1.42434       -1.66229        1.09024        1.37348        1.30435       -0.50590        1.07773        0.00000
2.412028        0.00014        0.00020        1.43371       -1.74103        1.09821        1.44454        1.29885       -0.50669        1.07766        0.00000
2.451260        0.00013        0.00019        1.44330       -1.82221        1.10634        1.51831        1.29325       -0.50750        1.07757        0.00000
2.491130        0.00012        0.00018        1.45312       -1.90590        1.11465        1.59486        1.28758       -0.50833        1.07745        0.00000
2.531648        0.00012        0.00017        1.46318       -1.99213        1.12314        1.67428        1.28181       -0.50917        1.07729        0.00000
2.572826        0.00011        0.00017        1.47348       -2.08094        1.13181        1.75665        1.27596       -0.51002        1.07711        0.00000
2.614673        0.00011        0.00016        1.48403       -2.17240        1.14066        1.84207        1.27002       -0.51089        1.07690        0.00000
2.657201        0.00011        0.00016        1.49483       -2.26653        1.14972        1.93062        1.26398       -0.51178        1.07665        0.00000
2.700421        0.00010        0.00015        1.50590       -2.36341        1.15897        2.02241        1.25786       -0.51268        1.07637        0.00000
2.744343        0.00010        0.00015        1.51724       -2.46310        1.16844        2.11755        1.25164       -0.51360        1.07605        0.00000
2.788980        0.00009        0.00014        1.52886       -2.56563        1.17812        2.21614        1.24534       -0.51454        1.07569        0.00000
2.834343        0.00009        0.00014        1.54077       -2.67109        1.18801        2.31830        1.23893       -0.51549        1.07530        0.00000
2.880444        0.00009        0.00013        1.55297       -2.77951        1.19814        2.42413        1.23244       -0.51646        1.07486        0.00000
2.927295        0.00008        0.00013        1.56548       -2.89099        1.20850        2.53378        1.22585       -0.51745        1.07438        0.00000
2.974908        0.00008        0.00013        1.57831       -3.00558        1.21911        2.64737        1.21916       -0.51846        1.07386        0.00000
3.023295        0.00008        0.00012        1.59146       -3.12335        1.22996        2.76502        1.21238       -0.51949        1.07329        0.00000
3.072469        0.00007        0.00012        1.60495       -3.24437        1.24107        2.88690        1.20550       -0.52053        1.07267        0.00000
3.122443        0.00007        0.00012        1.61878       -3.36873        1.25245        3.01313        1.19852       -0.52160        1.07201        0.00000
3.173230        0.00007        0.00011        1.63297       -3.49649        1.26410        3.14388        1.19145       -0.52268        1.07129        0.00000
3.224842        0.00007        0.00011        1.64752       -3.62776        1.27603        3.27932        1.18427       -0.52378        1.07053        0.00000
3.277295        0.00006        0.00011        1.66246       -3.76259        1.28826        3.41960        1.17700       -0.52491        1.06970        0.00000
3.330600        0.00006        0.00010        1.67778       -3.90110        1.30078        3.56489        1.16963       -0.52605        1.06883        0.00000
3.384773        0.00006        0.00010        1.69351       -4.04336        1.31361        3.71541        1.16215       -0.52722        1.06789        0.00000
3.439826        0.00006        0.00010        1.70966       -4.18947        1.32677        3.87131        1.15458       -0.52840        1.06689        0.00000
3.495776        0.00006        0.00010        1.72623       -4.33955        1.34025        4.03283        1.14690       -0.52961        1.06583        0.00000
3.552635        0.00005        0.00009        1.74325       -4.49368        1.35407        4.20015        1.13912       -0.53084        1.06471        0.00000
3.610419        0.00005        0.00009        1.76073       -4.65196        1.36823        4.37349        1.13124       -0.53210        1.06353        0.00000
3.669142        0.00005        0.00009        1.77868       -4.81452        1.38276        4.55310        1.12326       -0.53338        1.06227        0.00000
3.728821        0.00005        0.00009        1.79712       -4.98147        1.39766        4.73921        1.11518       -0.53468        1.06094        0.00000
3.789471        0.00005        0.00009        1.81607       -5.15292        1.41295        4.93206        1.10699       -0.53600        1.05954        0.00000
3.851107        0.00005        0.00008        1.83553       -5.32899        1.42862        5.13192        1.09870       -0.53735        1.05807        0.00000
3.913746        0.00004        0.00008        1.85554       -5.50983        1.44471        5.33907        1.09031       -0.53872        1.05652        0.00000
3.977403        0.00004        0.00008        1.87611       -5.69554        1.46121        5.55378        1.08182       -0.54012        1.05489        0.00000
4.042096        0.00004        0.00008        1.89726       -5.88628        1.47814        5.77636        1.07323       -0.54155        1.05318        0.00000
4.107841        0.00004        0.00008        1.91900       -6.08218        1.49552        6.00712        1.06453       -0.54300        1.05139        0.00000
4.174655        0.00004        0.00007        1.94136       -6.28339        1.51336        6.24638        1.05573       -0.54448        1.04951        0.00000
4.242556        0.00004        0.00007        1.96436       -6.49006        1.53167        6.49448        1.04683       -0.54598        1.04755        0.00000
4.311562        0.00004        0.00007        1.98802       -6.70235        1.55047        6.75179        1.03784       -0.54752        1.04549        0.00000
4.381690        0.00003        0.00007        2.01237       -6.92042        1.56977        7.01867        1.02874       -0.54908        1.04334        0.00000
4.452959        0.00003        0.00007        2.03743       -7.14445        1.58959        7.29551        1.01954       -0.55067        1.04109        0.00000
4.525386        0.00003        0.00007        2.06322       -7.37459        1.60994        7.58273        1.01024       -0.55229        1.03875        0.00000
4.598992        0.00003        0.00007        2.08977       -7.61104        1.63084        7.88072        1.00085       -0.55394        1.03631        0.00000
4.673795        0.00003        0.00007        2.11711       -7.85398        1.65231        8.18998        0.99136       -0.55562        1.03377        0.00000
4.749815        0.00003        0.00006        2.14527       -8.10360        1.67436        8.51093        0.98177       -0.55733        1.03112        0.00000
4.827071        0.00003        0.00006        2.17428       -8.36011        1.69701        8.84409        0.97209       -0.55907        1.02836        0.00000
4.905584        0.00003        0.00006        2.20417       -8.62371        1.72027        9.18995        0.96231       -0.56084        1.02550        0.00000
4.985373        0.00003        0.00006        2.23496       -8.89461        1.74418        9.54904        0.95244       -0.56265        1.02252        0.00000
5.066461        0.00003        0.00006        2.26670       -9.17304        1.76873        9.92193        0.94248       -0.56448        1.01943        0.00000
5.148867        0.00003        0.00006        2.29943       -9.45922        1.79396       10.30919        0.93244       -0.56636        1.01622        0.00000
5.232614        0.00002        0.00006        2.33316       -9.75340        1.81989       10.71146        0.92230       -0.56826        1.01289        0.00000
5.317723        0.00002        0.00006        2.36796      -10.05582        1.84652       11.12935        0.91208       -0.57020        1.00945        0.00000
5.404216        0.00002        0.00006        2.40385      -10.36673        1.87389       11.56353        0.90177       -0.57217        1.00587        0.00000
5.492116        0.00002        0.00006        2.44088      -10.68639        1.90201       12.01470        0.89138       -0.57418        1.00218        0.00000
5.581446        0.00002        0.00005        2.47908      -11.01507        1.93091       12.48361        0.88091       -0.57623        0.99835        0.00000
5.672229        0.00002        0.00005        2.51852      -11.35305        1.96060       12.97101        0.87036       -0.57831        0.99440        0.00000
5.764488        0.00002        0.00005        2.55923      -11.70061        1.99110       13.47770        0.85973       -0.58043        0.99031        0.00000
5.858248        0.00002        0.00005        2.60127      -12.05805        2.02244       14.00451        0.84903       -0.58259        0.98608        0.00000
5.953533        0.00002        0.00005        2.64468      -12.42568        2.05465       14.55232        0.83826       -0.58479        0.98173        0.00000
6.050368        0.00002        0.00005        2.68953      -12.80380        2.08773       15.12205        0.82742       -0.58702        0.97723        0.00000
6.148778        0.00002        0.00005        2.73586      -13.19275        2.12171       15.71465        0.81651       -0.58929        0.97259        0.00000
6.248788        0.00002        0.00005        2.78374      -13.59284        2.15661       16.33113        0.80553       -0.59161        0.96781        0.00000
6.350425        0.00002        0.00005        2.83324      -14.00443        2.19246       16.97250        0.79449       -0.59396        0.96288        0.00000
6.453715        0.00002        0.00005        2.88441      -14.42785        2.22927       17.63989        0.78340       -0.59635        0.95780        0.00000
6.558686        0.00002        0.00005        2.93732      -14.86346        2.26707       18.33441        0.77225       -0.59879        0.95258        0.00000
6.665363        0.00002        0.00005        2.99205      -15.31162        2.30586       19.05726        0.76104       -0.60126        0.94721        0.00000
6.773776        0.00002        0.00005        3.04867      -15.77269        2.34569       19.80966        0.74978       -0.60378        0.94169        0.00000
6.883952        0.00001        0.00005        3.10726      -16.24707        2.38655       20.59292        0.73848       -0.60634        0.93601        0.00000
6.995920        0.00001        0.00005        3.16789      -16.73512        2.42847       21.40836        0.72713       -0.60895        0.93018        0.00000
7.109709        0.00001        0.00005        3.23066      -17.23723        2.47146       22.25738        0.71574       -0.61160        0.92419        0.00000
7.225349        0.00001        0.00004        3.29566      -17.75379        2.51553       23.14148        0.70431       -0.61429        0.91804        0.00000
7.342870        0.00001        0.00004        3.36296      -18.28518        2.56071       24.06211        0.69284       -0.61703        0.91174        0.00000
7.462303        0.00001        0.00004        3.43269      -18.83180        2.60699       25.02086        0.68135       -0.61981        0.90527        0.00000
7.583678        0.00001        0.00004        3.50492      -19.39402        2.65438       26.01936        0.66982       -0.62263        0.89864        0.00000
7.707027        0.00001        0.00004        3.57978      -19.97224        2.70290       27.05928        0.65827       -0.62550        0.89185        0.00000
7.832383        0.00001        0.00004        3.65737      -20.56681        2.75253       28.14235        0.64670       -0.62842        0.88490        0.00000
7.959777        0.00001        0.00004        3.73780      -21.17811        2.80327       29.27036        0.63510       -0.63138        0.87778        0.00000
8.089243        0.00001        0.00004        3.82121      -21.80647        2.85512       30.44517        0.62349       -0.63439        0.87049        0.00000
8.220816        0.00001        0.00004        3.90770      -22.45223        2.90806       31.66868        0.61187       -0.63745        0.86304        0.00000
8.354528        0.00001        0.00004        3.99743      -23.11568        2.96207       32.94282        0.60024       -0.64055        0.85542        0.00000
8.490415        0.00001        0.00004        4.09051      -23.79708        3.01712       34.26950        0.58860       -0.64370        0.84763        0.00000
8.628513        0.00001        0.00004        4.18709      -24.49668        3.07319       35.65083        0.57696       -0.64689        0.83967        0.00000
8.768856        0.00001        0.00004        4.28733      -25.21464        3.13023       37.08876        0.56532       -0.65014        0.83154        0.00000
8.911482        0.00001        0.00004        4.39137      -25.95109        3.18819       38.58539        0.55368       -0.65343        0.82324        0.00000
9.056428        0.00001        0.00004        4.49937      -26.70609        3.24699       40.14275        0.54205       -0.65677        0.81476        0.00000
9.203732        0.00001        0.00004        4.61149      -27.47962        3.30658       41.76283        0.53042       -0.66016        0.80612        0.00000
9.353432        0.00001        0.00004        4.72792      -28.27156        3.36686       43.44763        0.51881       -0.66359        0.79730        0.00000
9.505566        0.00001        0.00004        4.84881      -29.08167        3.42773       45.19911        0.50721       -0.66707        0.78830        0.00000
9.660175        0.00001        0.00004        4.97436      -29.90961        3.48906       47.01911        0.49562       -0.67061        0.77913        0.00000
9.817298        0.00001        0.00004        5.10474      -30.75487        3.55072       48.90933        0.48405       -0.67419        0.76979        0.00000
9.976978        0.00001        0.00004        5.24015      -31.61675        3.61255       50.87136        0.47251       -0.67782        0.76026        0.00000
10.139254        0.00001        0.00004        5.38078      -32.49438        3.67436       52.90652        0.46098       -0.68150        0.75056        0.00000
10.304170        0.00001        0.00004        5.52682      -33.38660        3.73593       55.01595        0.44948       -0.68523        0.74067        0.00000
10.471768        0.00001        0.00004        5.67848      -34.29205        3.79703       57.20038        0.43800       -0.68901        0.73060        0.00000
10.642092        0.00001        0.00004        5.83595      -35.20896        3.85739       59.46019        0.42655       -0.69284        0.72034        0.00000
10.815187        0.00001        0.00004        5.99942      -36.13527        3.91668       61.79525        0.41512       -0.69673        0.70989        0.00000
10.991097        0.00001        0.00004        6.16910      -37.06845        3.97457       64.20483        0.40371       -0.70067        0.69926        0.00000
11.169868        0.00001        0.00004        6.34516      -38.00552        4.03064       66.68741        0.39234       -0.70467        0.68842        0.00000
11.351547        0.00001        0.00004        6.52780      -38.94288        4.08444       69.24070        0.38098       -0.70872        0.67738        0.00000
11.536181        0.00001        0.00004        6.71717      -39.87627        4.13547       71.86128        0.36965       -0.71284        0.66614        0.00000
11.723818        0.00001        0.00004        6.91344      -40.80072        4.18316       74.54444        0.35833       -0.71702        0.65468        0.00000
11.914507        0.00001        0.00004        7.11673      -41.71035        4.22684       77.28403        0.34703       -0.72127        0.64300        0.00000
12.108298        0.00000        0.00004        7.32714      -42.59823        4.26581       80.07202        0.33574       -0.72560        0.63109        0.00000
12.305240        0.00000        0.00004        7.54475      -43.45626        4.29923       82.89826        0.32445       -0.73000        0.61893        0.00000
12.505386        0.00000        0.00004        7.76959      -44.27500        4.32619       85.75003        0.31316       -0.73449        0.60651        0.00000
12.708787        0.00000        0.00004        8.00162      -45.04336        4.34567       88.61157        0.30185       -0.73907        0.59381        0.00000
12.915497        0.00000        0.00004        8.24076      -45.74839        4.35649       91.46342        0.29051       -0.74376        0.58081        0.00000
13.125568        0.00000        0.00004        8.48684      -46.37503        4.35738       94.28196        0.27913       -0.74856        0.56749        0.00000
13.339057        0.00000        0.00004        8.73957      -46.90572        4.34690       97.03834        0.26769       -0.75349        0.55380        0.00000
13.556018        0.00000        0.00004        8.99857      -47.31987        4.32344       99.69763        0.25617       -0.75857        0.53973        0.00000
13.776508        0.00000        0.00004        9.26330      -47.59370        4.28526      102.21793        0.24454       -0.76380        0.52521        0.00000
14.000584        0.00000        0.00004        9.53305      -47.69955        4.23043      104.54894        0.23277       -0.76921        0.51019        0.00000
14.228305        0.00000        0.00004        9.80691      -47.60521        4.15686      106.63025        0.22082       -0.77482        0.49461        0.00000
14.459729        0.00000        0.00004       10.08370      -47.27383        4.06237      108.39079        0.20864       -0.78065        0.47838        0.00000
14.694918        0.00000        0.00003       10.36195      -46.66296        3.94469      109.74599        0.19619       -0.78672        0.46141        0.00000
14.933932        0.00000        0.00003       10.63986      -45.72476        3.80159      110.59773        0.18339       -0.79304        0.44359        0.00000
15.176834        0.00000        0.00003       10.91522      -44.40566        3.63107      110.83257        0.17019       -0.79964        0.42478        0.00000
15.423686        0.00000        0.00003       11.18534      -42.64736        3.43156      110.32201        0.15649       -0.80651        0.40483        0.00000
15.674554        0.00000        0.00003       11.44705      -40.38857        3.20234      108.92464        0.14223       -0.81363        0.38358        0.00000
15.929502        0.00000        0.00003       11.69663      -37.56863        2.94402      106.49094        0.12730       -0.82098        0.36085        0.00000
16.188597        0.00000        0.00003       11.92976      -34.13308        2.65913      102.87201        0.11164       -0.82845        0.33646        0.00000
16.451906        0.00000        0.00003       12.14168      -30.04302        2.35285       97.93610        0.09518       -0.83594        0.31028        0.00000
16.719498        0.00000        0.00003       12.32719      -25.28651        2.03353       91.58947        0.07792       -0.84324        0.28222        0.00000
16.991442        0.00000        0.00003       12.48094      -19.89252        1.71291       83.80466        0.05989       -0.85012        0.25230        0.00000
17.267809        0.00000        0.00003       12.59777      -13.94420        1.40560       74.64993        0.04122       -0.85627        0.22067        0.00000
17.548671        0.00000        0.00003       12.67314       -7.58585        1.12757       64.31070        0.02214       -0.86138        0.18767        0.00000
