x               rho            P              T              ur             uphi           uz             Br             Bphi           Bz             m
0.010000        0.99977        0.99979        1.00002        0.40528        0.98492       -0.00040        0.03790       -0.18140        1.00002        0.99997
0.010163        0.99976        0.99978        1.00002        0.40528        0.98492       -0.00041        0.03851       -0.18435        1.00002        0.99997
0.010328        0.99975        0.99977        1.00002        0.40528        0.98492       -0.00042        0.03914       -0.18735        1.00003        0.99997
0.010496        0.99974        0.99976        1.00002        0.40529        0.98492       -0.00042        0.03977       -0.19039        1.00003        0.99997
0.010667        0.99973        0.99975        1.00002        0.40529        0.98492       -0.00043        0.04042       -0.19349        1.00003        0.99997
0.010840        0.99971        0.99974        1.00002        0.40529        0.98492       -0.00044        0.04108       -0.19664        1.00003        0.99997
0.011016        0.99970        0.99972        1.00002        0.40529        0.98492       -0.00044        0.04175       -0.19983        1.00003        0.99997
0.011196        0.99969        0.99971        1.00003        0.40529        0.98492       -0.00045        0.04243       -0.20308        1.00003        0.99997
0.011378        0.99967        0.99970        1.00003        0.40530        0.98492       -0.00046        0.04312       -0.20639        1.00003        0.99996
0.011563        0.99966        0.99968        1.00003        0.40530        0.98492       -0.00046        0.04382       -0.20974        1.00003        0.99996
0.011751        0.99964        0.99967        1.00003        0.40530        0.98492       -0.00047        0.04453       -0.21315        1.00004        0.99996
0.011942        0.99963        0.99966        1.00003        0.40530        0.98492       -0.00048        0.04526       -0.21662        1.00004        0.99996
0.012136        0.99961        0.99964        1.00003        0.40531        0.98492       -0.00049        0.04599       -0.22014        1.00004        0.99996
0.012334        0.99960        0.99963        1.00003        0.40531        0.98492       -0.00050        0.04674       -0.22372        1.00004        0.99996
0.012534        0.99958        0.99962        1.00003        0.40531        0.98492       -0.00050        0.04750       -0.22736        1.00004        0.99996
0.012738        0.99957        0.99960        1.00003        0.40531        0.98492       -0.00051        0.04827       -0.23106        1.00004        0.99995
0.012945        0.99955        0.99959        1.00004        0.40532        0.98492       -0.00052        0.04906       -0.23481        1.00004        0.99995
0.013156        0.99954        0.99957        1.00004        0.40532        0.98492       -0.00053        0.04986       -0.23863        1.00005        0.99995
0.013370        0.99952        0.99956        1.00004        0.40532        0.98492       -0.00054        0.05067       -0.24251        1.00005        0.99995
0.013587        0.99950        0.99954        1.00004        0.40533        0.98492       -0.00055        0.05149       -0.24646        1.00005        0.99995
0.013808        0.99949        0.99953        1.00004        0.40533        0.98492       -0.00055        0.05233       -0.25047        1.00005        0.99995
0.014033        0.99947        0.99951        1.00004        0.40533        0.98492       -0.00056        0.05318       -0.25454        1.00005        0.99994
0.014261        0.99945        0.99949        1.00004        0.40533        0.98492       -0.00057        0.05405       -0.25868        1.00005        0.99994
0.014493        0.99943        0.99948        1.00004        0.40534        0.98492       -0.00058        0.05493       -0.26288        1.00006        0.99994
0.014729        0.99942        0.99946        1.00005        0.40534        0.98492       -0.00059        0.05582       -0.26716        1.00006        0.99994
0.014968        0.99940        0.99944        1.00005        0.40534        0.98492       -0.00060        0.05673       -0.27150        1.00006        0.99994
0.015212        0.99938        0.99943        1.00005        0.40535        0.98492       -0.00061        0.05765       -0.27592        1.00006        0.99994
0.015459        0.99936        0.99941        1.00005        0.40535        0.98492       -0.00062        0.05859       -0.28041        1.00006        0.99993
0.015711        0.99934        0.99939        1.00005        0.40535        0.98492       -0.00063        0.05954       -0.28497        1.00006        0.99993
0.015966        0.99932        0.99937        1.00005        0.40536        0.98492       -0.00064        0.06051       -0.28960        1.00007        0.99993
0.016226        0.99930        0.99936        1.00005        0.40536        0.98492       -0.00065        0.06149       -0.29431        1.00007        0.99993
0.016490        0.99928        0.99934        1.00006        0.40536        0.98492       -0.00066        0.06249       -0.29910        1.00007        0.99993
0.016758        0.99926        0.99932        1.00006        0.40537        0.98492       -0.00067        0.06351       -0.30396        1.00007        0.99992
0.017031        0.99924        0.99930        1.00006        0.40537        0.98492       -0.00068        0.06454       -0.30890        1.00007        0.99992
0.017308        0.99922        0.99928        1.00006        0.40537        0.98491       -0.00070        0.06559       -0.31393        1.00008        0.99992
0.017589        0.99920        0.99926        1.00006        0.40538        0.98491       -0.00071        0.06666       -0.31903        1.00008        0.99992
0.017875        0.99917        0.99924        1.00006        0.40538        0.98491       -0.00072        0.06775       -0.32422        1.00008        0.99992
0.018166        0.99915        0.99922        1.00007        0.40539        0.98491       -0.00073        0.06885       -0.32949        1.00008        0.99991
0.018461        0.99913        0.99920        1.00007        0.40539        0.98491       -0.00074        0.06997       -0.33485        1.00008        0.99991
0.018762        0.99911        0.99918        1.00007        0.40539        0.98491       -0.00075        0.07111       -0.34030        1.00009        0.99991
0.019067        0.99908        0.99915        1.00007        0.40540        0.98491       -0.00077        0.07226       -0.34583        1.00009        0.99991
0.019377        0.99906        0.99913        1.00007        0.40540        0.98491       -0.00078        0.07344       -0.35146        1.00009        0.99990
0.019692        0.99904        0.99911        1.00007        0.40541        0.98491       -0.00079        0.07463       -0.35717        1.00009        0.99990
0.020012        0.99901        0.99909        1.00008        0.40541        0.98491       -0.00080        0.07585       -0.36298        1.00009        0.99990
0.020338        0.99897        0.99905        1.00008        0.40542        0.98491       -0.00082        0.07708       -0.36888        1.00010        0.99990
0.020669        0.99893        0.99901        1.00008        0.40542        0.98491       -0.00083        0.07834       -0.37488        1.00010        0.99989
0.021005        0.99889        0.99898        1.00009        0.40543        0.98491       -0.00084        0.07961       -0.38097        1.00011        0.99989
0.021347        0.99885        0.99894        1.00009        0.40544        0.98491       -0.00086        0.08091       -0.38717        1.00011        0.99988
0.021694        0.99880        0.99889        1.00009        0.40545        0.98491       -0.00087        0.08222       -0.39346        1.00011        0.99988
0.022047        0.99876        0.99885        1.00010        0.40545        0.98491       -0.00089        0.08356       -0.39986        1.00012        0.99987
0.022405        0.99871        0.99881        1.00010        0.40546        0.98491       -0.00090        0.08492       -0.40636        1.00012        0.99987
0.022770        0.99867        0.99877        1.00010        0.40547        0.98491       -0.00092        0.08630       -0.41296        1.00013        0.99987
0.023140        0.99862        0.99872        1.00011        0.40548        0.98491       -0.00093        0.08771       -0.41968        1.00013        0.99986
0.023516        0.99857        0.99868        1.00011        0.40549        0.98491       -0.00095        0.08913       -0.42650        1.00014        0.99986
0.023899        0.99852        0.99864        1.00011        0.40549        0.98491       -0.00096        0.09058       -0.43343        1.00014        0.99985
0.024288        0.99847        0.99859        1.00012        0.40550        0.98491       -0.00098        0.09206       -0.44048        1.00014        0.99985
0.024683        0.99842        0.99854        1.00012        0.40551        0.98491       -0.00099        0.09356       -0.44764        1.00015        0.99984
0.025084        0.99837        0.99850        1.00012        0.40552        0.98491       -0.00101        0.09508       -0.45492        1.00015        0.99984
0.025492        0.99832        0.99845        1.00013        0.40553        0.98491       -0.00103        0.09663       -0.46231        1.00016        0.99983
0.025907        0.99827        0.99840        1.00013        0.40554        0.98491       -0.00104        0.09820       -0.46983        1.00016        0.99983
0.026328        0.99821        0.99835        1.00014        0.40555        0.98491       -0.00106        0.09980       -0.47747        1.00017        0.99982
0.026756        0.99816        0.99830        1.00014        0.40556        0.98491       -0.00108        0.10142       -0.48523        1.00017        0.99982
0.027192        0.99810        0.99825        1.00014        0.40557        0.98491       -0.00109        0.10307       -0.49312        1.00018        0.99981
0.027634        0.99805        0.99820        1.00015        0.40558        0.98491       -0.00111        0.10475       -0.50113        1.00018        0.99980
0.028083        0.99799        0.99814        1.00015        0.40559        0.98491       -0.00113        0.10645       -0.50928        1.00019        0.99980
0.028540        0.99793        0.99809        1.00016        0.40560        0.98491       -0.00115        0.10818       -0.51756        1.00020        0.99979
0.029004        0.99787        0.99804        1.00016        0.40561        0.98491       -0.00117        0.10995       -0.52597        1.00020        0.99979
0.029476        0.99781        0.99798        1.00017        0.40562        0.98490       -0.00119        0.11173       -0.53453        1.00021        0.99978
0.029955        0.99775        0.99792        1.00017        0.40563        0.98490       -0.00120        0.11355       -0.54322        1.00021        0.99978
0.030443        0.99767        0.99785        1.00018        0.40564        0.98490       -0.00122        0.11540       -0.55204        1.00022        0.99977
0.030938        0.99759        0.99777        1.00018        0.40566        0.98490       -0.00124        0.11728       -0.56101        1.00023        0.99976
0.031441        0.99750        0.99769        1.00019        0.40567        0.98490       -0.00126        0.11919       -0.57013        1.00024        0.99975
0.031952        0.99741        0.99760        1.00020        0.40569        0.98490       -0.00129        0.12113       -0.57939        1.00024        0.99974
0.032472        0.99731        0.99752        1.00020        0.40570        0.98490       -0.00131        0.12310       -0.58881        1.00025        0.99973
0.033000        0.99722        0.99743        1.00021        0.40572        0.98490       -0.00133        0.12511       -0.59837        1.00026        0.99972
0.033537        0.99713        0.99734        1.00022        0.40574        0.98490       -0.00135        0.12714       -0.60809        1.00027        0.99971
0.034083        0.99703        0.99725        1.00022        0.40575        0.98490       -0.00137        0.12921       -0.61798        1.00028        0.99970
0.034637        0.99693        0.99716        1.00023        0.40577        0.98490       -0.00139        0.13132       -0.62802        1.00029        0.99969
0.035200        0.99683        0.99707        1.00024        0.40579        0.98490       -0.00142        0.13346       -0.63822        1.00030        0.99968
0.035773        0.99673        0.99698        1.00025        0.40580        0.98490       -0.00144        0.13563       -0.64859        1.00031        0.99967
0.036355        0.99663        0.99688        1.00026        0.40582        0.98490       -0.00146        0.13784       -0.65913        1.00032        0.99966
0.036946        0.99652        0.99678        1.00026        0.40584        0.98490       -0.00149        0.14008       -0.66984        1.00033        0.99965
0.037547        0.99641        0.99668        1.00027        0.40586        0.98490       -0.00151        0.14236       -0.68073        1.00034        0.99964
0.038158        0.99631        0.99658        1.00028        0.40588        0.98489       -0.00154        0.14468       -0.69179        1.00035        0.99963
0.038778        0.99620        0.99648        1.00029        0.40590        0.98489       -0.00156        0.14703       -0.70303        1.00036        0.99962
0.039409        0.99608        0.99638        1.00030        0.40592        0.98489       -0.00159        0.14943       -0.71446        1.00037        0.99961
0.040050        0.99597        0.99627        1.00030        0.40594        0.98489       -0.00161        0.15186       -0.72607        1.00038        0.99960
0.040701        0.99582        0.99614        1.00032        0.40596        0.98489       -0.00164        0.15433       -0.73786        1.00039        0.99958
0.041363        0.99567        0.99600        1.00033        0.40599        0.98489       -0.00166        0.15685       -0.74984        1.00041        0.99957
0.042036        0.99552        0.99586        1.00034        0.40601        0.98489       -0.00169        0.15941       -0.76201        1.00042        0.99955
0.042720        0.99537        0.99571        1.00035        0.40604        0.98489       -0.00172        0.16200       -0.77438        1.00044        0.99954
0.043415        0.99521        0.99557        1.00036        0.40607        0.98489       -0.00175        0.16464       -0.78696        1.00045        0.99952
0.044121        0.99505        0.99542        1.00037        0.40609        0.98489       -0.00178        0.16732       -0.79974        1.00047        0.99951
0.044839        0.99488        0.99527        1.00039        0.40612        0.98488       -0.00181        0.17005       -0.81272        1.00048        0.99949
0.045568        0.99472        0.99511        1.00040        0.40615        0.98488       -0.00184        0.17282       -0.82592        1.00050        0.99947
0.046309        0.99455        0.99496        1.00041        0.40618        0.98488       -0.00186        0.17564       -0.83933        1.00051        0.99946
0.047062        0.99438        0.99480        1.00042        0.40621        0.98488       -0.00190        0.17850       -0.85296        1.00053        0.99944
0.047828        0.99420        0.99464        1.00044        0.40624        0.98488       -0.00193        0.18141       -0.86681        1.00054        0.99942
0.048606        0.99403        0.99447        1.00045        0.40627        0.98488       -0.00196        0.18436       -0.88089        1.00056        0.99941
0.049396        0.99385        0.99431        1.00046        0.40630        0.98488       -0.00199        0.18736       -0.89520        1.00058        0.99939
0.050200        0.99366        0.99413        1.00048        0.40633        0.98488       -0.00202        0.19042       -0.90973        1.00060        0.99937
0.051016        0.99343        0.99392        1.00050        0.40637        0.98487       -0.00206        0.19352       -0.92449        1.00062        0.99935
0.051846        0.99320        0.99371        1.00051        0.40641        0.98487       -0.00209        0.19668       -0.93949        1.00064        0.99932
0.052689        0.99297        0.99349        1.00053        0.40645        0.98487       -0.00212        0.19988       -0.95473        1.00066        0.99930
0.053546        0.99273        0.99327        1.00055        0.40650        0.98487       -0.00216        0.20314       -0.97022        1.00068        0.99928
0.054417        0.99249        0.99305        1.00057        0.40654        0.98487       -0.00219        0.20646       -0.98596        1.00071        0.99925
0.055302        0.99224        0.99282        1.00058        0.40658        0.98487       -0.00223        0.20982       -1.00196        1.00073        0.99923
0.056202        0.99199        0.99259        1.00060        0.40662        0.98486       -0.00227        0.21324       -1.01822        1.00075        0.99920
0.057116        0.99174        0.99236        1.00062        0.40667        0.98486       -0.00230        0.21672       -1.03474        1.00078        0.99918
0.058045        0.99148        0.99212        1.00064        0.40671        0.98486       -0.00234        0.22025       -1.05153        1.00080        0.99915
0.058989        0.99122        0.99188        1.00066        0.40676        0.98486       -0.00238        0.22384       -1.06859        1.00083        0.99913
0.059948        0.99095        0.99163        1.00068        0.40680        0.98486       -0.00242        0.22749       -1.08593        1.00085        0.99910
0.060923        0.99064        0.99134        1.00071        0.40686        0.98485       -0.00246        0.23121       -1.10354        1.00088        0.99907
0.061914        0.99032        0.99104        1.00073        0.40691        0.98485       -0.00250        0.23498       -1.12142        1.00091        0.99904
0.062921        0.98999        0.99074        1.00075        0.40697        0.98485       -0.00254        0.23882       -1.13960        1.00094        0.99901
0.063945        0.98965        0.99043        1.00078        0.40703        0.98485       -0.00258        0.24271       -1.15807        1.00097        0.99897
0.064985        0.98931        0.99011        1.00081        0.40709        0.98484       -0.00262        0.24667       -1.17684        1.00100        0.99894
0.066042        0.98897        0.98979        1.00083        0.40715        0.98484       -0.00267        0.25070       -1.19591        1.00104        0.99890
0.067116        0.98862        0.98947        1.00086        0.40721        0.98484       -0.00271        0.25479       -1.21530        1.00107        0.99887
0.068208        0.98826        0.98914        1.00089        0.40727        0.98484       -0.00275        0.25895       -1.23500        1.00110        0.99883
0.069317        0.98790        0.98880        1.00091        0.40733        0.98483       -0.00280        0.26317       -1.25502        1.00114        0.99880
0.070445        0.98751        0.98844        1.00094        0.40740        0.98483       -0.00285        0.26747       -1.27536        1.00118        0.99876
0.071590        0.98708        0.98804        1.00098        0.40748        0.98483       -0.00289        0.27184       -1.29600        1.00122        0.99872
0.072755        0.98664        0.98764        1.00101        0.40755        0.98483       -0.00294        0.27628       -1.31698        1.00126        0.99867
0.073938        0.98620        0.98722        1.00104        0.40763        0.98482       -0.00299        0.28080       -1.33830        1.00130        0.99863
0.075141        0.98574        0.98681        1.00108        0.40771        0.98482       -0.00304        0.28539       -1.35997        1.00134        0.99858
0.076363        0.98528        0.98638        1.00111        0.40779        0.98482       -0.00309        0.29005       -1.38199        1.00139        0.99854
0.077605        0.98482        0.98595        1.00115        0.40787        0.98481       -0.00314        0.29479       -1.40437        1.00143        0.99849
0.078867        0.98434        0.98551        1.00118        0.40795        0.98481       -0.00319        0.29960       -1.42711        1.00148        0.99844
0.080150        0.98386        0.98506        1.00122        0.40804        0.98480       -0.00324        0.30450       -1.45022        1.00152        0.99840
0.081454        0.98330        0.98454        1.00126        0.40813        0.98480       -0.00330        0.30948       -1.47366        1.00157        0.99834
0.082779        0.98274        0.98402        1.00131        0.40823        0.98480       -0.00335        0.31455       -1.49749        1.00163        0.99828
0.084125        0.98217        0.98349        1.00135        0.40833        0.98479       -0.00341        0.31969       -1.52170        1.00168        0.99823
0.085493        0.98159        0.98295        1.00139        0.40843        0.98479       -0.00346        0.32492       -1.54630        1.00174        0.99817
0.086884        0.98099        0.98240        1.00144        0.40853        0.98478       -0.00352        0.33024       -1.57131        1.00179        0.99811
0.088297        0.98039        0.98185        1.00148        0.40864        0.98478       -0.00358        0.33564       -1.59672        1.00185        0.99805
0.089733        0.97978        0.98128        1.00153        0.40875        0.98478       -0.00364        0.34113       -1.62254        1.00191        0.99799
0.091193        0.97911        0.98066        1.00158        0.40886        0.98477       -0.00370        0.34672       -1.64874        1.00197        0.99792
0.092676        0.97841        0.98001        1.00164        0.40899        0.98477       -0.00376        0.35240       -1.67536        1.00204        0.99785
0.094183        0.97769        0.97935        1.00169        0.40911        0.98476       -0.00382        0.35817       -1.70240        1.00211        0.99778
0.095715        0.97697        0.97867        1.00175        0.40924        0.98475       -0.00388        0.36404       -1.72989        1.00218        0.99771
0.097272        0.97623        0.97799        1.00180        0.40937        0.98475       -0.00395        0.37001       -1.75782        1.00225        0.99763
0.098854        0.97548        0.97730        1.00186        0.40950        0.98474       -0.00401        0.37607       -1.78621        1.00232        0.99756
0.100462        0.97470        0.97658        1.00192        0.40963        0.98474       -0.00408        0.38223       -1.81504        1.00240        0.99748
0.102096        0.97385        0.97579        1.00199        0.40978        0.98473       -0.00415        0.38850       -1.84429        1.00248        0.99739
0.103757        0.97299        0.97498        1.00205        0.40993        0.98473       -0.00422        0.39488       -1.87401        1.00256        0.99731
0.105444        0.97211        0.97417        1.00212        0.41009        0.98472       -0.00429        0.40136       -1.90421        1.00265        0.99722
0.107159        0.97121        0.97334        1.00219        0.41025        0.98471       -0.00436        0.40794       -1.93491        1.00273        0.99713
0.108902        0.97030        0.97250        1.00226        0.41041        0.98471       -0.00443        0.41464       -1.96610        1.00282        0.99704
0.110674        0.96935        0.97162        1.00233        0.41057        0.98470       -0.00450        0.42144       -1.99778        1.00291        0.99694
0.112474        0.96833        0.97067        1.00241        0.41075        0.98469       -0.00458        0.42837       -2.02991        1.00301        0.99684
0.114303        0.96729        0.96970        1.00249        0.41094        0.98468       -0.00466        0.43542       -2.06256        1.00311        0.99673
0.116162        0.96623        0.96872        1.00257        0.41112        0.98467       -0.00473        0.44258       -2.09575        1.00321        0.99663
0.118052        0.96516        0.96773        1.00266        0.41131        0.98467       -0.00481        0.44985       -2.12947        1.00332        0.99652
0.119972        0.96407        0.96671        1.00274        0.41150        0.98466       -0.00489        0.45724       -2.16374        1.00342        0.99641
0.121923        0.96288        0.96561        1.00283        0.41171        0.98465       -0.00498        0.46477       -2.19848        1.00354        0.99629
0.123906        0.96166        0.96447        1.00293        0.41193        0.98464       -0.00506        0.47243       -2.23377        1.00366        0.99616
0.125922        0.96042        0.96332        1.00303        0.41215        0.98463       -0.00515        0.48021       -2.26963        1.00378        0.99604
0.127970        0.95916        0.96215        1.00312        0.41237        0.98462       -0.00523        0.48812       -2.30608        1.00390        0.99591
0.130051        0.95788        0.96097        1.00322        0.41260        0.98461       -0.00532        0.49615       -2.34312        1.00403        0.99578
0.132166        0.95648        0.95967        1.00333        0.41284        0.98460       -0.00541        0.50435       -2.38065        1.00416        0.99564
0.134316        0.95506        0.95835        1.00345        0.41309        0.98459       -0.00550        0.51267       -2.41878        1.00430        0.99549
0.136501        0.95362        0.95701        1.00356        0.41335        0.98458       -0.00559        0.52113       -2.45753        1.00445        0.99535
0.138721        0.95215        0.95565        1.00367        0.41361        0.98457       -0.00569        0.52973       -2.49691        1.00459        0.99520
0.140977        0.95062        0.95423        1.00379        0.41388        0.98456       -0.00578        0.53848       -2.53688        1.00474        0.99504
0.143270        0.94900        0.95273        1.00392        0.41417        0.98454       -0.00588        0.54739       -2.57741        1.00490        0.99488
0.145601        0.94736        0.95120        1.00405        0.41446        0.98453       -0.00598        0.55644       -2.61860        1.00507        0.99471
0.147969        0.94569        0.94964        1.00419        0.41476        0.98452       -0.00608        0.56564       -2.66046        1.00523        0.99454
0.150376        0.94398        0.94805        1.00432        0.41507        0.98450       -0.00619        0.57500       -2.70298        1.00540        0.99436
0.152821        0.94214        0.94635        1.00447        0.41539        0.98449       -0.00629        0.58453       -2.74605        1.00558        0.99417
0.155307        0.94028        0.94462        1.00462        0.41573        0.98448       -0.00640        0.59423       -2.78982        1.00577        0.99398
0.157833        0.93838        0.94286        1.00477        0.41607        0.98446       -0.00651        0.60407       -2.83430        1.00596        0.99379
0.160400        0.93644        0.94105        1.00492        0.41641        0.98445       -0.00662        0.61409       -2.87948        1.00616        0.99359
0.163009        0.93437        0.93913        1.00509        0.41679        0.98443       -0.00673        0.62430       -2.92523        1.00636        0.99337
0.165661        0.93227        0.93717        1.00526        0.41716        0.98441       -0.00685        0.63468       -2.97173        1.00658        0.99316
0.168355        0.93013        0.93518        1.00543        0.41755        0.98440       -0.00697        0.64522       -3.01898        1.00679        0.99294
0.171093        0.92792        0.93312        1.00561        0.41795        0.98438       -0.00709        0.65595       -3.06692        1.00702        0.99271
0.173876        0.92559        0.93096        1.00580        0.41836        0.98436       -0.00721        0.66689       -3.11551        1.00725        0.99246
0.176704        0.92323        0.92876        1.00599        0.41879        0.98434       -0.00734        0.67800       -3.16489        1.00750        0.99222
0.179578        0.92083        0.92652        1.00618        0.41922        0.98432       -0.00746        0.68929       -3.21507        1.00774        0.99197
0.182499        0.91829        0.92415        1.00639        0.41968        0.98430       -0.00759        0.70081       -3.26587        1.00800        0.99170
0.185468        0.91568        0.92173        1.00661        0.42016        0.98428       -0.00772        0.71252       -3.31746        1.00827        0.99143
0.188484        0.91303        0.91926        1.00682        0.42064        0.98426       -0.00786        0.72442       -3.36988        1.00854        0.99115
0.191550        0.91029        0.91670        1.00705        0.42114        0.98423       -0.00800        0.73654       -3.42303        1.00883        0.99087
0.194666        0.90743        0.91404        1.00729        0.42166        0.98421       -0.00814        0.74888       -3.47691        1.00913        0.99057
0.197832        0.90452        0.91133        1.00753        0.42219        0.98418       -0.00828        0.76143       -3.53166        1.00943        0.99026
0.201050        0.90153        0.90854        1.00778        0.42273        0.98416       -0.00842        0.77420       -3.58722        1.00974        0.98994
0.204320        0.89840        0.90562        1.00804        0.42330        0.98413       -0.00857        0.78721       -3.64346        1.01007        0.98961
0.207643        0.89522        0.90265        1.00830        0.42388        0.98411       -0.00872        0.80044       -3.70063        1.01041        0.98927
0.211020        0.89195        0.89960        1.00858        0.42448        0.98408       -0.00888        0.81390       -3.75863        1.01076        0.98893
0.214453        0.88854        0.89641        1.00887        0.42511        0.98405       -0.00904        0.82763       -3.81734        1.01112        0.98856
0.217941        0.88506        0.89317        1.00916        0.42575        0.98402       -0.00920        0.84158       -3.87700        1.01149        0.98819
0.221486        0.88148        0.88983        1.00947        0.42641        0.98399       -0.00936        0.85579       -3.93749        1.01188        0.98781
0.225088        0.87776        0.88635        1.00979        0.42709        0.98395       -0.00953        0.87026       -3.99875        1.01228        0.98741
0.228749        0.87398        0.88282        1.01011        0.42779        0.98392       -0.00970        0.88498       -4.06100        1.01269        0.98700
0.232470        0.87006        0.87915        1.01045        0.42852        0.98388       -0.00987        0.89998       -4.12401        1.01312        0.98658
0.236251        0.86602        0.87537        1.01080        0.42927        0.98385       -0.01005        0.91526       -4.18790        1.01356        0.98614
0.240093        0.86191        0.87153        1.01116        0.43003        0.98381       -0.01023        0.93078       -4.25283        1.01401        0.98569
0.243999        0.85761        0.86750        1.01154        0.43083        0.98377       -0.01042        0.94664       -4.31838        1.01449        0.98522
0.247967        0.85323        0.86340        1.01192        0.43164        0.98373       -0.01061        0.96275       -4.38499        1.01498        0.98474
0.252000        0.84872        0.85917        1.01232        0.43248        0.98369       -0.01080        0.97917       -4.45247        1.01549        0.98425
0.256099        0.84406        0.85481        1.01274        0.43335        0.98364       -0.01100        0.99591       -4.52079        1.01601        0.98373
0.260265        0.83932        0.85037        1.01316        0.43424        0.98360       -0.01120        1.01292       -4.59020        1.01655        0.98321
0.264498        0.83438        0.84573        1.01361        0.43516        0.98355       -0.01140        1.03030       -4.66024        1.01712        0.98266
0.268800        0.82935        0.84102        1.01406        0.43610        0.98350       -0.01161        1.04797       -4.73142        1.01770        0.98210
0.273172        0.82415        0.83613        1.01454        0.43708        0.98345       -0.01183        1.06599       -4.80337        1.01830        0.98151
0.277615        0.81883        0.83113        1.01503        0.43808        0.98340       -0.01205        1.08434       -4.87632        1.01892        0.98091
0.282131        0.81336        0.82599        1.01553        0.43911        0.98334       -0.01227        1.10303       -4.95019        1.01957        0.98029
0.286720        0.80772        0.82069        1.01606        0.44017        0.98329       -0.01250        1.12210       -5.02492        1.02024        0.97965
0.291383        0.80196        0.81528        1.01660        0.44125        0.98323       -0.01274        1.14150       -5.10069        1.02092        0.97900
0.296123        0.79602        0.80968        1.01716        0.44237        0.98317       -0.01298        1.16130       -5.17721        1.02164        0.97831
0.300939        0.78995        0.80396        1.01774        0.44351        0.98310       -0.01322        1.18145       -5.25486        1.02238        0.97761
0.305834        0.78368        0.79805        1.01835        0.44469        0.98303       -0.01347        1.20203       -5.33319        1.02315        0.97688
0.310808        0.77729        0.79203        1.01897        0.44589        0.98297       -0.01373        1.22296       -5.41268        1.02394        0.97614
0.315864        0.77069        0.78580        1.01962        0.44713        0.98289       -0.01399        1.24434       -5.49282        1.02477        0.97536
0.321001        0.76396        0.77945        1.02028        0.44839        0.98282       -0.01426        1.26610       -5.57411        1.02562        0.97457
0.326222        0.75702        0.77290        1.02097        0.44969        0.98274       -0.01453        1.28832       -5.65606        1.02650        0.97374
0.331528        0.74995        0.76621        1.02169        0.45102        0.98266       -0.01481        1.31094       -5.73911        1.02741        0.97289
0.336921        0.74267        0.75933        1.02243        0.45237        0.98257       -0.01509        1.33404       -5.82288        1.02836        0.97202
0.342401        0.73523        0.75228        1.02320        0.45376        0.98248       -0.01539        1.35758       -5.90761        1.02934        0.97111
0.347970        0.72761        0.74506        1.02399        0.45517        0.98239       -0.01568        1.38158       -5.99318        1.03036        0.97018
0.353630        0.71980        0.73765        1.02482        0.45660        0.98230       -0.01599        1.40608       -6.07953        1.03141        0.96921
0.359381        0.71182        0.73009        1.02567        0.45807        0.98220       -0.01630        1.43103       -6.16691        1.03250        0.96823
0.365227        0.70363        0.72231        1.02655        0.45955        0.98209       -0.01662        1.45652       -6.25478        1.03364        0.96720
0.371167        0.69528        0.71438        1.02746        0.46106        0.98198       -0.01694        1.48249       -6.34374        1.03480        0.96614
0.377204        0.68673        0.70624        1.02841        0.46258        0.98187       -0.01727        1.50901       -6.43323        1.03602        0.96505
0.383340        0.67800        0.69793        1.02940        0.46412        0.98175       -0.01761        1.53605       -6.52354        1.03728        0.96392
0.389575        0.66909        0.68943        1.03041        0.46568        0.98163       -0.01796        1.56361       -6.61476        1.03857        0.96277
0.395911        0.65997        0.68074        1.03147        0.46723        0.98150       -0.01831        1.59178       -6.70629        1.03993        0.96157
0.402351        0.65068        0.67187        1.03256        0.46879        0.98137       -0.01867        1.62047       -6.79874        1.04133        0.96033
0.408895        0.64120        0.66281        1.03369        0.47035        0.98123       -0.01903        1.64975       -6.89181        1.04278        0.95906
0.415546        0.63154        0.65355        1.03487        0.47189        0.98108       -0.01940        1.67965       -6.98522        1.04429        0.95774
0.422304        0.62169        0.64412        1.03609        0.47342        0.98093       -0.01978        1.71013       -7.07941        1.04584        0.95639
0.429173        0.61167        0.63451        1.03735        0.47493        0.98077       -0.02016        1.74121       -7.17411        1.04746        0.95499
0.436154        0.60146        0.62471        1.03866        0.47638        0.98060       -0.02055        1.77294       -7.26896        1.04913        0.95355
0.443248        0.59109        0.61474        1.04002        0.47779        0.98043       -0.02094        1.80529       -7.36440        1.05087        0.95206
0.450457        0.58054        0.60459        1.04142        0.47915        0.98025       -0.02134        1.83826       -7.46036        1.05266        0.95054
0.457784        0.56983        0.59426        1.04289        0.48040        0.98006       -0.02174        1.87192       -7.55619        1.05453        0.94895
0.465230        0.55896        0.58378        1.04440        0.48155        0.97987       -0.02215        1.90622       -7.65230        1.05646        0.94732
0.472797        0.54794        0.57313        1.04598        0.48260        0.97966       -0.02255        1.94116       -7.74868        1.05845        0.94564
0.480487        0.53677        0.56232        1.04760        0.48352        0.97945       -0.02296        1.97677       -7.84525        1.06051        0.94392
0.488302        0.52547        0.55137        1.04930        0.48423        0.97923       -0.02336        2.01306       -7.94141        1.06266        0.94213
0.496244        0.51405        0.54029        1.05106        0.48473        0.97900       -0.02376        2.05000       -8.03746        1.06488        0.94029
0.504316        0.50250        0.52907        1.05289        0.48501        0.97877       -0.02416        2.08760       -8.13339        1.06717        0.93839
0.512519        0.49085        0.51773        1.05478        0.48501        0.97852       -0.02454        2.12585       -8.22907        1.06953        0.93644
0.520855        0.47910        0.50628        1.05674        0.48471        0.97826       -0.02492        2.16473       -8.32439        1.07198        0.93443
0.529327        0.46728        0.49475        1.05878        0.48399        0.97800       -0.02528        2.20423       -8.41896        1.07451        0.93235
0.537936        0.45541        0.48314        1.06091        0.48280        0.97773       -0.02562        2.24431       -8.51268        1.07712        0.93021
0.546686        0.44349        0.47147        1.06311        0.48111        0.97745       -0.02594        2.28495       -8.60561        1.07981        0.92800
0.555578        0.43154        0.45976        1.06540        0.47883        0.97717       -0.02623        2.32612       -8.69761        1.08259        0.92573
0.564614        0.41959        0.44802        1.06777        0.47589        0.97688       -0.02648        2.36775       -8.78850        1.08544        0.92339
0.573798        0.40765        0.43627        1.07024        0.47219        0.97658       -0.02669        2.40979       -8.87810        1.08837        0.92098
0.583131        0.39574        0.42455        1.07280        0.46761        0.97629       -0.02685        2.45218       -8.96623        1.09138        0.91850
0.592615        0.38391        0.41287        1.07546        0.46203        0.97599       -0.02694        2.49481       -9.05270        1.09446        0.91594
0.602254        0.37216        0.40127        1.07822        0.45532        0.97570       -0.02697        2.53758       -9.13730        1.09761        0.91331
0.612050        0.36054        0.38977        1.08109        0.44734        0.97542       -0.02690        2.58038       -9.21982        1.10083        0.91060
0.622005        0.34907        0.37841        1.08406        0.43793        0.97515       -0.02674        2.62304       -9.30003        1.10409        0.90781
0.632122        0.33778        0.36722        1.08715        0.42690        0.97489       -0.02647        2.66541       -9.37772        1.10741        0.90493
0.642403        0.32672        0.35624        1.09036        0.41410        0.97466       -0.02607        2.70729       -9.45264        1.11076        0.90197
0.652852        0.31592        0.34552        1.09369        0.39933        0.97446       -0.02551        2.74844       -9.52457        1.11412        0.89892
0.663471        0.30542        0.33508        1.09714        0.38240        0.97430       -0.02479        2.78863       -9.59325        1.11749        0.89579
0.674262        0.29525        0.32498        1.10071        0.36314        0.97418       -0.02388        2.82756       -9.65844        1.12084        0.89256
0.685229        0.28545        0.31526        1.10442        0.34136        0.97412       -0.02276        2.86493       -9.71989        1.12414        0.88924
0.696374        0.27607        0.30595        1.10826        0.31690        0.97413       -0.02141        2.90040       -9.77736        1.12738        0.88582
0.707701        0.26715        0.29712        1.11222        0.28963        0.97422       -0.01982        2.93359       -9.83059        1.13052        0.88231
0.719212        0.25872        0.28881        1.11632        0.25943        0.97439       -0.01796        2.96411       -9.87932        1.13353        0.87869
0.730910        0.25086        0.28111        1.12056        0.22607        0.97466       -0.01580        2.99130       -9.92298        1.13636        0.87498
0.742798        0.24364        0.27408        1.12494        0.18950        0.97505       -0.01332        3.01459       -9.96120        1.13895        0.87115
0.754880        0.23704        0.26772        1.12945        0.14993        0.97554       -0.01054        3.03376       -9.99408        1.14129        0.86722
0.767158        0.23110        0.26209        1.13409        0.10744        0.97615       -0.00744        3.04835      -10.02137        1.14331        0.86318
0.779636        0.22586        0.25722        1.13886        0.06218        0.97687       -0.00404        3.05789      -10.04281        1.14498        0.85902
0.792317        0.22147        0.25330        1.14375        0.01416        0.97771       -0.00029        3.06104      -10.05717        1.14619        0.85475
0.805204        0.21787        0.25028        1.14876       -0.03612        0.97864        0.00376        3.05793      -10.06482        1.14690        0.85036
0.818301        0.21507        0.24816        1.15388       -0.08825        0.97966        0.00808        3.04831      -10.06566        1.14710        0.84586
0.831610        0.21317        0.24708        1.15910       -0.14184        0.98074        0.01266        3.03117      -10.05868        1.14668        0.84123
0.845137        0.21222        0.24711        1.16442       -0.19636        0.98185        0.01746        3.00595      -10.04327        1.14557        0.83647
0.858883        0.21214        0.24817        1.16981       -0.25127        0.98298        0.02244        2.97313      -10.01986        1.14378        0.83159
0.872853        0.21309        0.25044        1.17526       -0.30583        0.98408        0.02755        2.93136       -9.98674        1.14118        0.82657
0.887050        0.21501        0.25387        1.18076       -0.35952        0.98513        0.03274        2.88108       -9.94403        1.13776        0.82142
0.901478        0.21789        0.25849        1.18629       -0.41171        0.98611        0.03794        2.82217       -9.89117        1.13351        0.81614
0.916140        0.22184        0.26439        1.19183       -0.46157        0.98698        0.04310        2.75399       -9.82673        1.12831        0.81072
0.931041        0.22672        0.27147        1.19736       -0.50888        0.98774        0.04816        2.67748       -9.75117        1.12224        0.80516
0.946185        0.23266        0.27986        1.20286       -0.55265        0.98836        0.05305        2.59177       -9.66237        1.11517        0.79946
0.961575        0.23952        0.28941        1.20830       -0.59298        0.98886        0.05775        2.49802       -9.56104        1.10719        0.79361
0.977215        0.24735        0.30021        1.21365       -0.62915        0.98922        0.06218        2.39584       -9.44536        1.09822        0.78762
0.993109        0.25607        0.31213        1.21890       -0.66124        0.98946        0.06633        2.28598       -9.31535        1.08831        0.78148
1.009262        0.26561        0.32511        1.22401       -0.68925        0.98960        0.07019        2.16885       -9.17057        1.07748        0.77519
1.025678        0.27595        0.33914        1.22895       -0.71288        0.98963        0.07372        2.04447       -9.00937        1.06566        0.76874
1.042361        0.28696        0.35404        1.23372       -0.73276        0.98959        0.07694        1.91376       -8.83264        1.05296        0.76214
1.059315        0.29858        0.36972        1.23826       -0.74895        0.98948        0.07987        1.77693       -8.63945        1.03935        0.75538
1.076545        0.31070        0.38606        1.24254       -0.76159        0.98933        0.08249        1.63424       -8.42885        1.02483        0.74846
1.094055        0.32319        0.40288        1.24655       -0.77130        0.98915        0.08485        1.48627       -8.20157        1.00944        0.74138
1.111850        0.33594        0.42002        1.25026       -0.77837        0.98895        0.08698        1.33330       -7.95736        0.99319        0.73414
1.129934        0.34882        0.43730        1.25363       -0.78312        0.98874        0.08890        1.17554       -7.69604        0.97607        0.72674
1.148312        0.36167        0.45448        1.25662       -0.78583        0.98853        0.09062        1.01315       -7.41719        0.95806        0.71917
1.166990        0.37434        0.47138        1.25921       -0.78692        0.98832        0.09219        0.84637       -7.12167        0.93918        0.71144
1.185971        0.38669        0.48776        1.26138       -0.78666        0.98813        0.09363        0.67531       -6.80975        0.91940        0.70354
1.205261        0.39853        0.50338        1.26308       -0.78529        0.98796        0.09496        0.50002       -6.48189        0.89872        0.69547
1.224865        0.40971        0.51800        1.26430       -0.78300        0.98780        0.09620        0.32050       -6.13869        0.87711        0.68724
1.244787        0.42005        0.53135        1.26498       -0.77996        0.98767        0.09736        0.13673       -5.78097        0.85453        0.67884
1.265034        0.42936        0.54320        1.26512       -0.77626        0.98757        0.09845       -0.05136       -5.40971        0.83094        0.67027
1.285610        0.43749        0.55328        1.26466       -0.77197        0.98750        0.09948       -0.24383       -5.02611        0.80632        0.66153
1.306520        0.44425        0.56135        1.26358       -0.76707        0.98746        0.10043       -0.44079       -4.63161        0.78062        0.65263
1.327771        0.44950        0.56720        1.26185       -0.76150        0.98745        0.10131       -0.64232       -4.22790        0.75380        0.64356
1.349367        0.45307        0.57062        1.25944       -0.75512        0.98747        0.10208       -0.84848       -3.81693        0.72581        0.63432
1.371315        0.45480        0.57137        1.25631       -0.74766        0.98753        0.10270       -1.05931       -3.40106        0.69661        0.62492
1.393619        0.45458        0.56933        1.25243       -0.73876        0.98762        0.10311       -1.27472       -2.98301        0.66619        0.61536
1.416287        0.45236        0.56445        1.24778       -0.72796        0.98775        0.10324       -1.49446       -2.56574        0.63454        0.60564
1.439323        0.44810        0.55670        1.24236       -0.71463        0.98790        0.10299       -1.71813       -2.15256        0.60171        0.59576
1.462733        0.44171        0.54600        1.23611       -0.69776        0.98807        0.10218       -1.94499       -1.74807        0.56773        0.58573
1.486525        0.43331        0.53256        1.22903       -0.67633        0.98825        0.10064       -2.17390       -1.35624        0.53277        0.57554
1.510703        0.42303        0.51659        1.22114       -0.64902        0.98840        0.09814       -2.40321       -0.98169        0.49705        0.56521
1.535275        0.41101        0.49831        1.21240       -0.61374        0.98848        0.09430       -2.63015       -0.63121        0.46096        0.55473
1.560246        0.39761        0.47828        1.20288       -0.56902        0.98844        0.08885       -2.85172       -0.30856        0.42500        0.54412
1.585624        0.38317        0.45696        1.19257       -0.51189        0.98817        0.08122       -3.06224       -0.02258        0.39004        0.53337
1.611414        0.36824        0.43510        1.18156       -0.44090        0.98755        0.07110       -3.25639        0.22328        0.35701        0.52248
1.637624        0.35342        0.41348        1.16992       -0.35370        0.98642        0.05796       -3.42525        0.42109        0.32743        0.51148
1.664260        0.33941        0.39296        1.15776       -0.24970        0.98459        0.04159       -3.55941        0.56636        0.30301        0.50035
1.691330        0.32688        0.37436        1.14526       -0.12977        0.98192        0.02198       -3.64856        0.65563        0.28567        0.48912
1.718839        0.31650        0.35847        1.13257        0.00378        0.97829       -0.00062       -3.67985        0.68467        0.27787        0.47778
1.746796        0.30875        0.34578        1.11995        0.14637        0.97372       -0.02554       -3.64173        0.65221        0.28197        0.46635
1.775208        0.30372        0.33641        1.10762        0.29229        0.96836       -0.05185       -3.52501        0.55890        0.30005        0.45483
1.804082        0.30116        0.33004        1.09588        0.43572        0.96247       -0.07856       -3.32154        0.40556        0.33406        0.44323
1.833425        0.30034        0.32587        1.08502        0.57123        0.95630       -0.10467       -3.02584        0.19421        0.38557        0.43156
1.863246        0.30003        0.32263        1.07533        0.69420        0.95007       -0.12927       -2.63538       -0.07153        0.45569        0.41982
1.893552        0.29857        0.31861        1.06712        0.80065        0.94387       -0.15151       -2.15084       -0.38560        0.54495        0.40804
1.924351        0.29408        0.31194        1.06070        0.88659        0.93772       -0.17049       -1.57654       -0.73830        0.65319        0.39622
1.955651        0.28469        0.30074        1.05636        0.94705        0.93156       -0.18505       -0.92145       -1.11525        0.77934        0.38437
1.987460        0.26895        0.28358        1.05438        0.97483        0.92540       -0.19355       -0.20115       -1.49687        0.92091        0.37251
2.019786        0.24635        0.25990        1.05499        0.96009        0.91954       -0.19368        0.55927       -1.85937        1.07339        0.36064
2.052638        0.21769        0.23040        1.05842        0.89123        0.91486       -0.18263        1.32113       -2.17643        1.22930        0.34878
2.086024        0.18565        0.19765        1.06468        0.76617        0.91279       -0.15944        2.03405       -2.42924        1.37818        0.33693
2.119953        0.15390        0.16524        1.07362        0.59889        0.91496       -0.12648        2.64715       -2.61127        1.50901        0.32512
2.154435        0.12611        0.13684        1.08506        0.41865        0.92251       -0.08958        3.11856       -2.72789        1.61218        0.31336
2.189477        0.10417        0.11444        1.09851        0.25371        0.93499       -0.05480        3.44267       -2.79749        1.68535        0.30166
2.225089        0.08870        0.09877        1.11358        0.11671        0.95144       -0.02508        3.62435       -2.83481        1.72852        0.29004
2.261280        0.07896        0.08920        1.12979        0.00355        0.97051        0.00019        3.68319       -2.85180        1.74493        0.27850
2.298060        0.07433        0.08523        1.14670       -0.09599        0.99113        0.02311        3.62624       -2.85353        1.73522        0.26707
2.335438        0.07418        0.08634        1.16379       -0.19429        1.01223        0.04642        3.45173       -2.84086        1.69800        0.25575
2.373424        0.07810        0.09219        1.18040       -0.30123        1.03264        0.07248        3.14353       -2.81030        1.62848        0.24456
2.412028        0.08545        0.10218        1.19567       -0.41988        1.05101        0.10217        2.67328       -2.75429        1.51867        0.23353
2.451260        0.09460        0.11432        1.20846       -0.53874        1.06593        0.13285        2.01292       -2.66323        1.36031        0.22265
2.491130        0.10212        0.12433        1.21741       -0.62605        1.07639        0.15667        1.16078       -2.53294        1.15124        0.21195
2.531648        0.10342        0.12630        1.22126       -0.64027        1.08197        0.16277        0.17375       -2.37682        0.90400        0.20143
2.572826        0.09570        0.11669        1.21931       -0.56161        1.08203        0.14520       -0.82529       -2.22798        0.64870        0.19112
2.614673        0.08093        0.09808        1.21178       -0.41835        1.07543        0.11020       -1.69376       -2.11760        0.42221        0.18103
2.657201        0.06433        0.07718        1.19974       -0.26862        1.06199        0.07239       -2.34474       -2.05190        0.24858        0.17116
2.700421        0.05009        0.05933        1.18458       -0.15238        1.04326        0.04245       -2.77596       -2.01757        0.13042        0.16153
2.744343        0.03969        0.04634        1.16754       -0.07630        1.02139        0.02257       -3.03263       -1.99976        0.05745        0.15216
2.788980        0.03275        0.03765        1.14956       -0.02933        0.99809        0.01016       -3.17029       -1.98922        0.01600        0.14305
2.834343        0.02853        0.03227        1.13126       -0.00061        0.97440        0.00244       -3.22532       -1.98188       -0.00302        0.13421
2.880444        0.02633        0.02931        1.11304        0.01793        0.95096       -0.00270       -3.22147       -1.97600       -0.00555        0.12565
2.927295        0.02577        0.02822        1.09521        0.03091        0.92822       -0.00653       -3.16855       -1.97099        0.00615        0.11739
2.974908        0.02658        0.02866        1.07801        0.04129        0.90646       -0.00985       -3.06921       -1.96671        0.03183        0.10943
3.023295        0.02868        0.03045        1.06168        0.05079        0.88597       -0.01309       -2.91901       -1.96328        0.07334        0.10177
3.072469        0.03197        0.03346        1.04648        0.06028        0.86704       -0.01649       -2.70855       -1.96095        0.13410        0.09442
3.122443        0.03623        0.03741        1.03271        0.06976        0.85003       -0.01999       -2.42571       -1.96013        0.21859        0.08739
3.173230        0.04087        0.04172        1.02075        0.07804        0.83532       -0.02317       -2.06011       -1.96117        0.33090        0.08068
3.224842        0.04481        0.04530        1.01099        0.08287        0.82335       -0.02527       -1.61085       -1.96420        0.47232        0.07428
3.277295        0.04660        0.04677        1.00378        0.08170        0.81451       -0.02537       -1.09545       -1.96887        0.63815        0.06821
3.330600        0.04509        0.04506        0.99936        0.07337        0.80907       -0.02298       -0.55325       -1.97427        0.81620        0.06246
3.384773        0.04022        0.04014        0.99780        0.05935        0.80707       -0.01845       -0.03699       -1.97941        0.98914        0.05703
3.439826        0.03322        0.03318        0.99885        0.04317        0.80822       -0.01287        0.40827       -1.98374        1.14128        0.05192
3.495776        0.02573        0.02579        1.00216        0.02809        0.81210       -0.00725        0.75765       -1.98730        1.26321        0.04712
3.552635        0.01903        0.01917        1.00726        0.01568        0.81812       -0.00210        1.01236       -1.99045        1.35417        0.04263
3.610419        0.01367        0.01386        1.01374        0.00592        0.82577        0.00269        1.18668       -1.99350        1.41813        0.03844
3.669142        0.00968        0.00989        1.02124       -0.00213        0.83461        0.00760        1.29957       -1.99663        1.46100        0.03454
3.728821        0.00683        0.00704        1.02950       -0.00961        0.84427        0.01324        1.36900       -1.99990        1.48862        0.03093
3.789471        0.00484        0.00503        1.03834       -0.01761        0.85449        0.02030        1.40871       -2.00332        1.50561        0.02760
3.851107        0.00346        0.00363        1.04762       -0.02707        0.86503        0.02948        1.42851       -2.00687        1.51532        0.02453
3.913746        0.00251        0.00265        1.05724       -0.03883        0.87572        0.04150        1.43517       -2.01054        1.52010        0.02172
3.977403        0.00185        0.00197        1.06715       -0.05359        0.88641        0.05705        1.43320       -2.01431        1.52157        0.01916
4.042096        0.00138        0.00149        1.07729       -0.07198        0.89695        0.07683        1.42549       -2.01818        1.52075        0.01683
4.107841        0.00105        0.00115        1.08763       -0.09449        0.90724        0.10145        1.41433       -2.02214        1.51849        0.00000
4.174655        0.00082        0.00090        1.09815       -0.12148        0.91718        0.13144        1.40024       -2.02619        1.51496        0.00000
4.242556        0.00065        0.00072        1.10884       -0.15325        0.92670        0.16723        1.38438       -2.03033        1.51061        0.00000
4.311562        0.00052        0.00058        1.11968       -0.18990        0.93573        0.20912        1.36728       -2.03456        1.50563        0.00000
4.381690        0.00042        0.00048        1.13067       -0.23149        0.94422        0.25737        1.34930       -2.03888        1.50016        0.00000
4.452959        0.00035        0.00040        1.14180       -0.27813        0.95211        0.31233        1.33066       -2.04329        1.49427        0.00000
4.525386        0.00029        0.00034        1.15306       -0.33036        0.95926        0.37482        1.31153       -2.04781        1.48803        0.00000
4.598992        0.00025        0.00029        1.16440       -0.39089        0.96519        0.44821        1.29206       -2.05246        1.48150        0.00000
4.673795        0.00021        0.00025        1.17618       -0.45092        0.97109        0.52282        1.27285       -2.05711        1.47497        0.00000
4.749815        0.00019        0.00023        1.18887       -0.48771        0.98072        0.57142        1.25389       -2.06150        1.46857        0.00000
4.827071        0.00017        0.00021        1.20201       -0.53951        0.98819        0.63910        1.23359       -2.06617        1.46128        0.00000
4.905584        0.00015        0.00019        1.21547       -0.60123        0.99405        0.72061        1.21267       -2.07102        1.45346        0.00000
4.985373        0.00014        0.00017        1.22918       -0.66477        0.99952        0.80640        1.19151       -2.07594        1.44535        0.00000
5.066461        0.00013        0.00016        1.24314       -0.72957        1.00465        0.89595        1.17011       -2.08093        1.43695        0.00000
5.148867        0.00011        0.00014        1.25735       -0.79522        1.00947        0.98894        1.14848       -2.08598        1.42825        0.00000
5.232614        0.00010        0.00013        1.27181       -0.86136        1.01399        1.08509        1.12662       -2.09109        1.41925        0.00000
5.317723        0.00010        0.00012        1.28651       -0.92765        1.01822        1.18413        1.10454       -2.09625        1.40993        0.00000
5.404216        0.00009        0.00011        1.30145       -0.99375        1.02218        1.28581        1.08224       -2.10147        1.40030        0.00000
5.492116        0.00008        0.00011        1.31663       -1.05934        1.02586        1.38985        1.05971       -2.10674        1.39034        0.00000
5.581446        0.00008        0.00010        1.33204       -1.12410        1.02928        1.49600        1.03698       -2.11205        1.38005        0.00000
5.672229        0.00007        0.00010        1.34768       -1.18771        1.03244        1.60399        1.01402       -2.11741        1.36943        0.00000
5.764488        0.00007        0.00009        1.36353       -1.24987        1.03534        1.71356        0.99086       -2.12281        1.35845        0.00000
5.858248        0.00006        0.00009        1.37960       -1.31026        1.03798        1.82441        0.96748       -2.12824        1.34712        0.00000
5.953533        0.00006        0.00008        1.39586       -1.36856        1.04036        1.93626        0.94390       -2.13371        1.33543        0.00000
6.050368        0.00006        0.00008        1.41232       -1.42447        1.04249        2.04879        0.92011       -2.13921        1.32337        0.00000
6.148778        0.00005        0.00008        1.42895       -1.47765        1.04435        2.16167        0.89611       -2.14473        1.31093        0.00000
6.248788        0.00005        0.00007        1.44574       -1.52779        1.04595        2.27457        0.87191       -2.15027        1.29810        0.00000
6.350425        0.00005        0.00007        1.46269       -1.57457        1.04728        2.38713        0.84751       -2.15583        1.28488        0.00000
6.453715        0.00005        0.00007        1.47976       -1.61765        1.04836        2.49896        0.82292       -2.16139        1.27126        0.00000
6.558686        0.00004        0.00006        1.49694       -1.65673        1.04916        2.60967        0.79814       -2.16696        1.25722        0.00000
6.665363        0.00004        0.00006        1.51421       -1.69147        1.04969        2.71883        0.77317       -2.17253        1.24277        0.00000
6.773776        0.00004        0.00006        1.53155       -1.72155        1.04996        2.82600        0.74802       -2.17809        1.22790        0.00000
6.883952        0.00004        0.00006        1.54892       -1.74666        1.04996        2.93071        0.72269       -2.18362        1.21259        0.00000
6.995920        0.00004        0.00006        1.56631       -1.76647        1.04969        3.03248        0.69719       -2.18914        1.19685        0.00000
7.109709        0.00004        0.00006        1.58368       -1.78070        1.04916        3.13081        0.67152       -2.19462        1.18066        0.00000
7.225349        0.00003        0.00005        1.60099       -1.78903        1.04837        3.22516        0.64569       -2.20007        1.16402        0.00000
7.342870        0.00003        0.00005        1.61822       -1.79119        1.04732        3.31501        0.61972       -2.20546        1.14693        0.00000
7.462303        0.00003        0.00005        1.63532       -1.78693        1.04603        3.39980        0.59360       -2.21079        1.12937        0.00000
7.583678        0.00003        0.00005        1.65226       -1.77600        1.04450        3.47896        0.56734       -2.21605        1.11135        0.00000
7.707027        0.00003        0.00005        1.66899       -1.75819        1.04275        3.55193        0.54096       -2.22122        1.09286        0.00000
7.832383        0.00003        0.00005        1.68546       -1.73332        1.04079        3.61814        0.51447       -2.22630        1.07390        0.00000
7.959777        0.00003        0.00005        1.70164       -1.70123        1.03865        3.67701        0.48787       -2.23127        1.05447        0.00000
8.089243        0.00003        0.00005        1.71746       -1.66182        1.03633        3.72797        0.46118       -2.23612        1.03456        0.00000
8.220816        0.00003        0.00005        1.73287       -1.61503        1.03386        3.77049        0.43441       -2.24084        1.01418        0.00000
8.354528        0.00003        0.00005        1.74783       -1.56084        1.03128        3.80403        0.40757       -2.24540        0.99332        0.00000
8.490415        0.00003        0.00005        1.76227       -1.49930        1.02861        3.82810        0.38069       -2.24980        0.97199        0.00000
8.628513        0.00003        0.00004        1.77614       -1.43050        1.02588        3.84222        0.35377       -2.25401        0.95020        0.00000
8.768856        0.00002        0.00004        1.78938       -1.35461        1.02314        3.84599        0.32684       -2.25803        0.92795        0.00000
8.911482        0.00002        0.00004        1.80192       -1.27187        1.02043        3.83904        0.29990       -2.26183        0.90524        0.00000
9.056428        0.00002        0.00004        1.81372       -1.18257        1.01778        3.82106        0.27299       -2.26539        0.88208        0.00000
9.203732        0.00002        0.00004        1.82470       -1.08710        1.01524        3.79182        0.24612       -2.26870        0.85849        0.00000
9.353432        0.00002        0.00004        1.83480       -0.98590        1.01288        3.75117        0.21932       -2.27174        0.83448        0.00000
9.505566        0.00002        0.00004        1.84397       -0.87951        1.01073        3.69903        0.19261       -2.27449        0.81005        0.00000
9.660175        0.00002        0.00004        1.85216       -0.76854        1.00886        3.63543        0.16600       -2.27693        0.78524        0.00000
9.817298        0.00002        0.00004        1.85929       -0.65365        1.00733        3.56048        0.13953       -2.27904        0.76006        0.00000
9.976978        0.00002        0.00004        1.86533       -0.53560        1.00619        3.47442        0.11323       -2.28081        0.73452        0.00000
10.139254        0.00002        0.00004        1.87022       -0.41520        1.00551        3.37756        0.08711       -2.28222        0.70865        0.00000
10.304170        0.00002        0.00004        1.87391       -0.29334        1.00536        3.27035        0.06122       -2.28324        0.68248        0.00000
10.471768        0.00002        0.00004        1.87636       -0.17093        1.00580        3.15332        0.03556       -2.28386        0.65603        0.00000
