x               rho            P              T              ur             uphi           uz             Br             Bphi           Bz             m
0.010000        0.99999        1.00001        1.00002        1.47729        0.95664       -0.00147        0.04334       -0.06292        1.00003        0.99997
0.010163        0.99998        1.00001        1.00002        1.47730        0.95664       -0.00150        0.04404       -0.06395        1.00003        0.99997
0.010328        0.99996        0.99999        1.00002        1.47731        0.95664       -0.00152        0.04476       -0.06499        1.00003        0.99997
0.010496        0.99994        0.99997        1.00002        1.47732        0.95663       -0.00155        0.04549       -0.06604        1.00003        0.99997
0.010667        0.99992        0.99995        1.00003        1.47734        0.95663       -0.00157        0.04623       -0.06712        1.00003        0.99997
0.010840        0.99990        0.99993        1.00003        1.47735        0.95663       -0.00160        0.04698       -0.06821        1.00003        0.99997
0.011016        0.99988        0.99991        1.00003        1.47737        0.95663       -0.00162        0.04775       -0.06932        1.00004        0.99997
0.011196        0.99986        0.99989        1.00003        1.47738        0.95663       -0.00165        0.04852       -0.07044        1.00004        0.99997
0.011378        0.99984        0.99987        1.00003        1.47740        0.95663       -0.00168        0.04931       -0.07159        1.00004        0.99996
0.011563        0.99982        0.99985        1.00003        1.47741        0.95663       -0.00171        0.05011       -0.07275        1.00004        0.99996
0.011751        0.99980        0.99983        1.00003        1.47743        0.95663       -0.00173        0.05093       -0.07394        1.00004        0.99996
0.011942        0.99977        0.99981        1.00003        1.47744        0.95663       -0.00176        0.05176       -0.07514        1.00004        0.99996
0.012136        0.99975        0.99979        1.00004        1.47746        0.95663       -0.00179        0.05260       -0.07636        1.00004        0.99996
0.012334        0.99973        0.99976        1.00004        1.47747        0.95662       -0.00182        0.05345       -0.07760        1.00005        0.99996
0.012534        0.99970        0.99974        1.00004        1.47749        0.95662       -0.00185        0.05432       -0.07886        1.00005        0.99996
0.012738        0.99968        0.99972        1.00004        1.47751        0.95662       -0.00188        0.05521       -0.08015        1.00005        0.99995
0.012945        0.99965        0.99970        1.00004        1.47752        0.95662       -0.00191        0.05611       -0.08145        1.00005        0.99995
0.013156        0.99963        0.99967        1.00004        1.47754        0.95662       -0.00194        0.05702       -0.08277        1.00005        0.99995
0.013370        0.99960        0.99965        1.00004        1.47756        0.95662       -0.00197        0.05795       -0.08412        1.00005        0.99995
0.013587        0.99958        0.99962        1.00005        1.47758        0.95662       -0.00200        0.05889       -0.08549        1.00006        0.99995
0.013808        0.99955        0.99960        1.00005        1.47760        0.95662       -0.00204        0.05985       -0.08688        1.00006        0.99995
0.014033        0.99953        0.99957        1.00005        1.47761        0.95662       -0.00207        0.06082       -0.08829        1.00006        0.99994
0.014261        0.99950        0.99955        1.00005        1.47763        0.95661       -0.00210        0.06181       -0.08973        1.00006        0.99994
0.014493        0.99947        0.99952        1.00005        1.47765        0.95661       -0.00214        0.06282       -0.09119        1.00006        0.99994
0.014729        0.99944        0.99950        1.00005        1.47767        0.95661       -0.00217        0.06384       -0.09267        1.00007        0.99994
0.014968        0.99942        0.99947        1.00005        1.47769        0.95661       -0.00221        0.06488       -0.09418        1.00007        0.99994
0.015212        0.99939        0.99944        1.00006        1.47771        0.95661       -0.00224        0.06593       -0.09571        1.00007        0.99994
0.015459        0.99936        0.99942        1.00006        1.47773        0.95661       -0.00228        0.06700       -0.09726        1.00007        0.99993
0.015711        0.99933        0.99939        1.00006        1.47775        0.95661       -0.00232        0.06809       -0.09885        1.00007        0.99993
0.015966        0.99930        0.99936        1.00006        1.47777        0.95661       -0.00236        0.06920       -0.10045        1.00008        0.99993
0.016226        0.99927        0.99933        1.00006        1.47779        0.95660       -0.00239        0.07033       -0.10209        1.00008        0.99993
0.016490        0.99924        0.99930        1.00006        1.47781        0.95660       -0.00243        0.07147       -0.10375        1.00008        0.99993
0.016758        0.99920        0.99927        1.00007        1.47784        0.95660       -0.00247        0.07263       -0.10543        1.00008        0.99992
0.017031        0.99917        0.99924        1.00007        1.47786        0.95660       -0.00251        0.07382       -0.10715        1.00008        0.99992
0.017308        0.99914        0.99921        1.00007        1.47788        0.95660       -0.00255        0.07502       -0.10889        1.00009        0.99992
0.017589        0.99911        0.99918        1.00007        1.47791        0.95660       -0.00260        0.07624       -0.11066        1.00009        0.99992
0.017875        0.99907        0.99915        1.00007        1.47793        0.95660       -0.00264        0.07748       -0.11246        1.00009        0.99992
0.018166        0.99904        0.99911        1.00008        1.47795        0.95659       -0.00268        0.07874       -0.11429        1.00009        0.99991
0.018461        0.99900        0.99908        1.00008        1.47798        0.95659       -0.00272        0.08002       -0.11615        1.00010        0.99991
0.018762        0.99897        0.99905        1.00008        1.47800        0.95659       -0.00277        0.08132       -0.11804        1.00010        0.99991
0.019067        0.99893        0.99901        1.00008        1.47803        0.95659       -0.00281        0.08264       -0.11996        1.00010        0.99991
0.019377        0.99890        0.99898        1.00008        1.47805        0.95659       -0.00286        0.08399       -0.12191        1.00010        0.99990
0.019692        0.99886        0.99894        1.00009        1.47808        0.95659       -0.00291        0.08535       -0.12389        1.00011        0.99990
0.020012        0.99882        0.99891        1.00009        1.47810        0.95658       -0.00295        0.08674       -0.12590        1.00011        0.99990
0.020338        0.99876        0.99885        1.00009        1.47814        0.95658       -0.00300        0.08815       -0.12795        1.00011        0.99990
0.020669        0.99870        0.99879        1.00009        1.47819        0.95658       -0.00305        0.08959       -0.13003        1.00012        0.99989
0.021005        0.99863        0.99873        1.00010        1.47824        0.95658       -0.00310        0.09105       -0.13214        1.00012        0.99989
0.021347        0.99856        0.99866        1.00010        1.47828        0.95657       -0.00315        0.09253       -0.13429        1.00013        0.99988
0.021694        0.99849        0.99860        1.00011        1.47833        0.95657       -0.00320        0.09403       -0.13647        1.00013        0.99988
0.022047        0.99843        0.99853        1.00011        1.47838        0.95657       -0.00325        0.09557       -0.13869        1.00014        0.99987
0.022405        0.99835        0.99847        1.00011        1.47843        0.95656       -0.00331        0.09712       -0.14094        1.00014        0.99987
0.022770        0.99828        0.99840        1.00012        1.47848        0.95656       -0.00336        0.09870       -0.14323        1.00015        0.99987
0.023140        0.99821        0.99833        1.00012        1.47853        0.95656       -0.00342        0.10031       -0.14556        1.00015        0.99986
0.023516        0.99813        0.99826        1.00012        1.47858        0.95655       -0.00347        0.10194       -0.14793        1.00016        0.99986
0.023899        0.99806        0.99819        1.00013        1.47864        0.95655       -0.00353        0.10360       -0.15033        1.00016        0.99985
0.024288        0.99798        0.99811        1.00013        1.47869        0.95655       -0.00359        0.10529       -0.15278        1.00017        0.99985
0.024683        0.99790        0.99804        1.00014        1.47874        0.95654       -0.00364        0.10700       -0.15526        1.00017        0.99984
0.025084        0.99782        0.99797        1.00014        1.47880        0.95654       -0.00370        0.10874       -0.15778        1.00018        0.99984
0.025492        0.99774        0.99789        1.00015        1.47886        0.95653       -0.00376        0.11051       -0.16035        1.00018        0.99983
0.025907        0.99766        0.99781        1.00015        1.47891        0.95653       -0.00383        0.11231       -0.16295        1.00019        0.99983
0.026328        0.99758        0.99773        1.00016        1.47897        0.95653       -0.00389        0.11414       -0.16560        1.00019        0.99982
0.026756        0.99749        0.99765        1.00016        1.47903        0.95652       -0.00395        0.11600       -0.16829        1.00020        0.99982
0.027192        0.99741        0.99757        1.00016        1.47909        0.95652       -0.00402        0.11788       -0.17103        1.00021        0.99981
0.027634        0.99732        0.99749        1.00017        1.47915        0.95652       -0.00408        0.11980       -0.17381        1.00021        0.99980
0.028083        0.99723        0.99740        1.00017        1.47922        0.95651       -0.00415        0.12175       -0.17663        1.00022        0.99980
0.028540        0.99714        0.99732        1.00018        1.47928        0.95651       -0.00421        0.12373       -0.17950        1.00022        0.99979
0.029004        0.99705        0.99723        1.00018        1.47934        0.95650       -0.00428        0.12575       -0.18242        1.00023        0.99979
0.029476        0.99696        0.99714        1.00019        1.47941        0.95650       -0.00435        0.12780       -0.18539        1.00024        0.99978
0.029955        0.99686        0.99705        1.00019        1.47947        0.95649       -0.00442        0.12988       -0.18840        1.00024        0.99978
0.030443        0.99674        0.99694        1.00020        1.47956        0.95649       -0.00450        0.13199       -0.19146        1.00025        0.99977
0.030938        0.99660        0.99681        1.00021        1.47966        0.95648       -0.00457        0.13414       -0.19457        1.00026        0.99976
0.031441        0.99646        0.99668        1.00022        1.47975        0.95648       -0.00464        0.13633       -0.19773        1.00027        0.99975
0.031952        0.99632        0.99654        1.00022        1.47985        0.95647       -0.00472        0.13855       -0.20094        1.00028        0.99974
0.032472        0.99618        0.99641        1.00023        1.47995        0.95646       -0.00480        0.14081       -0.20420        1.00029        0.99973
0.033000        0.99603        0.99627        1.00024        1.48006        0.95646       -0.00488        0.14310       -0.20752        1.00030        0.99972
0.033537        0.99588        0.99613        1.00025        1.48016        0.95645       -0.00496        0.14543       -0.21089        1.00031        0.99971
0.034083        0.99573        0.99599        1.00026        1.48027        0.95644       -0.00504        0.14780       -0.21431        1.00032        0.99970
0.034637        0.99558        0.99584        1.00027        1.48037        0.95644       -0.00512        0.15021       -0.21779        1.00033        0.99969
0.035200        0.99542        0.99569        1.00027        1.48048        0.95643       -0.00520        0.15265       -0.22133        1.00034        0.99968
0.035773        0.99526        0.99555        1.00028        1.48059        0.95642       -0.00529        0.15514       -0.22492        1.00035        0.99967
0.036355        0.99510        0.99539        1.00029        1.48071        0.95641       -0.00537        0.15767       -0.22857        1.00036        0.99966
0.036946        0.99494        0.99524        1.00030        1.48082        0.95641       -0.00546        0.16024       -0.23229        1.00038        0.99965
0.037547        0.99477        0.99508        1.00031        1.48094        0.95640       -0.00555        0.16285       -0.23606        1.00039        0.99964
0.038158        0.99460        0.99492        1.00032        1.48106        0.95639       -0.00564        0.16550       -0.23989        1.00040        0.99963
0.038778        0.99443        0.99476        1.00033        1.48118        0.95638       -0.00573        0.16820       -0.24379        1.00041        0.99962
0.039409        0.99426        0.99460        1.00034        1.48130        0.95637       -0.00583        0.17093       -0.24775        1.00042        0.99961
0.040050        0.99408        0.99443        1.00035        1.48142        0.95637       -0.00592        0.17372       -0.25177        1.00044        0.99960
0.040701        0.99385        0.99421        1.00036        1.48158        0.95636       -0.00602        0.17655       -0.25586        1.00045        0.99958
0.041363        0.99362        0.99399        1.00037        1.48175        0.95635       -0.00612        0.17943       -0.26001        1.00047        0.99957
0.042036        0.99338        0.99376        1.00039        1.48191        0.95633       -0.00622        0.18236       -0.26422        1.00048        0.99955
0.042720        0.99314        0.99354        1.00040        1.48208        0.95632       -0.00632        0.18533       -0.26851        1.00050        0.99954
0.043415        0.99289        0.99330        1.00041        1.48226        0.95631       -0.00642        0.18836       -0.27286        1.00052        0.99952
0.044121        0.99264        0.99307        1.00043        1.48243        0.95630       -0.00653        0.19143       -0.27729        1.00053        0.99951
0.044839        0.99239        0.99282        1.00044        1.48261        0.95629       -0.00664        0.19455       -0.28179        1.00055        0.99949
0.045568        0.99213        0.99258        1.00046        1.48279        0.95628       -0.00675        0.19772       -0.28636        1.00057        0.99947
0.046309        0.99187        0.99233        1.00047        1.48298        0.95626       -0.00686        0.20095       -0.29101        1.00059        0.99946
0.047062        0.99160        0.99208        1.00049        1.48317        0.95625       -0.00697        0.20422       -0.29573        1.00061        0.99944
0.047828        0.99133        0.99182        1.00050        1.48336        0.95624       -0.00708        0.20755       -0.30052        1.00063        0.99942
0.048606        0.99105        0.99156        1.00052        1.48355        0.95623       -0.00720        0.21094       -0.30540        1.00064        0.99941
0.049396        0.99077        0.99130        1.00053        1.48375        0.95621       -0.00732        0.21438       -0.31036        1.00066        0.99939
0.050200        0.99048        0.99102        1.00055        1.48395        0.95620       -0.00744        0.21787       -0.31539        1.00068        0.99937
0.051016        0.99012        0.99069        1.00057        1.48420        0.95618       -0.00756        0.22143       -0.32050        1.00071        0.99935
0.051846        0.98977        0.99035        1.00059        1.48446        0.95617       -0.00768        0.22505       -0.32569        1.00073        0.99932
0.052689        0.98940        0.99000        1.00061        1.48471        0.95615       -0.00781        0.22873       -0.33096        1.00076        0.99930
0.053546        0.98903        0.98965        1.00063        1.48498        0.95613       -0.00794        0.23246       -0.33633        1.00078        0.99928
0.054417        0.98865        0.98929        1.00065        1.48524        0.95612       -0.00807        0.23626       -0.34177        1.00081        0.99925
0.055302        0.98827        0.98893        1.00067        1.48551        0.95610       -0.00820        0.24012       -0.34731        1.00084        0.99923
0.056202        0.98788        0.98856        1.00069        1.48579        0.95608       -0.00834        0.24404       -0.35294        1.00086        0.99920
0.057116        0.98748        0.98819        1.00071        1.48606        0.95606       -0.00847        0.24802       -0.35866        1.00089        0.99918
0.058045        0.98708        0.98781        1.00073        1.48635        0.95604       -0.00861        0.25207       -0.36447        1.00092        0.99915
0.058989        0.98667        0.98742        1.00076        1.48664        0.95602       -0.00875        0.25619       -0.37037        1.00095        0.99913
0.059948        0.98626        0.98703        1.00078        1.48693        0.95600       -0.00890        0.26037       -0.37637        1.00098        0.99910
0.060923        0.98577        0.98657        1.00081        1.48727        0.95598       -0.00905        0.26463       -0.38246        1.00101        0.99907
0.061914        0.98527        0.98609        1.00084        1.48763        0.95596       -0.00919        0.26896       -0.38865        1.00104        0.99904
0.062921        0.98475        0.98560        1.00086        1.48799        0.95593       -0.00935        0.27336       -0.39493        1.00108        0.99901
0.063945        0.98423        0.98511        1.00089        1.48836        0.95591       -0.00950        0.27783       -0.40132        1.00112        0.99897
0.064985        0.98370        0.98461        1.00092        1.48874        0.95588       -0.00966        0.28237       -0.40781        1.00115        0.99894
0.066042        0.98316        0.98410        1.00095        1.48912        0.95586       -0.00982        0.28699       -0.41440        1.00119        0.99890
0.067116        0.98261        0.98358        1.00098        1.48951        0.95583       -0.00998        0.29169       -0.42111        1.00123        0.99887
0.068208        0.98206        0.98305        1.00101        1.48990        0.95581       -0.01015        0.29646       -0.42792        1.00127        0.99883
0.069317        0.98149        0.98252        1.00104        1.49030        0.95578       -0.01031        0.30130       -0.43484        1.00131        0.99880
0.070445        0.98089        0.98195        1.00108        1.49073        0.95575       -0.01048        0.30623       -0.44187        1.00135        0.99876
0.071590        0.98022        0.98131        1.00112        1.49120        0.95572       -0.01066        0.31125       -0.44900        1.00140        0.99872
0.072755        0.97953        0.98066        1.00115        1.49169        0.95569       -0.01083        0.31636       -0.45625        1.00144        0.99867
0.073938        0.97884        0.98001        1.00119        1.49218        0.95565       -0.01101        0.32154       -0.46362        1.00149        0.99863
0.075141        0.97813        0.97934        1.00123        1.49269        0.95562       -0.01120        0.32681       -0.47110        1.00154        0.99858
0.076363        0.97741        0.97866        1.00127        1.49320        0.95559       -0.01138        0.33216       -0.47871        1.00159        0.99854
0.077605        0.97668        0.97797        1.00131        1.49371        0.95555       -0.01157        0.33761       -0.48643        1.00164        0.99849
0.078867        0.97594        0.97726        1.00135        1.49424        0.95552       -0.01176        0.34314       -0.49429        1.00170        0.99844
0.080150        0.97519        0.97655        1.00140        1.49478        0.95548       -0.01196        0.34876       -0.50227        1.00175        0.99840
0.081454        0.97432        0.97573        1.00145        1.49539        0.95544       -0.01216        0.35449       -0.51036        1.00181        0.99834
0.082779        0.97344        0.97490        1.00149        1.49602        0.95540       -0.01236        0.36031       -0.51858        1.00187        0.99828
0.084125        0.97255        0.97405        1.00154        1.49666        0.95535       -0.01257        0.36623       -0.52693        1.00193        0.99823
0.085493        0.97164        0.97319        1.00160        1.49731        0.95531       -0.01278        0.37224       -0.53542        1.00200        0.99817
0.086884        0.97072        0.97231        1.00165        1.49797        0.95526       -0.01299        0.37836       -0.54404        1.00206        0.99811
0.088297        0.96978        0.97143        1.00170        1.49864        0.95522       -0.01321        0.38457       -0.55281        1.00213        0.99805
0.089733        0.96883        0.97052        1.00175        1.49932        0.95517       -0.01343        0.39088       -0.56172        1.00219        0.99799
0.091193        0.96777        0.96953        1.00181        1.50007        0.95512       -0.01366        0.39731       -0.57074        1.00227        0.99792
0.092676        0.96668        0.96849        1.00187        1.50086        0.95507       -0.01389        0.40386       -0.57991        1.00235        0.99785
0.094183        0.96556        0.96743        1.00194        1.50165        0.95501       -0.01412        0.41051       -0.58923        1.00243        0.99778
0.095715        0.96443        0.96636        1.00200        1.50247        0.95496       -0.01436        0.41726       -0.59869        1.00251        0.99771
0.097272        0.96328        0.96527        1.00206        1.50329        0.95490       -0.01460        0.42413       -0.60832        1.00259        0.99763
0.098854        0.96211        0.96416        1.00213        1.50413        0.95484       -0.01484        0.43111       -0.61809        1.00267        0.99756
0.100462        0.96089        0.96300        1.00220        1.50500        0.95479       -0.01509        0.43821       -0.62802        1.00276        0.99748
0.102096        0.95956        0.96174        1.00227        1.50596        0.95472       -0.01535        0.44545       -0.63808        1.00285        0.99739
0.103757        0.95821        0.96046        1.00235        1.50694        0.95465       -0.01561        0.45280       -0.64830        1.00295        0.99731
0.105444        0.95683        0.95916        1.00243        1.50793        0.95458       -0.01587        0.46027       -0.65869        1.00304        0.99722
0.107159        0.95544        0.95783        1.00251        1.50894        0.95451       -0.01614        0.46787       -0.66924        1.00314        0.99713
0.108902        0.95402        0.95648        1.00259        1.50996        0.95444       -0.01642        0.47559       -0.67997        1.00325        0.99704
0.110674        0.95253        0.95508        1.00267        1.51104        0.95437       -0.01669        0.48344       -0.69086        1.00335        0.99694
0.112474        0.95093        0.95356        1.00276        1.51220        0.95429       -0.01698        0.49145       -0.70188        1.00347        0.99684
0.114303        0.94930        0.95201        1.00286        1.51338        0.95421       -0.01727        0.49959       -0.71309        1.00358        0.99673
0.116162        0.94765        0.95045        1.00295        1.51457        0.95412       -0.01756        0.50786       -0.72448        1.00370        0.99663
0.118052        0.94597        0.94885        1.00305        1.51579        0.95404       -0.01786        0.51626       -0.73606        1.00382        0.99652
0.119972        0.94427        0.94723        1.00314        1.51703        0.95395       -0.01817        0.52480       -0.74782        1.00394        0.99641
0.121923        0.94240        0.94546        1.00325        1.51839        0.95385       -0.01848        0.53352       -0.75972        1.00408        0.99629
0.123906        0.94049        0.94365        1.00336        1.51979        0.95375       -0.01880        0.54238       -0.77181        1.00422        0.99616
0.125922        0.93855        0.94180        1.00347        1.52120        0.95365       -0.01912        0.55139       -0.78409        1.00436        0.99604
0.127970        0.93658        0.93993        1.00358        1.52264        0.95355       -0.01945        0.56054       -0.79658        1.00450        0.99591
0.130051        0.93458        0.93803        1.00370        1.52410        0.95345       -0.01979        0.56985       -0.80926        1.00464        0.99578
0.132166        0.93239        0.93595        1.00382        1.52571        0.95333       -0.02013        0.57935       -0.82209        1.00480        0.99564
0.134316        0.93017        0.93384        1.00395        1.52734        0.95322       -0.02048        0.58900       -0.83512        1.00497        0.99549
0.136501        0.92791        0.93169        1.00408        1.52901        0.95310       -0.02084        0.59882       -0.84836        1.00513        0.99535
0.138721        0.92561        0.92951        1.00421        1.53069        0.95297       -0.02120        0.60879       -0.86182        1.00530        0.99520
0.140977        0.92321        0.92723        1.00435        1.53246        0.95285       -0.02157        0.61895       -0.87546        1.00547        0.99504
0.143270        0.92067        0.92482        1.00450        1.53434        0.95271       -0.02194        0.62930       -0.88928        1.00566        0.99488
0.145601        0.91810        0.92236        1.00465        1.53624        0.95257       -0.02233        0.63983       -0.90331        1.00585        0.99471
0.147969        0.91548        0.91987        1.00480        1.53818        0.95243       -0.02272        0.65052       -0.91758        1.00604        0.99454
0.150376        0.91280        0.91732        1.00496        1.54017        0.95228       -0.02312        0.66140       -0.93207        1.00624        0.99436
0.152821        0.90992        0.91458        1.00513        1.54231        0.95212       -0.02353        0.67251       -0.94671        1.00645        0.99417
0.155307        0.90699        0.91180        1.00530        1.54449        0.95196       -0.02395        0.68381       -0.96158        1.00667        0.99398
0.157833        0.90402        0.90897        1.00547        1.54670        0.95180       -0.02437        0.69528       -0.97670        1.00689        0.99379
0.160400        0.90098        0.90607        1.00565        1.54897        0.95163       -0.02480        0.70695       -0.99205        1.00712        0.99359
0.163009        0.89773        0.90298        1.00584        1.55141        0.95144       -0.02525        0.71888       -1.00755        1.00736        0.99337
0.165661        0.89443        0.89983        1.00604        1.55389        0.95125       -0.02570        0.73100       -1.02330        1.00761        0.99316
0.168355        0.89107        0.89663        1.00624        1.55640        0.95106       -0.02616        0.74332       -1.03931        1.00786        0.99294
0.171093        0.88760        0.89331        1.00644        1.55902        0.95086       -0.02663        0.75587       -1.05553        1.00813        0.99271
0.173876        0.88394        0.88983        1.00666        1.56178        0.95065       -0.02711        0.76867       -1.07194        1.00840        0.99246
0.176704        0.88023        0.88628        1.00688        1.56459        0.95043       -0.02760        0.78169       -1.08861        1.00869        0.99222
0.179578        0.87645        0.88268        1.00711        1.56744        0.95021       -0.02810        0.79491       -1.10555        1.00897        0.99197
0.182499        0.87246        0.87887        1.00735        1.57048        0.94997       -0.02861        0.80843       -1.12265        1.00928        0.99170
0.185468        0.86836        0.87496        1.00759        1.57359        0.94972       -0.02913        0.82219       -1.14000        1.00960        0.99143
0.188484        0.86420        0.87098        1.00784        1.57676        0.94947       -0.02967        0.83617       -1.15763        1.00992        0.99115
0.191550        0.85988        0.86685        1.00811        1.58006        0.94920       -0.03021        0.85042       -1.17547        1.01025        0.99087
0.194666        0.85538        0.86254        1.00838        1.58351        0.94892       -0.03077        0.86496       -1.19351        1.01060        0.99057
0.197832        0.85080        0.85817        1.00866        1.58701        0.94864       -0.03134        0.87974       -1.21185        1.01096        0.99026
0.201050        0.84610        0.85366        1.00895        1.59062        0.94834       -0.03192        0.89479       -1.23043        1.01133        0.98994
0.204320        0.84116        0.84894        1.00925        1.59442        0.94802       -0.03252        0.91017       -1.24918        1.01172        0.98961
0.207643        0.83615        0.84414        1.00956        1.59828        0.94770       -0.03313        0.92580       -1.26824        1.01211        0.98927
0.211020        0.83100        0.83921        1.00988        1.60225        0.94736       -0.03375        0.94172       -1.28755        1.01252        0.98893
0.214453        0.82562        0.83404        1.01021        1.60643        0.94700       -0.03439        0.95799       -1.30702        1.01295        0.98856
0.217941        0.82014        0.82879        1.01055        1.61067        0.94663       -0.03504        0.97453       -1.32681        1.01339        0.98819
0.221486        0.81449        0.82338        1.01091        1.61505        0.94625       -0.03570        0.99138       -1.34683        1.01385        0.98781
0.225088        0.80862        0.81774        1.01128        1.61961        0.94584       -0.03639        1.00860       -1.36703        1.01433        0.98741
0.228749        0.80266        0.81201        1.01166        1.62425        0.94543       -0.03709        1.02610       -1.38756        1.01481        0.98700
0.232470        0.79646        0.80605        1.01205        1.62909        0.94498       -0.03780        1.04398       -1.40827        1.01532        0.98658
0.236251        0.79007        0.79991        1.01246        1.63406        0.94452       -0.03853        1.06220       -1.42921        1.01585        0.98614
0.240093        0.78359        0.79368        1.01287        1.63912        0.94405       -0.03928        1.08072       -1.45049        1.01639        0.98569
0.243999        0.77678        0.78712        1.01331        1.64444        0.94354       -0.04005        1.09971       -1.47184        1.01696        0.98522
0.247967        0.76986        0.78045        1.01376        1.64985        0.94302       -0.04083        1.11900       -1.49353        1.01754        0.98474
0.252000        0.76272        0.77357        1.01423        1.65542        0.94247       -0.04164        1.13869       -1.51542        1.01815        0.98425
0.256099        0.75535        0.76646        1.01472        1.66117        0.94189       -0.04246        1.15880       -1.53750        1.01878        0.98373
0.260265        0.74785        0.75923        1.01521        1.66701        0.94130       -0.04330        1.17924       -1.55993        1.01942        0.98321
0.264498        0.74002        0.75166        1.01573        1.67310        0.94066       -0.04417        1.20019       -1.58238        1.02010        0.98266
0.268800        0.73207        0.74397        1.01626        1.67928        0.94001       -0.04505        1.22149       -1.60520        1.02080        0.98210
0.273172        0.72383        0.73600        1.01682        1.68565        0.93931       -0.04596        1.24327       -1.62812        1.02153        0.98151
0.277615        0.71539        0.72783        1.01740        1.69216        0.93858       -0.04689        1.26547       -1.65130        1.02228        0.98091
0.282131        0.70672        0.71943        1.01799        1.69881        0.93782       -0.04783        1.28812       -1.67466        1.02305        0.98029
0.286720        0.69779        0.71077        1.01861        1.70562        0.93702       -0.04881        1.31126       -1.69817        1.02386        0.97965
0.291383        0.68866        0.70191        1.01924        1.71254        0.93618       -0.04980        1.33483       -1.72193        1.02469        0.97900
0.296123        0.67923        0.69274        1.01990        1.71960        0.93529       -0.05082        1.35895       -1.74574        1.02556        0.97831
0.300939        0.66961        0.68339        1.02058        1.72677        0.93437       -0.05186        1.38350       -1.76985        1.02646        0.97761
0.305834        0.65966        0.67371        1.02130        1.73403        0.93338       -0.05293        1.40864       -1.79393        1.02739        0.97688
0.310808        0.64953        0.66384        1.02203        1.74139        0.93237       -0.05401        1.43422       -1.81832        1.02835        0.97614
0.315864        0.63907        0.65363        1.02279        1.74876        0.93127       -0.05512        1.46042       -1.84263        1.02936        0.97536
0.321001        0.62841        0.64322        1.02358        1.75621        0.93015       -0.05625        1.48709       -1.86722        1.03040        0.97457
0.326222        0.61742        0.63247        1.02440        1.76359        0.92893       -0.05741        1.51438       -1.89171        1.03148        0.97374
0.331528        0.60621        0.62151        1.02524        1.77099        0.92768       -0.05859        1.54218       -1.91642        1.03259        0.97289
0.336921        0.59469        0.61022        1.02612        1.77824        0.92634       -0.05978        1.57061       -1.94105        1.03375        0.97202
0.342401        0.58293        0.59868        1.02703        1.78538        0.92495       -0.06100        1.59960       -1.96577        1.03495        0.97111
0.347970        0.57088        0.58685        1.02797        1.79231        0.92347       -0.06223        1.62919       -1.99047        1.03620        0.97018
0.353630        0.55856        0.57473        1.02895        1.79888        0.92191       -0.06347        1.65940       -2.01508        1.03749        0.96921
0.359381        0.54599        0.56235        1.02996        1.80527        0.92029       -0.06473        1.69018       -2.03980        1.03882        0.96823
0.365227        0.53312        0.54965        1.03102        1.81087        0.91855       -0.06598        1.72163       -2.06417        1.04022        0.96720
0.371167        0.52002        0.53671        1.03210        1.81619        0.91675       -0.06725        1.75365       -2.08867        1.04165        0.96614
0.377204        0.50663        0.52346        1.03323        1.82050        0.91484       -0.06850        1.78632       -2.11281        1.04314        0.96505
0.383340        0.49301        0.50996        1.03441        1.82399        0.91283       -0.06974        1.81959       -2.13682        1.04468        0.96392
0.389575        0.47914        0.49620        1.03562        1.82672        0.91075       -0.07098        1.85346       -2.16075        1.04627        0.96277
0.395911        0.46503        0.48217        1.03689        1.82755        0.90853       -0.07216        1.88794       -2.18409        1.04793        0.96157
0.402351        0.45070        0.46791        1.03819        1.82732        0.90623       -0.07332        1.92298       -2.20733        1.04963        0.96033
0.408895        0.43617        0.45341        1.03955        1.82537        0.90384       -0.07443        1.95860       -2.23021        1.05139        0.95906
0.415546        0.42146        0.43871        1.04096        1.82084        0.90133       -0.07544        1.99471       -2.25247        1.05321        0.95774
0.422304        0.40657        0.42381        1.04242        1.81447        0.89875       -0.07640        2.03134       -2.27445        1.05508        0.95639
0.429173        0.39152        0.40872        1.04393        1.80549        0.89608       -0.07725        2.06842       -2.29593        1.05701        0.95499
0.436154        0.37640        0.39352        1.04551        1.79268        0.89333       -0.07793        2.10582       -2.31660        1.05899        0.95355
0.443248        0.36117        0.37819        1.04714        1.77698        0.89052       -0.07850        2.14358       -2.33681        1.06103        0.95206
0.450457        0.34586        0.36274        1.04883        1.75808        0.88767       -0.07892        2.18165       -2.35649        1.06311        0.95054
0.457784        0.33060        0.34731        1.05059        1.73385        0.88481       -0.07907        2.21974       -2.37513        1.06525        0.94895
0.465230        0.31537        0.33188        1.05241        1.70535        0.88195       -0.07902        2.25787       -2.39306        1.06742        0.94732
0.472797        0.30018        0.31646        1.05430        1.67256        0.87913       -0.07874        2.29601       -2.41029        1.06964        0.94564
0.480487        0.28507        0.30110        1.05625        1.63517        0.87636       -0.07822        2.33404       -2.42676        1.07189        0.94392
0.488302        0.27024        0.28598        1.05828        1.59164        0.87374       -0.07734        2.37152       -2.44209        1.07417        0.94213
0.496244        0.25563        0.27106        1.06038        1.54310        0.87127       -0.07617        2.40852       -2.45654        1.07646        0.94029
0.504316        0.24128        0.25637        1.06256        1.48988        0.86898       -0.07470        2.44494       -2.47014        1.07877        0.93839
0.512519        0.22724        0.24196        1.06480        1.43211        0.86692       -0.07294        2.48065       -2.48288        1.08109        0.93644
0.520855        0.21356        0.22790        1.06713        1.37004        0.86512       -0.07088        2.51549       -2.49474        1.08341        0.93443
0.529327        0.20038        0.21431        1.06954        1.30390        0.86365       -0.06850        2.54911       -2.50561        1.08571        0.93235
0.537936        0.18772        0.20123        1.07203        1.23462        0.86256       -0.06586        2.58138       -2.51555        1.08798        0.93021
0.546686        0.17555        0.18864        1.07460        1.16316        0.86183       -0.06298        2.61236       -2.52470        1.09023        0.92800
0.555578        0.16392        0.17658        1.07726        1.09027        0.86147       -0.05992        2.64192       -2.53310        1.09244        0.92573
0.564614        0.15286        0.16508        1.08000        1.01674        0.86150       -0.05671        2.66997       -2.54077        1.09461        0.92339
0.573798        0.14237        0.15416        1.08283        0.94340        0.86193       -0.05339        2.69644       -2.54777        1.09673        0.92098
0.583131        0.13248        0.14383        1.08574        0.87100        0.86276       -0.04999        2.72126       -2.55416        1.09879        0.91850
0.592615        0.12319        0.13412        1.08874        0.80026        0.86398       -0.04657        2.74442       -2.55999        1.10080        0.91594
0.602254        0.11450        0.12501        1.09183        0.73179        0.86557       -0.04315        2.76590       -2.56532        1.10274        0.91331
0.612050        0.10639        0.11650        1.09500        0.66609        0.86751       -0.03978        2.78571       -2.57020        1.10462        0.91060
0.622005        0.09886        0.10857        1.09827        0.60354        0.86980       -0.03648        2.80388       -2.57470        1.10643        0.90781
0.632122        0.09187        0.10121        1.10164        0.54439        0.87241       -0.03327        2.82046       -2.57886        1.10818        0.90493
0.642403        0.08542        0.09439        1.10509        0.48878        0.87531       -0.03017        2.83550       -2.58273        1.10987        0.90197
0.652852        0.07946        0.08809        1.10864        0.43678        0.87849       -0.02719        2.84906       -2.58635        1.11148        0.89892
0.663471        0.07398        0.08229        1.11228        0.38835        0.88194       -0.02434        2.86121       -2.58978        1.11304        0.89579
0.674262        0.06895        0.07694        1.11602        0.34341        0.88562       -0.02163        2.87202       -2.59303        1.11453        0.89256
0.685229        0.06433        0.07204        1.11985        0.30181        0.88953       -0.01905        2.88157       -2.59614        1.11597        0.88924
0.696374        0.06010        0.06754        1.12379        0.26340        0.89366       -0.01659        2.88993       -2.59914        1.11734        0.88582
0.707701        0.05623        0.06342        1.12782        0.22797        0.89799       -0.01427        2.89716       -2.60204        1.11867        0.88231
0.719212        0.05270        0.05965        1.13195        0.19533        0.90251       -0.01206        2.90333       -2.60488        1.11994        0.87869
0.730910        0.04950        0.05625        1.13619        0.16542        0.90722       -0.00998        2.90845       -2.60766        1.12116        0.87498
0.742798        0.04662        0.05317        1.14053        0.13804        0.91212       -0.00800        2.91256       -2.61041        1.12232        0.87115
0.754880        0.04400        0.05038        1.14498        0.11278        0.91720       -0.00613        2.91580       -2.61312        1.12344        0.86722
0.767158        0.04163        0.04786        1.14953        0.08942        0.92244       -0.00434        2.91821       -2.61583        1.12452        0.86318
0.779636        0.03949        0.04558        1.15419        0.06778        0.92786       -0.00263        2.91983       -2.61853        1.12555        0.85902
0.792317        0.03760        0.04358        1.15897        0.04791        0.93345       -0.00101        2.92061       -2.62123        1.12653        0.85475
0.805204        0.03592        0.04181        1.16386        0.02939        0.93921        0.00055        2.92065       -2.62394        1.12747        0.85036
0.818301        0.03443        0.04024        1.16887        0.01200        0.94514        0.00206        2.92001       -2.62667        1.12838        0.84586
0.831610        0.03313        0.03889        1.17399       -0.00431        0.95124        0.00352        2.91866       -2.62942        1.12923        0.84123
0.845137        0.03201        0.03775        1.17924       -0.01973        0.95752        0.00494        2.91659       -2.63219        1.13004        0.83647
0.858883        0.03106        0.03680        1.18461       -0.03453        0.96396        0.00634        2.91390       -2.63498        1.13081        0.83159
0.872853        0.03030        0.03606        1.19011       -0.04878        0.97059        0.00771        2.91049       -2.63780        1.13153        0.82657
0.887050        0.02969        0.03550        1.19573       -0.06273        0.97740        0.00909        2.90641       -2.64065        1.13220        0.82142
0.901478        0.02925        0.03515        1.20148       -0.07656        0.98439        0.01048        2.90164       -2.64352        1.13282        0.81614
0.916140        0.02899        0.03500        1.20737       -0.09047        0.99157        0.01190        2.89611       -2.64642        1.13337        0.81072
0.931041        0.02890        0.03506        1.21339       -0.10470        0.99894        0.01337        2.88985       -2.64935        1.13387        0.80516
0.946185        0.02900        0.03537        1.21955       -0.11955        1.00650        0.01492        2.88273       -2.65229        1.13429        0.79946
0.961575        0.02929        0.03590        1.22585       -0.13529        1.01424        0.01658        2.87475       -2.65524        1.13463        0.79361
0.977215        0.02980        0.03673        1.23229       -0.15233        1.02219        0.01840        2.86575       -2.65820        1.13488        0.78762
0.993109        0.03056        0.03786        1.23888       -0.17111        1.03032        0.02042        2.85566       -2.66115        1.13501        0.78148
1.009262        0.03157        0.03933        1.24561       -0.19210        1.03864        0.02270        2.84435       -2.66409        1.13503        0.77519
1.025678        0.03292        0.04124        1.25249       -0.21621        1.04714        0.02536        2.83151       -2.66697        1.13488        0.76874
1.042361        0.03462        0.04360        1.25951       -0.24402        1.05581        0.02846        2.81703       -2.66978        1.13456        0.76214
1.059315        0.03674        0.04654        1.26668       -0.27666        1.06462        0.03215        2.80057       -2.67248        1.13402        0.75538
1.076545        0.03941        0.05021        1.27400       -0.31584        1.07356        0.03666        2.78160       -2.67498        1.13319        0.74846
1.094055        0.04269        0.05471        1.28145       -0.36288        1.08256        0.04215        2.75975       -2.67724        1.13202        0.74138
1.111850        0.04673        0.06024        1.28904       -0.41989        1.09158        0.04892        2.73439       -2.67912        1.13044        0.73414
1.129934        0.05172        0.06707        1.29675       -0.48963        1.10052        0.05734        2.70464       -2.68045        1.12833        0.72674
1.148312        0.05794        0.07559        1.30458       -0.57615        1.10920        0.06797        2.66918       -2.68094        1.12552        0.71917
1.166990        0.06564        0.08615        1.31250       -0.68269        1.11742        0.08127        2.62684       -2.68023        1.12185        0.71144
1.185971        0.07520        0.09930        1.32049       -0.81349        1.12486        0.09788        2.57588       -2.67775        1.11708        0.70354
1.205261        0.08706        0.11567        1.32853       -0.97244        1.13108        0.11842        2.51415       -2.67266        1.11092        0.69547
1.224865        0.10175        0.13600        1.33656       -1.16181        1.13551        0.14335        2.43917       -2.66374        1.10302        0.68724
1.244787        0.11980        0.16108        1.34453       -1.38005        1.13746        0.17268        2.34821       -2.64928        1.09297        0.67884
1.265034        0.14166        0.19158        1.35237       -1.61941        1.13634        0.20561        2.23872       -2.62703        1.08038        0.67027
1.285610        0.16754        0.22787        1.36000       -1.86478        1.13181        0.24037        2.10876       -2.59432        1.06492        0.66153
1.306520        0.19729        0.26977        1.36733       -2.09611        1.12414        0.27439        1.95766       -2.54831        1.04639        0.65263
1.327771        0.23024        0.31642        1.37424       -2.29452        1.11422        0.30510        1.78620       -2.48657        1.02480        0.64356
1.349367        0.26531        0.36631        1.38066       -2.44859        1.10327        0.33077        1.59643       -2.40741        1.00031        0.63432
1.371315        0.30110        0.41747        1.38644       -2.55590        1.09253        0.35081        1.39082       -2.30976        0.97315        0.62492
1.393619        0.33610        0.46769        1.39152       -2.62363        1.08290        0.36591        1.17226       -2.19403        0.94364        0.61536
1.416287        0.36891        0.51494        1.39581       -2.66256        1.07485        0.37733        0.94307       -2.06147        0.91203        0.60564
1.439323        0.39830        0.55732        1.39923       -2.68250        1.06854        0.38630        0.70470       -1.91355        0.87848        0.59576
1.462733        0.42284        0.59269        1.40168       -2.69114        1.06410        0.39383        0.45770       -1.75152        0.84297        0.58573
1.486525        0.44159        0.61959        1.40309       -2.69471        1.06145        0.40074        0.20241       -1.57783        0.80552        0.57554
1.510703        0.45359        0.63658        1.40342       -2.69659        1.06059        0.40752       -0.06138       -1.39481        0.76604        0.56521
1.535275        0.45744        0.64157        1.40252       -2.69783        1.06171        0.41433       -0.33441       -1.20499        0.72432        0.55473
1.560246        0.45270        0.63396        1.40041       -2.69698        1.06489        0.42092       -0.61689       -1.01178        0.68032        0.54412
1.585624        0.43782        0.61159        1.39690       -2.68828        1.07062        0.42638       -0.90942       -0.81942        0.63381        0.53337
1.611414        0.41274        0.57454        1.39202       -2.66122        1.07923        0.42894       -1.21102       -0.63272        0.58492        0.52248
1.637624        0.37680        0.52213        1.38565       -2.59476        1.09129        0.42503       -1.51931       -0.45851        0.53394        0.51148
1.664260        0.33101        0.45607        1.37779       -2.45762        1.10672        0.40911       -1.82811       -0.30441        0.48185        0.50035
1.691330        0.27791        0.38032        1.36847       -2.21546        1.12412        0.37482       -2.12655       -0.17788        0.43046        0.48912
1.718839        0.22219        0.30169        1.35775       -1.85159        1.13972        0.31839       -2.39768       -0.08526        0.38269        0.47778
1.746796        0.17019        0.22906        1.34582       -1.41293        1.14828        0.24695       -2.62425       -0.02602        0.34168        0.46635
1.775208        0.12673        0.16894        1.33295       -0.99213        1.14729        0.17632       -2.79837        0.00739        0.30912        0.45483
1.804082        0.09348        0.12334        1.31939       -0.65741        1.13821        0.11889       -2.92316        0.02440        0.28474        0.44323
1.833425        0.06940        0.09060        1.30537       -0.42236        1.12412        0.07784       -3.00886        0.03255        0.26699        0.43156
1.863246        0.05243        0.06770        1.29105       -0.26775        1.10750        0.05043       -3.06662        0.03638        0.25407        0.41982
1.893552        0.04056        0.05178        1.27656       -0.16856        1.08972        0.03262       -3.10537        0.03815        0.24446        0.40804
1.924351        0.03225        0.04070        1.26197       -0.10505        1.07147        0.02110       -3.13138        0.03895        0.23711        0.39622
1.955651        0.02640        0.03294        1.24734       -0.06391        1.05307        0.01358       -3.14881        0.03928        0.23128        0.38437
1.987460        0.02230        0.02749        1.23271       -0.03674        1.03469        0.00858       -3.16037        0.03938        0.22650        0.37251
2.019786        0.01943        0.02367        1.21810       -0.01833        1.01639        0.00517       -3.16780        0.03935        0.22247        0.36064
2.052638        0.01751        0.02107        1.20354       -0.00555        0.99825        0.00277       -3.17214        0.03925        0.21899        0.34878
2.086024        0.01630        0.01938        1.18904        0.00377        0.98028        0.00096       -3.17414        0.03911        0.21593        0.33693
2.119953        0.01567        0.01841        1.17461        0.01092        0.96249       -0.00050       -3.17421        0.03895        0.21324        0.32512
2.154435        0.01559        0.01809        1.16026        0.01674        0.94491       -0.00178       -3.17245        0.03877        0.21089        0.31336
2.189477        0.01603        0.01837        1.14600        0.02198        0.92754       -0.00303       -3.16892        0.03858        0.20889        0.30166
2.225089        0.01705        0.01930        1.13184        0.02719        0.91041       -0.00438       -3.16336        0.03837        0.20731        0.29004
2.261280        0.01873        0.02094        1.11780        0.03296        0.89351       -0.00593       -3.15545        0.03814        0.20623        0.27850
2.298060        0.02128        0.02349        1.10387        0.03997        0.87687       -0.00785       -3.14445        0.03789        0.20585        0.26707
2.335438        0.02498        0.02723        1.09009        0.04903        0.86050       -0.01031       -3.12936        0.03760        0.20643        0.25575
2.373424        0.03025        0.03256        1.07646        0.06121        0.84442       -0.01358       -3.10860        0.03724        0.20837        0.24456
2.412028        0.03777        0.04015        1.06302        0.07795        0.82868       -0.01805       -3.07976        0.03677        0.21230        0.23353
2.451260        0.04854        0.05096        1.04980        0.10131        0.81332       -0.02424       -3.03916        0.03609        0.21918        0.22265
2.491130        0.06403        0.06639        1.03687        0.13405        0.79843       -0.03295       -2.98118        0.03502        0.23053        0.21195
2.531648        0.08629        0.08839        1.02431        0.17978        0.78412       -0.04518       -2.89732        0.03322        0.24863        0.20143
2.572826        0.11800        0.11944        1.01224        0.24260        0.77058       -0.06218       -2.77505        0.03005        0.27694        0.19112
2.614673        0.16194        0.16207        1.00085        0.32569        0.75808       -0.08498       -2.59690        0.02430        0.32037        0.18103
2.657201        0.21949        0.21738        0.99040        0.42794        0.74698       -0.11358       -2.34097        0.01402        0.38524        0.17116
2.700421        0.28749        0.28210        0.98124        0.53857        0.73763       -0.14533       -1.98496       -0.00349        0.47830        0.16153
2.744343        0.35401        0.34474        0.97383        0.63205        0.73027       -0.17337       -1.51517       -0.03059        0.60433        0.15216
2.788980        0.39850        0.38597        0.96857        0.67440        0.72482       -0.18800       -0.94699       -0.06633        0.76017        0.14305
2.834343        0.40036        0.38669        0.96585        0.63962        0.72128       -0.18120       -0.32818       -0.10491        0.93345        0.13421
2.880444        0.35621        0.34401        0.96574        0.53442        0.71998       -0.15383        0.26785       -0.13797        1.10368        0.12565
2.927295        0.28236        0.27335        0.96809        0.39471        0.72140       -0.11540        0.77251       -0.16024        1.25081        0.11739
2.974908        0.20402        0.19840        0.97249        0.26314        0.72551       -0.07808        1.15403       -0.17251        1.36450        0.10943
3.023295        0.13799        0.13501        0.97848        0.16252        0.73182       -0.04884        1.41688       -0.17834        1.44484        0.10177
3.072469        0.08955        0.08827        0.98566        0.09522        0.73972       -0.02880        1.58565       -0.18091        1.49809        0.09442
3.122443        0.05685        0.05649        0.99371        0.05363        0.74873       -0.01603        1.68837       -0.18209        1.53192        0.08739
3.173230        0.03576        0.03585        1.00242        0.02884        0.75856       -0.00802        1.74790       -0.18275        1.55282        0.08068
3.224842        0.02249        0.02276        1.01163        0.01396        0.76904       -0.00270        1.78031       -0.18322        1.56545        0.07428
3.277295        0.01422        0.01452        1.02126        0.00436        0.78005        0.00141        1.79603       -0.18364        1.57290        0.06821
3.330600        0.00907        0.00936        1.03125       -0.00291        0.79155        0.00542        1.80153       -0.18404        1.57710        0.06246
3.384773        0.00587        0.00612        1.04158       -0.00983        0.80350        0.01021        1.80074       -0.18444        1.57926        0.05703
3.439826        0.00385        0.00405        1.05222       -0.01793        0.81588        0.01665        1.79612       -0.18485        1.58015        0.05192
3.495776        0.00257        0.00273        1.06316       -0.02855        0.82868        0.02570        1.78909       -0.18527        1.58021        0.04712
3.552635        0.00175        0.00188        1.07438       -0.04298        0.84191        0.03840        1.78053       -0.18569        1.57972        0.04263
3.610419        0.00121        0.00132        1.08580       -0.06229        0.85547        0.05582        1.75562       -0.18612        1.57336        0.00000
3.669142        0.00086        0.00094        1.09745       -0.08814        0.86942        0.07939        1.74545       -0.18656        1.57222        0.00000
3.728821        0.00062        0.00069        1.10936       -0.12210        0.88378        0.11056        1.73480       -0.18700        1.57087        0.00000
3.789471        0.00046        0.00052        1.12151       -0.16555        0.89856        0.15072        1.72381       -0.18746        1.56935        0.00000
3.851107        0.00035        0.00039        1.13390       -0.21986        0.91377        0.20126        1.71255       -0.18792        1.56768        0.00000
3.913746        0.00027        0.00031        1.14653       -0.28631        0.92940        0.26356        1.70107       -0.18838        1.56589        0.00000
3.977403        0.00021        0.00024        1.15939       -0.36643        0.94548        0.33923        1.68940       -0.18886        1.56397        0.00000
4.042096        0.00017        0.00019        1.17246       -0.46314        0.96198        0.43122        1.67756       -0.18935        1.56194        0.00000
4.107841        0.00013        0.00016        1.18564       -0.58586        0.97882        0.54865        1.66557       -0.18984        1.55979        0.00000
4.174655        0.00010        0.00012        1.19812       -0.79115        0.99514        0.74542        1.65358       -0.19034        1.55770        0.00000
4.242556        0.00009        0.00011        1.21267       -0.84796        1.01267        0.80417        1.64176       -0.19081        1.55613        0.00000
4.311562        0.00009        0.00010        1.22750       -0.90548        1.03054        0.86368        1.62974       -0.19128        1.55452        0.00000
4.381690        0.00008        0.00010        1.24410       -0.99453        1.05056        0.95440        1.61714       -0.19181        1.55188        0.00000
4.452959        0.00007        0.00009        1.26124       -1.12588        1.07089        1.08708        1.60442       -0.19234        1.54912        0.00000
4.525386        0.00006        0.00008        1.27894       -1.27380        1.09186        1.23752        1.59157       -0.19288        1.54624        0.00000
4.598992        0.00005        0.00007        1.29723       -1.43347        1.11357        1.40135        1.57860       -0.19343        1.54322        0.00000
4.673795        0.00005        0.00006        1.31614       -1.60351        1.13608        1.57747        1.56550       -0.19399        1.54008        0.00000
4.749815        0.00004        0.00006        1.33568       -1.78332        1.15944        1.76554        1.55228       -0.19456        1.53681        0.00000
4.827071        0.00004        0.00005        1.35590       -1.97273        1.18371        1.96561        1.53895       -0.19514        1.53340        0.00000
4.905584        0.00004        0.00005        1.37681       -2.17164        1.20893        2.17784        1.52549       -0.19572        1.52985        0.00000
4.985373        0.00003        0.00005        1.39845       -2.38012        1.23516        2.40253        1.51193       -0.19631        1.52615        0.00000
5.066461        0.00003        0.00004        1.42086       -2.59829        1.26247        2.64005        1.49825       -0.19692        1.52232        0.00000
5.148867        0.00003        0.00004        1.44406       -2.82635        1.29090        2.89086        1.48446       -0.19752        1.51834        0.00000
5.232614        0.00003        0.00004        1.46810       -3.06453        1.32053        3.15550        1.47056       -0.19814        1.51421        0.00000
5.317723        0.00002        0.00004        1.49302       -3.31315        1.35143        3.43454        1.45656       -0.19876        1.50993        0.00000
5.404216        0.00002        0.00003        1.51886       -3.57255        1.38368        3.72866        1.44246       -0.19939        1.50549        0.00000
5.492116        0.00002        0.00003        1.54567       -3.84313        1.41734        4.03857        1.42827       -0.20003        1.50090        0.00000
5.581446        0.00002        0.00003        1.57349       -4.12534        1.45251        4.36509        1.41398       -0.20067        1.49615        0.00000
5.672229        0.00002        0.00003        1.60237       -4.41969        1.48928        4.70909        1.39960       -0.20132        1.49124        0.00000
5.764488        0.00002        0.00003        1.63237       -4.72674        1.52774        5.07154        1.38513       -0.20197        1.48617        0.00000
5.858248        0.00002        0.00003        1.66355       -5.04708        1.56800        5.45345        1.37058       -0.20263        1.48093        0.00000
5.953533        0.00002        0.00003        1.69596       -5.38141        1.61018        5.85598        1.35596       -0.20329        1.47553        0.00000
6.050368        0.00001        0.00002        1.72968       -5.73043        1.65440        6.28033        1.34125       -0.20396        1.46996        0.00000
6.148778        0.00001        0.00002        1.76477       -6.09498        1.70079        6.72787        1.32648       -0.20463        1.46422        0.00000
6.248788        0.00001        0.00002        1.80132       -6.47592        1.74949        7.20004        1.31165       -0.20529        1.45831        0.00000
6.350425        0.00001        0.00002        1.83939       -6.87419        1.80066        7.69840        1.29675       -0.20596        1.45223        0.00000
6.453715        0.00001        0.00002        1.87909       -7.29087        1.85446        8.22472        1.28180       -0.20663        1.44598        0.00000
6.558686        0.00001        0.00002        1.92049       -7.72706        1.91109        8.78079        1.26680       -0.20729        1.43955        0.00000
6.665363        0.00001        0.00002        1.96371       -8.18403        1.97074        9.36872        1.25175       -0.20795        1.43294        0.00000
6.773776        0.00001        0.00002        2.00885       -8.66312        2.03362        9.99068        1.23666       -0.20860        1.42616        0.00000
6.883952        0.00001        0.00002        2.05603       -9.16582        2.09998       10.64912        1.22153       -0.20924        1.41921        0.00000
6.995920        0.00001        0.00002        2.10537       -9.69377        2.17007       11.34669        1.20638       -0.20986        1.41208        0.00000
7.109709        0.00001        0.00002        2.15700      -10.24872        2.24418       12.08626        1.19120       -0.21047        1.40477        0.00000
7.225349        0.00001        0.00002        2.21108      -10.83270        2.32262       12.87111        1.17600       -0.21107        1.39729        0.00000
7.342870        0.00001        0.00002        2.26777      -11.44778        2.40574       13.70465        1.16078       -0.21163        1.38963        0.00000
7.462303        0.00001        0.00002        2.32723      -12.09639        2.49392       14.59078        1.14556       -0.21217        1.38179        0.00000
7.583678        0.00001        0.00002        2.38967      -12.78113        2.58758       15.53377        1.13034       -0.21268        1.37378        0.00000
7.707027        0.00001        0.00002        2.45527      -13.50490        2.68718       16.53826        1.11513       -0.21315        1.36560        0.00000
7.832383        0.00001        0.00002        2.52427      -14.27090        2.79325       17.60951        1.09992       -0.21356        1.35724        0.00000
7.959777        0.00001        0.00002        2.59691      -15.08268        2.90636       18.75325        1.08473       -0.21393        1.34872        0.00000
8.089243        0.00001        0.00002        2.67345      -15.94424        3.02716       19.97595        1.06957       -0.21422        1.34002        0.00000
8.220816        0.00001        0.00001        2.75420      -16.85997        3.15638       21.28475        1.05443       -0.21444        1.33116        0.00000
8.354528        0.00001        0.00001        2.83948      -17.83485        3.29483       22.68770        1.03933       -0.21457        1.32213        0.00000
8.490415        0.00000        0.00001        2.92964      -18.87432        3.44344       24.19363        1.02428       -0.21460        1.31295        0.00000
8.628513        0.00000        0.00001        3.02508      -19.98472        3.60325       25.81280        1.00927       -0.21450        1.30360        0.00000
8.768856        0.00000        0.00001        3.12623      -21.17299        3.77545       27.55645        0.99432       -0.21426        1.29410        0.00000
8.911482        0.00000        0.00001        3.23358      -22.44708        3.96141       29.43748        0.97943       -0.21385        1.28444        0.00000
9.056428        0.00000        0.00001        3.34768      -23.81603        4.16270       31.47050        0.96462       -0.21324        1.27464        0.00000
9.203732        0.00000        0.00001        3.46911      -25.29004        4.38112       33.67203        0.94988       -0.21240        1.26470        0.00000
9.353432        0.00000        0.00001        3.59856      -26.88083        4.61877       36.06107        0.93523       -0.21129        1.25462        0.00000
9.505566        0.00000        0.00001        3.73678      -28.60186        4.87812       38.65938        0.92067       -0.20985        1.24441        0.00000
9.660175        0.00000        0.00001        3.88463      -30.46853        5.16204       41.49189        0.90621       -0.20803        1.23408        0.00000
9.817298        0.00000        0.00001        4.04308      -32.49893        5.47400       44.58794        0.89187       -0.20575        1.22363        0.00000
9.976978        0.00000        0.00001        4.21322      -34.71375        5.81808       47.98095        0.87764       -0.20292        1.21307        0.00000
10.139254        0.00000        0.00001        4.39631      -37.13732        6.19921       51.71031        0.86355       -0.19943        1.20241        0.00000
10.304170        0.00000        0.00001        4.59377      -39.79839        6.62348       55.82256        0.84959       -0.19515        1.19166        0.00000
10.471768        0.00000        0.00001        4.80726      -42.73053        7.09828       60.37205        0.83578       -0.18989        1.18084        0.00000
10.642092        0.00000        0.00001        5.03867      -45.97399        7.63294       65.42395        0.82213       -0.18344        1.16994        0.00000
10.815187        0.00000        0.00001        5.29023      -49.57668        8.23923       71.05590        0.80865       -0.17551        1.15900        0.00000
10.991097        0.00000        0.00001        5.56450      -53.59587        8.93229       77.36085        0.79534       -0.16571        1.14800        0.00000
11.169868        0.00000        0.00001        5.86452      -58.10102        9.73205       84.45182        0.78220       -0.15354        1.13696        0.00000
11.351547        0.00000        0.00001        6.19387      -63.17585       10.66525       92.46556        0.76923       -0.13831        1.12586        0.00000
11.536181        0.00000        0.00001        6.55679      -68.92083       11.76854      101.56740        0.75639       -0.11906        1.11467        0.00000
11.723818        0.00000        0.00001        6.95830      -75.45509       13.09381      111.95601        0.74359       -0.09442        1.10330        0.00000
11.914507        0.00000        0.00001        7.40441      -82.91461       14.71713      123.86405        0.73067       -0.06236        1.09152        0.00000
