x               rho            P              T              ur             uphi           uz             Br             Bphi           Bz             m
0.010000        0.99991        0.99992        1.00001        0.60148        0.97936       -0.00059        0.02428       -0.05094        1.00001        0.99997
0.010163        0.99990        0.99992        1.00001        0.60148        0.97936       -0.00060        0.02467       -0.05177        1.00002        0.99997
0.010328        0.99990        0.99991        1.00001        0.60148        0.97936       -0.00061        0.02507       -0.05261        1.00002        0.99997
0.010496        0.99989        0.99990        1.00001        0.60148        0.97936       -0.00062        0.02548       -0.05347        1.00002        0.99997
0.010667        0.99988        0.99990        1.00001        0.60148        0.97936       -0.00063        0.02589       -0.05433        1.00002        0.99997
0.010840        0.99987        0.99989        1.00001        0.60148        0.97936       -0.00064        0.02632       -0.05522        1.00002        0.99997
0.011016        0.99987        0.99988        1.00002        0.60148        0.97936       -0.00065        0.02674       -0.05612        1.00002        0.99997
0.011196        0.99986        0.99987        1.00002        0.60148        0.97936       -0.00066        0.02718       -0.05703        1.00002        0.99997
0.011378        0.99985        0.99987        1.00002        0.60148        0.97936       -0.00068        0.02762       -0.05796        1.00002        0.99996
0.011563        0.99984        0.99986        1.00002        0.60148        0.97936       -0.00069        0.02807       -0.05890        1.00002        0.99996
0.011751        0.99983        0.99985        1.00002        0.60148        0.97936       -0.00070        0.02853       -0.05986        1.00002        0.99996
0.011942        0.99982        0.99984        1.00002        0.60148        0.97936       -0.00071        0.02899       -0.06083        1.00002        0.99996
0.012136        0.99981        0.99983        1.00002        0.60148        0.97936       -0.00072        0.02946       -0.06182        1.00002        0.99996
0.012334        0.99981        0.99983        1.00002        0.60148        0.97936       -0.00073        0.02994       -0.06282        1.00003        0.99996
0.012534        0.99980        0.99982        1.00002        0.60148        0.97935       -0.00074        0.03043       -0.06385        1.00003        0.99996
0.012738        0.99979        0.99981        1.00002        0.60148        0.97935       -0.00076        0.03092       -0.06488        1.00003        0.99995
0.012945        0.99978        0.99980        1.00002        0.60148        0.97935       -0.00077        0.03143       -0.06594        1.00003        0.99995
0.013156        0.99977        0.99979        1.00002        0.60148        0.97935       -0.00078        0.03194       -0.06701        1.00003        0.99995
0.013370        0.99976        0.99978        1.00002        0.60148        0.97935       -0.00079        0.03246       -0.06810        1.00003        0.99995
0.013587        0.99975        0.99977        1.00002        0.60148        0.97935       -0.00081        0.03298       -0.06921        1.00003        0.99995
0.013808        0.99974        0.99976        1.00003        0.60148        0.97935       -0.00082        0.03352       -0.07033        1.00003        0.99995
0.014033        0.99973        0.99975        1.00003        0.60148        0.97935       -0.00083        0.03407       -0.07148        1.00003        0.99994
0.014261        0.99972        0.99974        1.00003        0.60148        0.97935       -0.00085        0.03462       -0.07264        1.00003        0.99994
0.014493        0.99971        0.99973        1.00003        0.60148        0.97935       -0.00086        0.03518       -0.07382        1.00004        0.99994
0.014729        0.99970        0.99972        1.00003        0.60148        0.97935       -0.00087        0.03576       -0.07502        1.00004        0.99994
0.014968        0.99968        0.99971        1.00003        0.60148        0.97935       -0.00089        0.03634       -0.07624        1.00004        0.99994
0.015212        0.99967        0.99970        1.00003        0.60148        0.97935       -0.00090        0.03693       -0.07748        1.00004        0.99994
0.015459        0.99966        0.99969        1.00003        0.60148        0.97935       -0.00092        0.03753       -0.07874        1.00004        0.99993
0.015711        0.99965        0.99968        1.00003        0.60148        0.97935       -0.00093        0.03814       -0.08002        1.00004        0.99993
0.015966        0.99964        0.99967        1.00003        0.60148        0.97935       -0.00095        0.03876       -0.08132        1.00004        0.99993
0.016226        0.99963        0.99966        1.00003        0.60148        0.97935       -0.00096        0.03939       -0.08265        1.00004        0.99993
0.016490        0.99962        0.99965        1.00004        0.60148        0.97935       -0.00098        0.04003       -0.08399        1.00004        0.99993
0.016758        0.99960        0.99964        1.00004        0.60148        0.97935       -0.00100        0.04068       -0.08536        1.00005        0.99992
0.017031        0.99959        0.99963        1.00004        0.60148        0.97935       -0.00101        0.04134       -0.08674        1.00005        0.99992
0.017308        0.99958        0.99962        1.00004        0.60148        0.97935       -0.00103        0.04202       -0.08816        1.00005        0.99992
0.017589        0.99956        0.99960        1.00004        0.60148        0.97935       -0.00104        0.04270       -0.08959        1.00005        0.99992
0.017875        0.99955        0.99959        1.00004        0.60148        0.97935       -0.00106        0.04339       -0.09105        1.00005        0.99992
0.018166        0.99954        0.99958        1.00004        0.60148        0.97935       -0.00108        0.04410       -0.09253        1.00005        0.99991
0.018461        0.99953        0.99957        1.00004        0.60148        0.97935       -0.00110        0.04482       -0.09403        1.00005        0.99991
0.018762        0.99951        0.99956        1.00004        0.60148        0.97935       -0.00111        0.04555       -0.09556        1.00005        0.99991
0.019067        0.99950        0.99954        1.00005        0.60149        0.97935       -0.00113        0.04629       -0.09711        1.00006        0.99991
0.019377        0.99948        0.99953        1.00005        0.60149        0.97935       -0.00115        0.04704       -0.09869        1.00006        0.99990
0.019692        0.99947        0.99952        1.00005        0.60149        0.97935       -0.00117        0.04780       -0.10030        1.00006        0.99990
0.020012        0.99945        0.99950        1.00005        0.60149        0.97935       -0.00119        0.04858       -0.10193        1.00006        0.99990
0.020338        0.99943        0.99948        1.00005        0.60149        0.97935       -0.00121        0.04937       -0.10359        1.00006        0.99990
0.020669        0.99941        0.99946        1.00005        0.60149        0.97935       -0.00123        0.05018       -0.10527        1.00007        0.99989
0.021005        0.99938        0.99944        1.00005        0.60149        0.97935       -0.00125        0.05099       -0.10698        1.00007        0.99989
0.021347        0.99936        0.99941        1.00006        0.60149        0.97935       -0.00127        0.05182       -0.10872        1.00007        0.99988
0.021694        0.99933        0.99939        1.00006        0.60149        0.97935       -0.00129        0.05266       -0.11049        1.00007        0.99988
0.022047        0.99930        0.99936        1.00006        0.60149        0.97935       -0.00131        0.05352       -0.11228        1.00008        0.99987
0.022405        0.99928        0.99934        1.00006        0.60149        0.97935       -0.00133        0.05439       -0.11411        1.00008        0.99987
0.022770        0.99925        0.99931        1.00007        0.60149        0.97935       -0.00135        0.05528       -0.11596        1.00008        0.99987
0.023140        0.99922        0.99929        1.00007        0.60149        0.97935       -0.00137        0.05618       -0.11785        1.00008        0.99986
0.023516        0.99919        0.99926        1.00007        0.60149        0.97935       -0.00140        0.05709       -0.11977        1.00009        0.99986
0.023899        0.99916        0.99923        1.00007        0.60149        0.97935       -0.00142        0.05802       -0.12171        1.00009        0.99985
0.024288        0.99913        0.99921        1.00007        0.60149        0.97935       -0.00144        0.05896       -0.12369        1.00009        0.99985
0.024683        0.99910        0.99918        1.00008        0.60150        0.97935       -0.00147        0.05992       -0.12570        1.00010        0.99984
0.025084        0.99907        0.99915        1.00008        0.60150        0.97935       -0.00149        0.06090       -0.12774        1.00010        0.99984
0.025492        0.99904        0.99912        1.00008        0.60150        0.97935       -0.00151        0.06189       -0.12982        1.00010        0.99983
0.025907        0.99901        0.99909        1.00008        0.60150        0.97935       -0.00154        0.06289       -0.13193        1.00011        0.99983
0.026328        0.99898        0.99906        1.00009        0.60150        0.97935       -0.00156        0.06392       -0.13408        1.00011        0.99982
0.026756        0.99895        0.99903        1.00009        0.60150        0.97934       -0.00159        0.06496       -0.13626        1.00011        0.99982
0.027192        0.99891        0.99900        1.00009        0.60150        0.97934       -0.00161        0.06601       -0.13847        1.00011        0.99981
0.027634        0.99888        0.99897        1.00009        0.60150        0.97934       -0.00164        0.06709       -0.14072        1.00012        0.99980
0.028083        0.99884        0.99894        1.00010        0.60150        0.97934       -0.00167        0.06818       -0.14301        1.00012        0.99980
0.028540        0.99881        0.99891        1.00010        0.60150        0.97934       -0.00169        0.06929       -0.14534        1.00013        0.99979
0.029004        0.99877        0.99888        1.00010        0.60150        0.97934       -0.00172        0.07041       -0.14770        1.00013        0.99979
0.029476        0.99874        0.99884        1.00011        0.60150        0.97934       -0.00175        0.07156       -0.15010        1.00013        0.99978
0.029955        0.99870        0.99881        1.00011        0.60150        0.97934       -0.00178        0.07272       -0.15254        1.00014        0.99978
0.030443        0.99865        0.99877        1.00011        0.60151        0.97934       -0.00181        0.07391       -0.15502        1.00014        0.99977
0.030938        0.99860        0.99872        1.00012        0.60151        0.97934       -0.00184        0.07511       -0.15754        1.00015        0.99976
0.031441        0.99855        0.99867        1.00012        0.60151        0.97934       -0.00187        0.07633       -0.16010        1.00015        0.99975
0.031952        0.99849        0.99862        1.00013        0.60151        0.97934       -0.00190        0.07757       -0.16270        1.00016        0.99974
0.032472        0.99844        0.99857        1.00013        0.60151        0.97934       -0.00193        0.07883       -0.16534        1.00016        0.99973
0.033000        0.99838        0.99852        1.00013        0.60151        0.97934       -0.00196        0.08012       -0.16803        1.00017        0.99972
0.033537        0.99833        0.99847        1.00014        0.60151        0.97934       -0.00199        0.08142       -0.17076        1.00017        0.99971
0.034083        0.99827        0.99841        1.00014        0.60152        0.97934       -0.00202        0.08274       -0.17353        1.00018        0.99970
0.034637        0.99821        0.99836        1.00015        0.60152        0.97934       -0.00206        0.08409       -0.17635        1.00019        0.99969
0.035200        0.99815        0.99830        1.00015        0.60152        0.97934       -0.00209        0.08546       -0.17922        1.00019        0.99968
0.035773        0.99809        0.99825        1.00016        0.60152        0.97933       -0.00212        0.08685       -0.18213        1.00020        0.99967
0.036355        0.99803        0.99819        1.00016        0.60152        0.97933       -0.00216        0.08826       -0.18509        1.00020        0.99966
0.036946        0.99797        0.99813        1.00017        0.60152        0.97933       -0.00219        0.08970       -0.18809        1.00021        0.99965
0.037547        0.99790        0.99807        1.00017        0.60152        0.97933       -0.00223        0.09116       -0.19115        1.00022        0.99964
0.038158        0.99784        0.99802        1.00018        0.60153        0.97933       -0.00227        0.09264       -0.19426        1.00022        0.99963
0.038778        0.99777        0.99795        1.00018        0.60153        0.97933       -0.00230        0.09415       -0.19741        1.00023        0.99962
0.039409        0.99770        0.99789        1.00019        0.60153        0.97933       -0.00234        0.09568       -0.20062        1.00024        0.99961
0.040050        0.99764        0.99783        1.00019        0.60153        0.97933       -0.00238        0.09723       -0.20388        1.00024        0.99960
0.040701        0.99755        0.99775        1.00020        0.60153        0.97933       -0.00242        0.09882       -0.20719        1.00025        0.99958
0.041363        0.99746        0.99767        1.00021        0.60154        0.97933       -0.00246        0.10042       -0.21055        1.00026        0.99957
0.042036        0.99737        0.99758        1.00022        0.60154        0.97933       -0.00250        0.10206       -0.21397        1.00027        0.99955
0.042720        0.99727        0.99750        1.00022        0.60154        0.97933       -0.00254        0.10372       -0.21745        1.00028        0.99954
0.043415        0.99718        0.99741        1.00023        0.60154        0.97932       -0.00258        0.10540       -0.22098        1.00029        0.99952
0.044121        0.99708        0.99732        1.00024        0.60154        0.97932       -0.00262        0.10712       -0.22456        1.00030        0.99951
0.044839        0.99699        0.99723        1.00025        0.60155        0.97932       -0.00266        0.10886       -0.22821        1.00031        0.99949
0.045568        0.99689        0.99714        1.00026        0.60155        0.97932       -0.00271        0.11063       -0.23192        1.00032        0.99947
0.046309        0.99679        0.99705        1.00026        0.60155        0.97932       -0.00275        0.11243       -0.23568        1.00033        0.99946
0.047062        0.99668        0.99695        1.00027        0.60155        0.97932       -0.00280        0.11426       -0.23951        1.00034        0.99944
0.047828        0.99658        0.99686        1.00028        0.60156        0.97932       -0.00284        0.11612       -0.24340        1.00035        0.99942
0.048606        0.99647        0.99676        1.00029        0.60156        0.97932       -0.00289        0.11801       -0.24735        1.00036        0.99941
0.049396        0.99637        0.99666        1.00030        0.60156        0.97931       -0.00293        0.11993       -0.25137        1.00037        0.99939
0.050200        0.99625        0.99656        1.00031        0.60156        0.97931       -0.00298        0.12188       -0.25545        1.00038        0.99937
0.051016        0.99612        0.99643        1.00032        0.60157        0.97931       -0.00303        0.12387       -0.25959        1.00039        0.99935
0.051846        0.99598        0.99631        1.00033        0.60157        0.97931       -0.00308        0.12588       -0.26380        1.00041        0.99932
0.052689        0.99584        0.99618        1.00034        0.60157        0.97931       -0.00313        0.12793       -0.26808        1.00042        0.99930
0.053546        0.99570        0.99605        1.00035        0.60158        0.97931       -0.00318        0.13001       -0.27243        1.00044        0.99928
0.054417        0.99555        0.99591        1.00036        0.60158        0.97930       -0.00323        0.13213       -0.27685        1.00045        0.99925
0.055302        0.99541        0.99578        1.00037        0.60158        0.97930       -0.00328        0.13428       -0.28134        1.00047        0.99923
0.056202        0.99526        0.99564        1.00039        0.60159        0.97930       -0.00334        0.13646       -0.28590        1.00048        0.99920
0.057116        0.99511        0.99550        1.00040        0.60159        0.97930       -0.00339        0.13868       -0.29054        1.00050        0.99918
0.058045        0.99495        0.99536        1.00041        0.60159        0.97930       -0.00345        0.14094       -0.29525        1.00051        0.99915
0.058989        0.99479        0.99522        1.00042        0.60160        0.97930       -0.00350        0.14323       -0.30004        1.00053        0.99913
0.059948        0.99464        0.99507        1.00044        0.60160        0.97929       -0.00356        0.14556       -0.30491        1.00054        0.99910
0.060923        0.99445        0.99490        1.00045        0.60160        0.97929       -0.00362        0.14793       -0.30985        1.00056        0.99907
0.061914        0.99425        0.99472        1.00047        0.60161        0.97929       -0.00368        0.15034       -0.31487        1.00058        0.99904
0.062921        0.99406        0.99454        1.00048        0.60161        0.97929       -0.00374        0.15279       -0.31997        1.00060        0.99901
0.063945        0.99386        0.99435        1.00050        0.60162        0.97928       -0.00380        0.15527       -0.32516        1.00062        0.99897
0.064985        0.99365        0.99417        1.00052        0.60162        0.97928       -0.00386        0.15780       -0.33043        1.00064        0.99894
0.066042        0.99345        0.99398        1.00053        0.60163        0.97928       -0.00392        0.16037       -0.33578        1.00066        0.99890
0.067116        0.99324        0.99378        1.00055        0.60163        0.97928       -0.00399        0.16298       -0.34122        1.00068        0.99887
0.068208        0.99302        0.99359        1.00057        0.60164        0.97927       -0.00405        0.16563       -0.34676        1.00070        0.99883
0.069317        0.99281        0.99339        1.00058        0.60164        0.97927       -0.00412        0.16833       -0.35238        1.00073        0.99880
0.070445        0.99257        0.99317        1.00060        0.60164        0.97927       -0.00418        0.17107       -0.35808        1.00075        0.99876
0.071590        0.99232        0.99294        1.00062        0.60165        0.97927       -0.00425        0.17385       -0.36388        1.00078        0.99872
0.072755        0.99205        0.99269        1.00065        0.60165        0.97926       -0.00432        0.17668       -0.36977        1.00080        0.99867
0.073938        0.99179        0.99245        1.00067        0.60166        0.97926       -0.00439        0.17956       -0.37575        1.00083        0.99863
0.075141        0.99152        0.99220        1.00069        0.60167        0.97926       -0.00446        0.18248       -0.38183        1.00086        0.99858
0.076363        0.99124        0.99195        1.00071        0.60167        0.97925       -0.00454        0.18545       -0.38801        1.00088        0.99854
0.077605        0.99096        0.99169        1.00073        0.60168        0.97925       -0.00461        0.18847       -0.39429        1.00091        0.99849
0.078867        0.99068        0.99143        1.00076        0.60168        0.97925       -0.00468        0.19154       -0.40067        1.00094        0.99844
0.080150        0.99039        0.99116        1.00078        0.60169        0.97924       -0.00476        0.19465       -0.40716        1.00097        0.99840
0.081454        0.99005        0.99085        1.00081        0.60169        0.97924       -0.00484        0.19782       -0.41374        1.00100        0.99834
0.082779        0.98972        0.99054        1.00083        0.60170        0.97923       -0.00492        0.20104       -0.42042        1.00104        0.99828
0.084125        0.98937        0.99023        1.00086        0.60171        0.97923       -0.00500        0.20432       -0.42722        1.00107        0.99823
0.085493        0.98902        0.98991        1.00089        0.60171        0.97923       -0.00508        0.20764       -0.43412        1.00111        0.99817
0.086884        0.98867        0.98958        1.00092        0.60172        0.97922       -0.00516        0.21102       -0.44114        1.00114        0.99811
0.088297        0.98831        0.98925        1.00095        0.60173        0.97922       -0.00525        0.21446       -0.44827        1.00118        0.99805
0.089733        0.98794        0.98891        1.00098        0.60173        0.97921       -0.00533        0.21795       -0.45552        1.00122        0.99799
0.091193        0.98754        0.98854        1.00101        0.60174        0.97921       -0.00542        0.22150       -0.46287        1.00126        0.99792
0.092676        0.98712        0.98815        1.00105        0.60175        0.97920       -0.00551        0.22511       -0.47033        1.00130        0.99785
0.094183        0.98669        0.98776        1.00108        0.60175        0.97920       -0.00559        0.22877       -0.47792        1.00134        0.99778
0.095715        0.98626        0.98736        1.00112        0.60176        0.97919       -0.00569        0.23250       -0.48563        1.00139        0.99771
0.097272        0.98582        0.98695        1.00115        0.60177        0.97919       -0.00578        0.23629       -0.49347        1.00143        0.99763
0.098854        0.98537        0.98654        1.00119        0.60178        0.97918       -0.00587        0.24013       -0.50144        1.00148        0.99756
0.100462        0.98490        0.98611        1.00123        0.60178        0.97918       -0.00597        0.24404       -0.50952        1.00153        0.99748
0.102096        0.98439        0.98564        1.00127        0.60179        0.97917       -0.00607        0.24802       -0.51773        1.00158        0.99739
0.103757        0.98387        0.98516        1.00131        0.60180        0.97916       -0.00616        0.25206       -0.52607        1.00163        0.99731
0.105444        0.98334        0.98467        1.00135        0.60181        0.97916       -0.00626        0.25617       -0.53454        1.00168        0.99722
0.107159        0.98280        0.98418        1.00140        0.60181        0.97915       -0.00637        0.26034       -0.54315        1.00174        0.99713
0.108902        0.98226        0.98368        1.00144        0.60182        0.97915       -0.00647        0.26458       -0.55190        1.00179        0.99704
0.110674        0.98169        0.98315        1.00149        0.60183        0.97914       -0.00658        0.26889       -0.56078        1.00185        0.99694
0.112474        0.98107        0.98259        1.00154        0.60184        0.97913       -0.00668        0.27327       -0.56979        1.00191        0.99684
0.114303        0.98045        0.98201        1.00159        0.60185        0.97912       -0.00679        0.27772       -0.57895        1.00198        0.99673
0.116162        0.97981        0.98143        1.00164        0.60185        0.97912       -0.00690        0.28225       -0.58826        1.00204        0.99663
0.118052        0.97917        0.98083        1.00170        0.60186        0.97911       -0.00701        0.28685       -0.59772        1.00211        0.99652
0.119972        0.97851        0.98023        1.00175        0.60187        0.97910       -0.00713        0.29152       -0.60733        1.00218        0.99641
0.121923        0.97780        0.97957        1.00181        0.60188        0.97909       -0.00724        0.29627       -0.61707        1.00225        0.99629
0.123906        0.97706        0.97889        1.00187        0.60188        0.97908       -0.00736        0.30110       -0.62696        1.00232        0.99616
0.125922        0.97632        0.97820        1.00193        0.60189        0.97907       -0.00748        0.30601       -0.63702        1.00240        0.99604
0.127970        0.97556        0.97751        1.00199        0.60190        0.97906       -0.00760        0.31099       -0.64724        1.00248        0.99591
0.130051        0.97479        0.97680        1.00206        0.60191        0.97905       -0.00773        0.31606       -0.65762        1.00256        0.99578
0.132166        0.97395        0.97602        1.00213        0.60191        0.97904       -0.00785        0.32121       -0.66814        1.00264        0.99564
0.134316        0.97310        0.97524        1.00220        0.60192        0.97903       -0.00798        0.32645       -0.67883        1.00273        0.99549
0.136501        0.97223        0.97444        1.00227        0.60192        0.97902       -0.00811        0.33177       -0.68970        1.00282        0.99535
0.138721        0.97135        0.97362        1.00234        0.60193        0.97901       -0.00824        0.33718       -0.70073        1.00291        0.99520
0.140977        0.97042        0.97277        1.00242        0.60193        0.97900       -0.00838        0.34268       -0.71194        1.00301        0.99504
0.143270        0.96945        0.97187        1.00250        0.60194        0.97899       -0.00851        0.34827       -0.72330        1.00311        0.99488
0.145601        0.96846        0.97096        1.00258        0.60194        0.97898       -0.00865        0.35395       -0.73484        1.00321        0.99471
0.147969        0.96745        0.97003        1.00267        0.60195        0.97897       -0.00879        0.35972       -0.74657        1.00331        0.99454
0.150376        0.96642        0.96908        1.00275        0.60195        0.97895       -0.00893        0.36558       -0.75849        1.00342        0.99436
0.152821        0.96531        0.96806        1.00285        0.60195        0.97894       -0.00908        0.37155       -0.77055        1.00354        0.99417
0.155307        0.96419        0.96702        1.00294        0.60195        0.97893       -0.00923        0.37761       -0.78282        1.00365        0.99398
0.157833        0.96305        0.96597        1.00304        0.60195        0.97891       -0.00938        0.38377       -0.79528        1.00377        0.99379
0.160400        0.96188        0.96489        1.00313        0.60195        0.97890       -0.00953        0.39003       -0.80794        1.00389        0.99359
0.163009        0.96063        0.96374        1.00324        0.60195        0.97888       -0.00968        0.39639       -0.82075        1.00402        0.99337
0.165661        0.95936        0.96257        1.00335        0.60194        0.97887       -0.00984        0.40286       -0.83377        1.00416        0.99316
0.168355        0.95806        0.96138        1.00346        0.60194        0.97885       -0.01000        0.40943       -0.84701        1.00429        0.99294
0.171093        0.95673        0.96014        1.00357        0.60193        0.97883       -0.01016        0.41611       -0.86043        1.00443        0.99271
0.173876        0.95532        0.95884        1.00369        0.60192        0.97882       -0.01033        0.42291       -0.87404        1.00458        0.99246
0.176704        0.95389        0.95752        1.00381        0.60191        0.97880       -0.01050        0.42981       -0.88787        1.00473        0.99222
0.179578        0.95244        0.95618        1.00393        0.60190        0.97878       -0.01067        0.43682       -0.90192        1.00488        0.99197
0.182499        0.95090        0.95476        1.00406        0.60189        0.97876       -0.01084        0.44395       -0.91614        1.00504        0.99170
0.185468        0.94932        0.95331        1.00420        0.60187        0.97874       -0.01102        0.45120       -0.93058        1.00521        0.99143
0.188484        0.94772        0.95183        1.00434        0.60185        0.97872       -0.01119        0.45857       -0.94525        1.00538        0.99115
0.191550        0.94605        0.95029        1.00448        0.60183        0.97870       -0.01138        0.46605       -0.96013        1.00556        0.99087
0.194666        0.94432        0.94869        1.00463        0.60180        0.97868       -0.01156        0.47366       -0.97520        1.00574        0.99057
0.197832        0.94255        0.94706        1.00478        0.60177        0.97866       -0.01175        0.48140       -0.99052        1.00593        0.99026
0.201050        0.94074        0.94538        1.00493        0.60174        0.97864       -0.01194        0.48926       -1.00607        1.00612        0.98994
0.204320        0.93884        0.94362        1.00510        0.60170        0.97861       -0.01213        0.49725       -1.02180        1.00633        0.98961
0.207643        0.93690        0.94184        1.00527        0.60166        0.97859       -0.01233        0.50537       -1.03779        1.00653        0.98927
0.211020        0.93492        0.94000        1.00544        0.60162        0.97856       -0.01253        0.51363       -1.05401        1.00675        0.98893
0.214453        0.93284        0.93808        1.00562        0.60156        0.97854       -0.01273        0.52202       -1.07043        1.00697        0.98856
0.217941        0.93072        0.93613        1.00581        0.60151        0.97851       -0.01293        0.53055       -1.08711        1.00720        0.98819
0.221486        0.92854        0.93411        1.00600        0.60145        0.97848       -0.01314        0.53921       -1.10403        1.00743        0.98781
0.225088        0.92627        0.93201        1.00620        0.60137        0.97845       -0.01336        0.54802       -1.12115        1.00768        0.98741
0.228749        0.92397        0.92988        1.00640        0.60130        0.97842       -0.01357        0.55698       -1.13855        1.00793        0.98700
0.232470        0.92157        0.92766        1.00661        0.60121        0.97839       -0.01379        0.56608       -1.15616        1.00819        0.98658
0.236251        0.91910        0.92538        1.00683        0.60112        0.97836       -0.01401        0.57533       -1.17401        1.00846        0.98614
0.240093        0.91659        0.92306        1.00705        0.60103        0.97833       -0.01424        0.58473       -1.19215        1.00874        0.98569
0.243999        0.91395        0.92062        1.00729        0.60091        0.97830       -0.01446        0.59428       -1.21046        1.00903        0.98522
0.247967        0.91127        0.91813        1.00753        0.60079        0.97826       -0.01470        0.60399       -1.22907        1.00932        0.98474
0.252000        0.90851        0.91557        1.00778        0.60065        0.97823       -0.01493        0.61386       -1.24792        1.00963        0.98425
0.256099        0.90565        0.91293        1.00804        0.60051        0.97819       -0.01517        0.62389       -1.26699        1.00995        0.98373
0.260265        0.90274        0.91023        1.00830        0.60035        0.97815       -0.01541        0.63409       -1.28637        1.01027        0.98321
0.264498        0.89970        0.90741        1.00858        0.60017        0.97811       -0.01566        0.64445       -1.30592        1.01061        0.98266
0.268800        0.89661        0.90455        1.00886        0.59999        0.97807       -0.01591        0.65498       -1.32579        1.01096        0.98210
0.273172        0.89340        0.90158        1.00915        0.59978        0.97803       -0.01616        0.66568       -1.34587        1.01132        0.98151
0.277615        0.89012        0.89853        1.00946        0.59956        0.97799       -0.01642        0.67655       -1.36622        1.01169        0.98091
0.282131        0.88674        0.89540        1.00977        0.59932        0.97795       -0.01667        0.68760       -1.38683        1.01208        0.98029
0.286720        0.88325        0.89217        1.01009        0.59905        0.97790       -0.01694        0.69883       -1.40768        1.01248        0.97965
0.291383        0.87969        0.88886        1.01043        0.59877        0.97785       -0.01720        0.71024       -1.42881        1.01288        0.97900
0.296123        0.87600        0.88544        1.01077        0.59845        0.97781       -0.01747        0.72184       -1.45014        1.01331        0.97831
0.300939        0.87224        0.88194        1.01113        0.59812        0.97776       -0.01775        0.73362       -1.47179        1.01374        0.97761
0.305834        0.86834        0.87832        1.01150        0.59775        0.97771       -0.01802        0.74559       -1.49363        1.01420        0.97688
0.310808        0.86436        0.87463        1.01188        0.59736        0.97765       -0.01830        0.75776       -1.51578        1.01466        0.97614
0.315864        0.86024        0.87080        1.01228        0.59692        0.97760       -0.01859        0.77011       -1.53811        1.01515        0.97536
0.321001        0.85604        0.86690        1.01268        0.59647        0.97754       -0.01887        0.78267       -1.56077        1.01564        0.97457
0.326222        0.85170        0.86286        1.01310        0.59595        0.97749       -0.01916        0.79542       -1.58359        1.01616        0.97374
0.331528        0.84727        0.85874        1.01354        0.59541        0.97743       -0.01946        0.80838       -1.60673        1.01668        0.97289
0.336921        0.84270        0.85449        1.01399        0.59482        0.97737       -0.01975        0.82154       -1.63006        1.01723        0.97202
0.342401        0.83802        0.85013        1.01445        0.59418        0.97731       -0.02005        0.83491       -1.65365        1.01780        0.97111
0.347970        0.83322        0.84566        1.01494        0.59349        0.97724       -0.02035        0.84849       -1.67748        1.01838        0.97018
0.353630        0.82828        0.84107        1.01543        0.59274        0.97718       -0.02065        0.86228       -1.70152        1.01898        0.96921
0.359381        0.82324        0.83637        1.01595        0.59195        0.97711       -0.02096        0.87629       -1.72584        1.01960        0.96823
0.365227        0.81804        0.83152        1.01648        0.59106        0.97704       -0.02127        0.89050       -1.75030        1.02024        0.96720
0.371167        0.81274        0.82657        1.01703        0.59013        0.97697       -0.02158        0.90494       -1.77507        1.02090        0.96614
0.377204        0.80728        0.82149        1.01760        0.58910        0.97690       -0.02189        0.91959       -1.79998        1.02159        0.96505
0.383340        0.80170        0.81628        1.01818        0.58800        0.97683       -0.02220        0.93446       -1.82511        1.02229        0.96392
0.389575        0.79599        0.81095        1.01879        0.58682        0.97675       -0.02252        0.94957       -1.85050        1.02301        0.96277
0.395911        0.79013        0.80547        1.01942        0.58552        0.97667       -0.02283        0.96488       -1.87598        1.02377        0.96157
0.402351        0.78414        0.79988        1.02006        0.58413        0.97660       -0.02314        0.98042       -1.90171        1.02454        0.96033
0.408895        0.77802        0.79415        1.02073        0.58264        0.97652       -0.02346        0.99619       -1.92762        1.02534        0.95906
0.415546        0.77174        0.78828        1.02143        0.58100        0.97644       -0.02377        1.01218       -1.95363        1.02616        0.95774
0.422304        0.76533        0.78228        1.02214        0.57926        0.97635       -0.02408        1.02839       -1.97987        1.02701        0.95639
0.429173        0.75879        0.77615        1.02288        0.57738        0.97627       -0.02439        1.04484       -2.00624        1.02788        0.95499
0.436154        0.75209        0.76987        1.02365        0.57532        0.97618       -0.02469        1.06149       -2.03268        1.02878        0.95355
0.443248        0.74525        0.76346        1.02444        0.57312        0.97610       -0.02499        1.07837       -2.05929        1.02971        0.95206
0.450457        0.73828        0.75692        1.02526        0.57077        0.97601       -0.02529        1.09548       -2.08605        1.03066        0.95054
0.457784        0.73116        0.75024        1.02610        0.56818        0.97592       -0.02558        1.11279       -2.11280        1.03164        0.94895
0.465230        0.72390        0.74342        1.02698        0.56539        0.97583       -0.02586        1.13031       -2.13964        1.03266        0.94732
0.472797        0.71650        0.73647        1.02788        0.56241        0.97575       -0.02614        1.14805       -2.16658        1.03370        0.94564
0.480487        0.70896        0.72939        1.02881        0.55920        0.97566       -0.02641        1.16601       -2.19359        1.03477        0.94392
0.488302        0.70129        0.72217        1.02978        0.55570        0.97557       -0.02666        1.18413       -2.22053        1.03587        0.94213
0.496244        0.69348        0.71483        1.03078        0.55192        0.97548       -0.02691        1.20245       -2.24747        1.03701        0.94029
0.504316        0.68555        0.70735        1.03181        0.54786        0.97540       -0.02714        1.22096       -2.27442        1.03817        0.93839
0.512519        0.67748        0.69976        1.03288        0.54349        0.97531       -0.02735        1.23964       -2.30134        1.03937        0.93644
0.520855        0.66929        0.69203        1.03398        0.53879        0.97523       -0.02755        1.25850       -2.32821        1.04059        0.93443
0.529327        0.66098        0.68420        1.03512        0.53370        0.97515       -0.02772        1.27749       -2.35494        1.04185        0.93235
0.537936        0.65256        0.67625        1.03630        0.52819        0.97508       -0.02787        1.29660       -2.38149        1.04314        0.93021
0.546686        0.64403        0.66819        1.03752        0.52226        0.97501       -0.02800        1.31583       -2.40791        1.04446        0.92800
0.555578        0.63539        0.66003        1.03878        0.51587        0.97495       -0.02809        1.33517       -2.43415        1.04582        0.92573
0.564614        0.62666        0.65177        1.04008        0.50900        0.97489       -0.02816        1.35458       -2.46018        1.04720        0.92339
0.573798        0.61783        0.64343        1.04142        0.50160        0.97484       -0.02819        1.37406       -2.48595        1.04861        0.92098
0.583131        0.60893        0.63500        1.04281        0.49364        0.97480       -0.02817        1.39356       -2.51144        1.05006        0.91850
0.592615        0.59996        0.62650        1.04425        0.48508        0.97477       -0.02812        1.41307       -2.53659        1.05153        0.91594
0.602254        0.59092        0.61794        1.04573        0.47586        0.97475       -0.02802        1.43254       -2.56137        1.05302        0.91331
0.612050        0.58183        0.60933        1.04726        0.46596        0.97475       -0.02786        1.45195       -2.58573        1.05455        0.91060
0.622005        0.57271        0.60068        1.04884        0.45531        0.97476       -0.02765        1.47125       -2.60962        1.05609        0.90781
0.632122        0.56356        0.59200        1.05047        0.44388        0.97479       -0.02737        1.49039       -2.63301        1.05766        0.90493
0.642403        0.55440        0.58331        1.05215        0.43162        0.97484       -0.02702        1.50934       -2.65584        1.05924        0.90197
0.652852        0.54524        0.57462        1.05389        0.41847        0.97491       -0.02659        1.52803       -2.67806        1.06084        0.89892
0.663471        0.53610        0.56595        1.05569        0.40440        0.97501       -0.02609        1.54641       -2.69963        1.06245        0.89579
0.674262        0.52699        0.55731        1.05753        0.38934        0.97514       -0.02549        1.56443       -2.72049        1.06406        0.89256
0.685229        0.51794        0.54873        1.05944        0.37326        0.97529       -0.02479        1.58201       -2.74059        1.06567        0.88924
0.696374        0.50896        0.54021        1.06141        0.35611        0.97549       -0.02400        1.59908       -2.75988        1.06729        0.88582
0.707701        0.50006        0.53178        1.06343        0.33784        0.97571       -0.02309        1.61557       -2.77831        1.06889        0.88231
0.719212        0.49127        0.52345        1.06552        0.31841        0.97598       -0.02206        1.63140       -2.79582        1.07047        0.87869
0.730910        0.48262        0.51527        1.06766        0.29774        0.97629       -0.02091        1.64642       -2.81227        1.07203        0.87498
0.742798        0.47414        0.50727        1.06987        0.27577        0.97666       -0.01961        1.66051       -2.82760        1.07354        0.87115
0.754880        0.46583        0.49944        1.07215        0.25253        0.97707       -0.01816        1.67365       -2.84183        1.07502        0.86722
0.767158        0.45771        0.49180        1.07448        0.22800        0.97753       -0.01657        1.68572       -2.85489        1.07644        0.86318
0.779636        0.44981        0.48439        1.07688        0.20216        0.97806       -0.01483        1.69664       -2.86674        1.07780        0.85902
0.792317        0.44219        0.47727        1.07934        0.17489        0.97864       -0.01290        1.70606       -2.87711        1.07906        0.85475
0.805204        0.43483        0.47043        1.08187        0.14627        0.97929       -0.01080        1.71401       -2.88609        1.08024        0.85036
0.818301        0.42776        0.46389        1.08445        0.11634        0.98000       -0.00853        1.72043       -2.89366        1.08130        0.84586
0.831610        0.42102        0.45770        1.08710        0.08504        0.98078       -0.00606        1.72503       -2.89962        1.08224        0.84123
0.845137        0.41465        0.45189        1.08981        0.05239        0.98163       -0.00340        1.72760       -2.90387        1.08303        0.83647
0.858883        0.40862        0.44646        1.09258        0.01851        0.98254       -0.00055        1.72823       -2.90651        1.08366        0.83159
0.872853        0.40302        0.44147        1.09541       -0.01665        0.98352        0.00251        1.72645       -2.90723        1.08409        0.82657
0.887050        0.39783        0.43693        1.09829       -0.05298        0.98456        0.00577        1.72227       -2.90608        1.08432        0.82142
0.901478        0.39306        0.43284        1.10122       -0.09040        0.98566        0.00923        1.71553       -2.90299        1.08432        0.81614
0.916140        0.38877        0.42928        1.10420       -0.12888        0.98682        0.01290        1.70586       -2.89770        1.08405        0.81072
0.931041        0.38493        0.42620        1.10722       -0.16826        0.98803        0.01677        1.69337       -2.89035        1.08351        0.80516
0.946185        0.38161        0.42369        1.11028       -0.20849        0.98929        0.02084        1.67750       -2.88055        1.08265        0.79946
0.961575        0.37876        0.42170        1.11337       -0.24943        0.99058        0.02509        1.65845       -2.86847        1.08145        0.79361
0.977215        0.37644        0.42030        1.11649       -0.29095        0.99191        0.02955        1.63571       -2.85377        1.07988        0.78762
0.993109        0.37463        0.41945        1.11963       -0.33292        0.99325        0.03418        1.60927       -2.83645        1.07790        0.78148
1.009262        0.37332        0.41915        1.12278       -0.37521        0.99461        0.03897        1.57900       -2.81641        1.07550        0.77519
1.025678        0.37254        0.41946        1.12593       -0.41761        0.99596        0.04394        1.54440       -2.79330        1.07260        0.76874
1.042361        0.37224        0.42029        1.12907       -0.46002        0.99731        0.04904        1.50567       -2.76726        1.06921        0.76214
1.059315        0.37242        0.42165        1.13220       -0.50225        0.99865        0.05428        1.46248       -2.73802        1.06529        0.75538
1.076545        0.37308        0.42355        1.13528       -0.54407        0.99996        0.05964        1.41446       -2.70531        1.06076        0.74846
1.094055        0.37415        0.42590        1.13833       -0.58535        1.00123        0.06510        1.36173       -2.66918        1.05563        0.74138
1.111850        0.37560        0.42868        1.14132       -0.62592        1.00247        0.07063        1.30409       -2.62947        1.04985        0.73414
1.129934        0.37740        0.43184        1.14423       -0.66558        1.00367        0.07622        1.24134       -2.58599        1.04338        0.72674
1.148312        0.37950        0.43530        1.14704       -0.70404        1.00481        0.08184        1.17318       -2.53850        1.03615        0.71917
1.166990        0.38180        0.43898        1.14975       -0.74121        1.00592        0.08747        1.09967       -2.48702        1.02816        0.71144
1.185971        0.38424        0.44278        1.15233       -0.77688        1.00697        0.09308        1.02068       -2.43147        1.01935        0.70354
1.205261        0.38674        0.44659        1.15475       -0.81088        1.00799        0.09865        0.93610       -2.37177        1.00970        0.69547
1.224865        0.38919        0.45029        1.15701       -0.84300        1.00896        0.10415        0.84585       -2.30787        0.99916        0.68724
1.244787        0.39147        0.45374        1.15906       -0.87304        1.00991        0.10954        0.74983       -2.23980        0.98769        0.67884
1.265034        0.39348        0.45679        1.16090       -0.90083        1.01084        0.11480        0.64801       -2.16761        0.97525        0.67027
1.285610        0.39508        0.45927        1.16249       -0.92613        1.01175        0.11988        0.54035       -2.09143        0.96182        0.66153
1.306520        0.39612        0.46101        1.16381       -0.94871        1.01266        0.12474        0.42687       -2.01144        0.94736        0.65263
1.327771        0.39647        0.46182        1.16483       -0.96832        1.01358        0.12933        0.30760       -1.92792        0.93184        0.64356
1.349367        0.39596        0.46151        1.16553       -0.98464        1.01452        0.13360        0.18263       -1.84123        0.91524        0.63432
1.371315        0.39443        0.45985        1.16587       -0.99720        1.01550        0.13745        0.05201       -1.75180        0.89754        0.62492
1.393619        0.39171        0.45667        1.16582       -1.00552        1.01652        0.14081       -0.08400       -1.66024        0.87872        0.61536
1.416287        0.38769        0.45179        1.16536       -1.00912        1.01758        0.14358       -0.22506       -1.56724        0.85881        0.60564
1.439323        0.38222        0.44508        1.16447       -1.00733        1.01868        0.14563       -0.37072       -1.47361        0.83786        0.59576
1.462733        0.37514        0.43632        1.16310       -0.99901        1.01982        0.14675       -0.52046       -1.38037        0.81587        0.58573
1.486525        0.36640        0.42549        1.16125       -0.98337        1.02096        0.14679       -0.67343       -1.28856        0.79296        0.57554
1.510703        0.35599        0.41256        1.15890       -0.95940        1.02205        0.14553       -0.82857       -1.19930        0.76928        0.56521
1.535275        0.34384        0.39749        1.15601       -0.92548        1.02304        0.14267       -0.98446       -1.11413        0.74499        0.55473
1.560246        0.33016        0.38054        1.15261       -0.88120        1.02381        0.13807       -1.13953       -1.03395        0.72035        0.54412
1.585624        0.31502        0.36186        1.14865       -0.82505        1.02421        0.13140       -1.29139       -0.96053        0.69570        0.53337
1.611414        0.29880        0.34189        1.14418       -0.75760        1.02408        0.12266       -1.43800       -0.89446        0.67142        0.52248
1.637624        0.28184        0.32107        1.13919       -0.67916        1.02319        0.11181       -1.57637       -0.83694        0.64798        0.51148
1.664260        0.26461        0.30000        1.13372       -0.59184        1.02137        0.09910       -1.70391       -0.78827        0.62586        0.50035
1.691330        0.24761        0.27925        1.12780       -0.49863        1.01844        0.08497       -1.81831       -0.74837        0.60551        0.48912
1.718839        0.23133        0.25943        1.12148       -0.40319        1.01430        0.06996       -1.91709       -0.71705        0.58742        0.47778
1.746796        0.21622        0.24105        1.11481       -0.30948        1.00894        0.05475       -1.99874       -0.69348        0.57194        0.46635
1.775208        0.20261        0.22446        1.10786       -0.22073        1.00246        0.03991       -2.06269       -0.67655        0.55928        0.45483
1.804082        0.19070        0.20991        1.10069       -0.13925        0.99502        0.02589       -2.10868       -0.66524        0.54958        0.44323
1.833425        0.18063        0.19749        1.09335       -0.06619        0.98681        0.01294       -2.13694       -0.65853        0.54293        0.43156
1.863246        0.17239        0.18720        1.08592       -0.00169        0.97804        0.00116       -2.14799       -0.65552        0.53934        0.41982
1.893552        0.16594        0.17896        1.07844        0.05481        0.96890       -0.00950       -2.14245       -0.65549        0.53880        0.40804
1.924351        0.16118        0.17263        1.07099        0.10425        0.95956       -0.01915       -2.12089       -0.65788        0.54132        0.39622
1.955651        0.15797        0.16802        1.06361        0.14770        0.95016       -0.02795       -2.08373       -0.66230        0.54693        0.38437
1.987460        0.15615        0.16495        1.05635        0.18612        0.94084       -0.03604       -2.03120       -0.66846        0.55569        0.37251
2.019786        0.15554        0.16320        1.04928        0.22026        0.93170       -0.04352       -1.96339       -0.67618        0.56771        0.36064
2.052638        0.15594        0.16255        1.04245        0.25053        0.92284       -0.05045       -1.87991       -0.68538        0.58317        0.34878
2.086024        0.15708        0.16272        1.03591        0.27716        0.91433       -0.05684       -1.78092       -0.69592        0.60217        0.33693
2.119953        0.15867        0.16338        1.02971        0.30005        0.90623       -0.06263       -1.66645       -0.70773        0.62482        0.32512
2.154435        0.16036        0.16419        1.02392        0.31862        0.89865       -0.06766       -1.53624       -0.72072        0.65131        0.31336
2.189477        0.16175        0.16476        1.01859        0.33238        0.89161       -0.07179       -1.39134       -0.73469        0.68153        0.30166
2.225089        0.16239        0.16463        1.01379        0.34037        0.88520       -0.07474       -1.23247       -0.74941        0.71547        0.29004
2.261280        0.16185        0.16339        1.00955        0.34199        0.87946       -0.07632       -1.06176       -0.76453        0.75275        0.27850
2.298060        0.15970        0.16065        1.00592        0.33656        0.87445       -0.07629       -0.88168       -0.77963        0.79293        0.26707
2.335438        0.15566        0.15612        1.00295        0.32394        0.87023       -0.07456       -0.69573       -0.79425        0.83530        0.25575
2.373424        0.14957        0.14967        1.00066        0.30454        0.86685       -0.07113       -0.50798       -0.80790        0.87894        0.24456
2.412028        0.14150        0.14136        0.99906        0.27930        0.86434       -0.06613       -0.32282       -0.82020        0.92285        0.23353
2.451260        0.13167        0.13143        0.99815        0.24972        0.86274       -0.05987       -0.14471       -0.83085        0.96593        0.22265
2.491130        0.12052        0.12027        0.99791        0.21765        0.86204       -0.05274        0.02236       -0.83972        1.00716        0.21195
2.531648        0.10856        0.10838        0.99831        0.18500        0.86222       -0.04519        0.17521       -0.84684        1.04564        0.20143
2.572826        0.09635        0.09628        0.99932        0.15350        0.86325       -0.03763        0.31170       -0.85239        1.08071        0.19112
2.614673        0.08438        0.08445        1.00088        0.12445        0.86504       -0.03040        0.43082       -0.85659        1.11198        0.18103
2.657201        0.07305        0.07326        1.00294        0.09866        0.86754       -0.02374        0.53256       -0.85973        1.13929        0.17116
2.700421        0.06262        0.06296        1.00545        0.07648        0.87065       -0.01776        0.61769       -0.86207        1.16269        0.16153
2.744343        0.05327        0.05372        1.00835        0.05794        0.87431       -0.01249        0.68728       -0.86382        1.18234        0.15216
2.788980        0.04504        0.04556        1.01160        0.04268        0.87844       -0.00787        0.74329       -0.86517        1.19860        0.14305
2.834343        0.03791        0.03849        1.01516        0.03035        0.88297       -0.00381        0.78723       -0.86625        1.21180        0.13421
2.880444        0.03181        0.03241        1.01898        0.02041        0.88786       -0.00017        0.82102       -0.86717        1.22236        0.12565
2.927295        0.02665        0.02726        1.02303        0.01241        0.89305        0.00319        0.84612       -0.86798        1.23059        0.11739
2.974908        0.02230        0.02291        1.02728        0.00588        0.89850        0.00640        0.86409       -0.86873        1.23689        0.10943
3.023295        0.01867        0.01926        1.03171        0.00045        0.90417        0.00960        0.87618       -0.86946        1.24154        0.10177
3.072469        0.01564        0.01620        1.03629       -0.00424        0.91004        0.01293        0.88347       -0.87017        1.24481        0.09442
3.122443        0.01312        0.01365        1.04101       -0.00844        0.91608        0.01649        0.88686       -0.87088        1.24694        0.08739
3.173230        0.01103        0.01153        1.04586       -0.01241        0.92225        0.02042        0.88711       -0.87160        1.24811        0.08068
3.224842        0.00929        0.00976        1.05082       -0.01632        0.92856        0.02483        0.88485       -0.87232        1.24850        0.07428
3.277295        0.00785        0.00829        1.05588       -0.02034        0.93496        0.02982        0.88056       -0.87305        1.24824        0.06821
3.330600        0.00665        0.00706        1.06104       -0.02459        0.94146        0.03551        0.87467       -0.87378        1.24743        0.06246
3.384773        0.00566        0.00603        1.06628       -0.02920        0.94803        0.04201        0.86749       -0.87453        1.24617        0.05703
3.439826        0.00483        0.00517        1.07161       -0.03425        0.95467        0.04942        0.85928       -0.87528        1.24453        0.05192
3.495776        0.00413        0.00445        1.07702       -0.03982        0.96135        0.05787        0.85386       -0.87604        1.24382        0.02058
3.552635        0.00355        0.00385        1.08253       -0.04596        0.96812        0.06744        0.84690       -0.87681        1.24254        0.00000
3.610419        0.00307        0.00334        1.08813       -0.05279        0.97493        0.07824        0.83668       -0.87760        1.24007        0.00000
3.669142        0.00266        0.00291        1.09379       -0.06034        0.98175        0.09039        0.82604       -0.87838        1.23738        0.00000
3.728821        0.00232        0.00255        1.09952       -0.06864        0.98857        0.10397        0.81506       -0.87918        1.23451        0.00000
3.789471        0.00203        0.00224        1.10532       -0.07770        0.99540        0.11905        0.80380       -0.87998        1.23148        0.00000
3.851107        0.00178        0.00198        1.11118       -0.08754        1.00222        0.13571        0.79232       -0.88079        1.22829        0.00000
3.913746        0.00157        0.00176        1.11710       -0.09815        1.00901        0.15401        0.78065       -0.88160        1.22496        0.00000
3.977403        0.00139        0.00156        1.12308       -0.10951        1.01578        0.17399        0.76882       -0.88241        1.22150        0.00000
4.042096        0.00124        0.00140        1.12912       -0.12162        1.02253        0.19571        0.75686       -0.88324        1.21790        0.00000
4.107841        0.00111        0.00126        1.13521       -0.13444        1.02923        0.21917        0.74479       -0.88406        1.21418        0.00000
4.174655        0.00099        0.00113        1.14136       -0.14793        1.03589        0.24440        0.73261       -0.88490        1.21034        0.00000
4.242556        0.00090        0.00103        1.14756       -0.16204        1.04251        0.27138        0.72034       -0.88573        1.20638        0.00000
4.311562        0.00081        0.00094        1.15381       -0.17672        1.04908        0.30010        0.70799       -0.88657        1.20230        0.00000
4.381690        0.00074        0.00085        1.16011       -0.19190        1.05559        0.33054        0.69556       -0.88742        1.19810        0.00000
4.452959        0.00067        0.00078        1.16646       -0.20750        1.06206        0.36265        0.68306       -0.88827        1.19377        0.00000
4.525386        0.00061        0.00072        1.17285       -0.22346        1.06846        0.39638        0.67050       -0.88912        1.18933        0.00000
4.598992        0.00056        0.00067        1.17929       -0.23970        1.07482        0.43168        0.65786       -0.88997        1.18475        0.00000
4.673795        0.00052        0.00062        1.18576       -0.25613        1.08111        0.46849        0.64516       -0.89083        1.18005        0.00000
4.749815        0.00048        0.00057        1.19227       -0.27268        1.08734        0.50673        0.63240       -0.89169        1.17523        0.00000
4.827071        0.00045        0.00054        1.19882       -0.28927        1.09351        0.54637        0.61959       -0.89255        1.17027        0.00000
4.905584        0.00041        0.00050        1.20539       -0.30584        1.09962        0.58736        0.60671       -0.89341        1.16517        0.00000
4.985373        0.00039        0.00047        1.21200       -0.32237        1.10564        0.62976        0.59378       -0.89427        1.15994        0.00000
5.066461        0.00036        0.00044        1.21863       -0.33893        1.11156        0.67377        0.58080       -0.89514        1.15458        0.00000
5.148867        0.00034        0.00041        1.22527       -0.35588        1.11729        0.72025        0.56777       -0.89600        1.14908        0.00000
5.232614        0.00031        0.00039        1.23192       -0.37564        1.12244        0.77431        0.55472       -0.89689        1.14345        0.00000
5.317723        0.00030        0.00037        1.23929       -0.38781        1.12943        0.81590        0.54045       -0.89780        1.13668        0.00000
5.404216        0.00029        0.00036        1.24660       -0.39573        1.13687        0.84966        0.52629       -0.89868        1.12997        0.00000
5.492116        0.00027        0.00034        1.25337       -0.40802        1.14273        0.89382        0.51303       -0.89952        1.12386        0.00000
5.581446        0.00026        0.00032        1.26013       -0.41947        1.14853        0.93814        0.49971       -0.90035        1.11759        0.00000
5.672229        0.00025        0.00031        1.26689       -0.42994        1.15430        0.98228        0.48635       -0.90118        1.11116        0.00000
5.764488        0.00023        0.00030        1.27363       -0.43931        1.16005        1.02604        0.47294       -0.90200        1.10457        0.00000
5.858248        0.00022        0.00029        1.28035       -0.44750        1.16577        1.06920        0.45948       -0.90281        1.09781        0.00000
5.953533        0.00022        0.00028        1.28705       -0.45443        1.17147        1.11157        0.44597       -0.90362        1.09089        0.00000
6.050368        0.00021        0.00027        1.29371       -0.46000        1.17716        1.15291        0.43243       -0.90441        1.08380        0.00000
6.148778        0.00020        0.00026        1.30033       -0.46416        1.18284        1.19299        0.41884       -0.90519        1.07653        0.00000
6.248788        0.00019        0.00025        1.30690       -0.46681        1.18853        1.23158        0.40522       -0.90595        1.06909        0.00000
6.350425        0.00019        0.00025        1.31342       -0.46789        1.19422        1.26840        0.39156       -0.90671        1.06147        0.00000
6.453715        0.00018        0.00024        1.31986       -0.46734        1.19994        1.30317        0.37787       -0.90744        1.05367        0.00000
6.558686        0.00018        0.00023        1.32624       -0.46509        1.20570        1.33560        0.36414       -0.90816        1.04569        0.00000
6.665363        0.00017        0.00023        1.33253       -0.46110        1.21150        1.36538        0.35038       -0.90885        1.03752        0.00000
6.773776        0.00017        0.00022        1.33873       -0.45530        1.21737        1.39214        0.33659       -0.90953        1.02916        0.00000
6.883952        0.00016        0.00022        1.34482       -0.44766        1.22333        1.41551        0.32277       -0.91018        1.02061        0.00000
6.995920        0.00016        0.00022        1.35080       -0.43813        1.22940        1.43507        0.30893       -0.91080        1.01187        0.00000
7.109709        0.00016        0.00021        1.35665       -0.42669        1.23561        1.45036        0.29505       -0.91140        1.00292        0.00000
7.225349        0.00016        0.00021        1.36237       -0.41329        1.24201        1.46087        0.28115       -0.91196        0.99376        0.00000
7.342870        0.00015        0.00021        1.36795       -0.39793        1.24863        1.46597        0.26721       -0.91249        0.98440        0.00000
7.462303        0.00015        0.00021        1.37336       -0.38056        1.25554        1.46496        0.25323       -0.91298        0.97481        0.00000
7.583678        0.00015        0.00021        1.37860       -0.36118        1.26281        1.45698        0.23922       -0.91343        0.96499        0.00000
7.707027        0.00015        0.00021        1.38365       -0.33974        1.27055        1.44095        0.22515       -0.91382        0.95494        0.00000
7.832383        0.00016        0.00022        1.38851       -0.31620        1.27888        1.41545        0.21102       -0.91416        0.94462        0.00000
7.959777        0.00016        0.00022        1.39315       -0.29044        1.28801        1.37846        0.19680       -0.91443        0.93403        0.00000
8.089243        0.00016        0.00023        1.39756       -0.26227        1.29826        1.32691        0.18246       -0.91462        0.92312        0.00000
8.220816        0.00017        0.00024        1.40173       -0.23121        1.31019        1.25540        0.16793       -0.91470        0.91183        0.00000
8.354528        0.00018        0.00026        1.40562       -0.19594        1.32506        1.15194        0.15310       -0.91462        0.90006        0.00000
