x               rho            P              T              ur             uphi           uz             Br             Bphi           Bz             m
0.010000        0.99958        0.99961        1.00003        1.63093        0.95175       -0.00162        0.05361       -0.08620        1.00003        0.99990
0.010163        0.99957        0.99960        1.00003        1.63095        0.95175       -0.00165        0.05448       -0.08761        1.00003        0.99990
0.010328        0.99955        0.99958        1.00003        1.63097        0.95174       -0.00168        0.05537       -0.08903        1.00004        0.99989
0.010496        0.99953        0.99956        1.00003        1.63099        0.95174       -0.00170        0.05627       -0.09048        1.00004        0.99989
0.010667        0.99951        0.99954        1.00003        1.63101        0.95174       -0.00173        0.05718       -0.09195        1.00004        0.99988
0.010840        0.99949        0.99952        1.00003        1.63103        0.95174       -0.00176        0.05812       -0.09345        1.00004        0.99988
0.011016        0.99947        0.99950        1.00003        1.63106        0.95174       -0.00179        0.05906       -0.09497        1.00004        0.99987
0.011196        0.99945        0.99948        1.00004        1.63108        0.95174       -0.00182        0.06002       -0.09651        1.00005        0.99986
0.011378        0.99942        0.99946        1.00004        1.63110        0.95174       -0.00185        0.06100       -0.09808        1.00005        0.99986
0.011563        0.99940        0.99944        1.00004        1.63113        0.95174       -0.00188        0.06199       -0.09967        1.00005        0.99985
0.011751        0.99938        0.99942        1.00004        1.63115        0.95173       -0.00191        0.06300       -0.10129        1.00005        0.99985
0.011942        0.99936        0.99940        1.00004        1.63117        0.95173       -0.00194        0.06403       -0.10294        1.00005        0.99984
0.012136        0.99933        0.99938        1.00004        1.63120        0.95173       -0.00197        0.06507       -0.10462        1.00005        0.99984
0.012334        0.99931        0.99936        1.00005        1.63122        0.95173       -0.00200        0.06613       -0.10632        1.00006        0.99983
0.012534        0.99929        0.99933        1.00005        1.63125        0.95173       -0.00204        0.06720       -0.10805        1.00006        0.99982
0.012738        0.99926        0.99931        1.00005        1.63128        0.95173       -0.00207        0.06830       -0.10980        1.00006        0.99982
0.012945        0.99924        0.99929        1.00005        1.63130        0.95173       -0.00210        0.06941       -0.11159        1.00006        0.99981
0.013156        0.99921        0.99926        1.00005        1.63133        0.95173       -0.00214        0.07054       -0.11340        1.00006        0.99981
0.013370        0.99919        0.99924        1.00005        1.63136        0.95172       -0.00217        0.07169       -0.11525        1.00007        0.99980
0.013587        0.99916        0.99922        1.00006        1.63138        0.95172       -0.00221        0.07285       -0.11712        1.00007        0.99979
0.013808        0.99913        0.99919        1.00006        1.63141        0.95172       -0.00224        0.07404       -0.11903        1.00007        0.99979
0.014033        0.99911        0.99917        1.00006        1.63144        0.95172       -0.00228        0.07524       -0.12096        1.00007        0.99978
0.014261        0.99908        0.99914        1.00006        1.63147        0.95172       -0.00232        0.07647       -0.12293        1.00008        0.99977
0.014493        0.99905        0.99912        1.00006        1.63150        0.95172       -0.00235        0.07771       -0.12493        1.00008        0.99977
0.014729        0.99902        0.99909        1.00006        1.63153        0.95171       -0.00239        0.07898       -0.12696        1.00008        0.99976
0.014968        0.99900        0.99906        1.00007        1.63156        0.95171       -0.00243        0.08026       -0.12902        1.00008        0.99975
0.015212        0.99897        0.99904        1.00007        1.63159        0.95171       -0.00247        0.08157       -0.13112        1.00009        0.99974
0.015459        0.99894        0.99901        1.00007        1.63162        0.95171       -0.00251        0.08290       -0.13325        1.00009        0.99974
0.015711        0.99891        0.99898        1.00007        1.63166        0.95171       -0.00255        0.08424       -0.13542        1.00009        0.99973
0.015966        0.99888        0.99895        1.00007        1.63169        0.95171       -0.00259        0.08562       -0.13762        1.00009        0.99972
0.016226        0.99885        0.99892        1.00008        1.63172        0.95170       -0.00264        0.08701       -0.13986        1.00010        0.99971
0.016490        0.99881        0.99889        1.00008        1.63175        0.95170       -0.00268        0.08842       -0.14214        1.00010        0.99971
0.016758        0.99878        0.99886        1.00008        1.63179        0.95170       -0.00272        0.08986       -0.14445        1.00010        0.99970
0.017031        0.99875        0.99883        1.00008        1.63182        0.95170       -0.00277        0.09133       -0.14680        1.00010        0.99969
0.017308        0.99872        0.99880        1.00009        1.63186        0.95170       -0.00281        0.09281       -0.14918        1.00011        0.99968
0.017589        0.99868        0.99877        1.00009        1.63190        0.95169       -0.00286        0.09432       -0.15161        1.00011        0.99967
0.017875        0.99865        0.99874        1.00009        1.63193        0.95169       -0.00290        0.09586       -0.15408        1.00011        0.99966
0.018166        0.99861        0.99871        1.00009        1.63197        0.95169       -0.00295        0.09742       -0.15658        1.00012        0.99965
0.018461        0.99858        0.99867        1.00009        1.63201        0.95169       -0.00300        0.09900       -0.15913        1.00012        0.99965
0.018762        0.99854        0.99864        1.00010        1.63205        0.95169       -0.00305        0.10061       -0.16172        1.00012        0.99964
0.019067        0.99851        0.99861        1.00010        1.63208        0.95168       -0.00310        0.10225       -0.16435        1.00012        0.99963
0.019377        0.99847        0.99857        1.00010        1.63212        0.95168       -0.00315        0.10391       -0.16702        1.00013        0.99962
0.019692        0.99843        0.99854        1.00010        1.63216        0.95168       -0.00320        0.10560       -0.16974        1.00013        0.99961
0.020012        0.99839        0.99850        1.00011        1.63220        0.95168       -0.00325        0.10732       -0.17250        1.00013        0.99960
0.020338        0.99834        0.99845        1.00011        1.63227        0.95167       -0.00330        0.10907       -0.17530        1.00014        0.99958
0.020669        0.99827        0.99839        1.00012        1.63234        0.95167       -0.00336        0.11085       -0.17815        1.00014        0.99957
0.021005        0.99820        0.99832        1.00012        1.63241        0.95167       -0.00341        0.11265       -0.18105        1.00015        0.99955
0.021347        0.99814        0.99826        1.00012        1.63248        0.95166       -0.00347        0.11449       -0.18399        1.00016        0.99953
0.021694        0.99807        0.99820        1.00013        1.63255        0.95166       -0.00353        0.11635       -0.18698        1.00016        0.99952
0.022047        0.99800        0.99813        1.00013        1.63263        0.95165       -0.00358        0.11825       -0.19002        1.00017        0.99950
0.022405        0.99793        0.99807        1.00014        1.63271        0.95165       -0.00364        0.12018       -0.19311        1.00017        0.99948
0.022770        0.99785        0.99800        1.00014        1.63278        0.95165       -0.00370        0.12213       -0.19625        1.00018        0.99946
0.023140        0.99778        0.99793        1.00015        1.63286        0.95164       -0.00376        0.12412       -0.19944        1.00019        0.99944
0.023516        0.99771        0.99786        1.00015        1.63294        0.95164       -0.00382        0.12615       -0.20268        1.00019        0.99942
0.023899        0.99763        0.99779        1.00016        1.63302        0.95163       -0.00389        0.12820       -0.20597        1.00020        0.99941
0.024288        0.99755        0.99772        1.00016        1.63311        0.95163       -0.00395        0.13029       -0.20932        1.00021        0.99939
0.024683        0.99747        0.99764        1.00017        1.63319        0.95162       -0.00401        0.13241       -0.21273        1.00021        0.99937
0.025084        0.99740        0.99757        1.00018        1.63328        0.95162       -0.00408        0.13457       -0.21618        1.00022        0.99935
0.025492        0.99731        0.99749        1.00018        1.63336        0.95161       -0.00415        0.13676       -0.21970        1.00023        0.99933
0.025907        0.99723        0.99742        1.00019        1.63345        0.95161       -0.00421        0.13899       -0.22327        1.00023        0.99930
0.026328        0.99715        0.99734        1.00019        1.63354        0.95160       -0.00428        0.14125       -0.22690        1.00024        0.99928
0.026756        0.99706        0.99726        1.00020        1.63363        0.95160       -0.00435        0.14355       -0.23059        1.00025        0.99926
0.027192        0.99698        0.99718        1.00020        1.63372        0.95159       -0.00442        0.14589       -0.23434        1.00025        0.99924
0.027634        0.99689        0.99710        1.00021        1.63382        0.95159       -0.00449        0.14827       -0.23815        1.00026        0.99922
0.028083        0.99680        0.99702        1.00022        1.63391        0.95158       -0.00457        0.15068       -0.24202        1.00027        0.99920
0.028540        0.99671        0.99693        1.00022        1.63401        0.95158       -0.00464        0.15313       -0.24595        1.00028        0.99917
0.029004        0.99662        0.99684        1.00023        1.63411        0.95157       -0.00472        0.15563       -0.24995        1.00028        0.99915
0.029476        0.99652        0.99676        1.00023        1.63421        0.95157       -0.00479        0.15816       -0.25402        1.00029        0.99913
0.029955        0.99643        0.99667        1.00024        1.63431        0.95156       -0.00487        0.16074       -0.25815        1.00030        0.99910
0.030443        0.99631        0.99655        1.00025        1.63444        0.95155       -0.00495        0.16336       -0.26234        1.00031        0.99907
0.030938        0.99617        0.99643        1.00026        1.63459        0.95155       -0.00503        0.16602       -0.26660        1.00032        0.99904
0.031441        0.99603        0.99630        1.00027        1.63474        0.95154       -0.00512        0.16873       -0.27094        1.00033        0.99900
0.031952        0.99589        0.99616        1.00028        1.63489        0.95153       -0.00520        0.17149       -0.27534        1.00035        0.99896
0.032472        0.99574        0.99603        1.00029        1.63505        0.95152       -0.00529        0.17428       -0.27981        1.00036        0.99893
0.033000        0.99560        0.99589        1.00030        1.63521        0.95151       -0.00537        0.17713       -0.28436        1.00037        0.99889
0.033537        0.99545        0.99575        1.00031        1.63537        0.95150       -0.00546        0.18002       -0.28898        1.00038        0.99885
0.034083        0.99530        0.99561        1.00032        1.63553        0.95150       -0.00555        0.18295       -0.29367        1.00040        0.99882
0.034637        0.99514        0.99547        1.00033        1.63569        0.95149       -0.00564        0.18594       -0.29844        1.00041        0.99878
0.035200        0.99499        0.99532        1.00034        1.63586        0.95148       -0.00573        0.18897       -0.30329        1.00042        0.99874
0.035773        0.99483        0.99517        1.00035        1.63603        0.95147       -0.00583        0.19205       -0.30822        1.00044        0.99870
0.036355        0.99467        0.99502        1.00036        1.63621        0.95146       -0.00592        0.19518       -0.31323        1.00045        0.99866
0.036946        0.99450        0.99487        1.00037        1.63638        0.95145       -0.00602        0.19837       -0.31832        1.00046        0.99861
0.037547        0.99433        0.99472        1.00038        1.63656        0.95144       -0.00612        0.20160       -0.32349        1.00048        0.99857
0.038158        0.99417        0.99456        1.00040        1.63674        0.95143       -0.00622        0.20489       -0.32875        1.00049        0.99853
0.038778        0.99399        0.99440        1.00041        1.63693        0.95142       -0.00632        0.20823       -0.33409        1.00051        0.99849
0.039409        0.99382        0.99423        1.00042        1.63712        0.95141       -0.00642        0.21163       -0.33952        1.00052        0.99844
0.040050        0.99364        0.99407        1.00043        1.63731        0.95140       -0.00653        0.21508       -0.34504        1.00054        0.99840
0.040701        0.99341        0.99386        1.00045        1.63755        0.95138       -0.00663        0.21859       -0.35064        1.00056        0.99834
0.041363        0.99318        0.99364        1.00046        1.63781        0.95137       -0.00674        0.22217       -0.35634        1.00058        0.99828
0.042036        0.99294        0.99341        1.00048        1.63806        0.95136       -0.00685        0.22580       -0.36212        1.00060        0.99822
0.042720        0.99269        0.99318        1.00050        1.63833        0.95134       -0.00697        0.22949       -0.36800        1.00062        0.99816
0.043415        0.99245        0.99295        1.00051        1.63859        0.95133       -0.00708        0.23324       -0.37398        1.00064        0.99809
0.044121        0.99219        0.99272        1.00053        1.63887        0.95131       -0.00720        0.23705       -0.38005        1.00066        0.99803
0.044839        0.99194        0.99248        1.00055        1.63914        0.95130       -0.00732        0.24093       -0.38622        1.00068        0.99797
0.045568        0.99168        0.99224        1.00056        1.63942        0.95128       -0.00744        0.24486       -0.39249        1.00071        0.99790
0.046309        0.99141        0.99199        1.00058        1.63971        0.95127       -0.00756        0.24886       -0.39886        1.00073        0.99783
0.047062        0.99115        0.99174        1.00060        1.63999        0.95125       -0.00768        0.25293       -0.40534        1.00075        0.99777
0.047828        0.99087        0.99149        1.00062        1.64029        0.95123       -0.00781        0.25706       -0.41192        1.00077        0.99770
0.048606        0.99060        0.99123        1.00064        1.64059        0.95122       -0.00794        0.26126       -0.41861        1.00080        0.99763
0.049396        0.99031        0.99097        1.00066        1.64089        0.95120       -0.00807        0.26553       -0.42541        1.00082        0.99756
0.050200        0.99002        0.99069        1.00068        1.64121        0.95118       -0.00820        0.26987       -0.43232        1.00085        0.99748
0.051016        0.98967        0.99036        1.00070        1.64159        0.95116       -0.00834        0.27429       -0.43933        1.00088        0.99739
0.051846        0.98930        0.99002        1.00073        1.64198        0.95114       -0.00847        0.27879       -0.44646        1.00091        0.99730
0.052689        0.98894        0.98968        1.00075        1.64238        0.95112       -0.00861        0.28336       -0.45370        1.00094        0.99721
0.053546        0.98856        0.98933        1.00078        1.64278        0.95110       -0.00876        0.28800       -0.46106        1.00097        0.99711
0.054417        0.98819        0.98898        1.00080        1.64319        0.95107       -0.00890        0.29272       -0.46854        1.00100        0.99702
0.055302        0.98780        0.98862        1.00083        1.64361        0.95105       -0.00905        0.29751       -0.47615        1.00104        0.99692
0.056202        0.98741        0.98825        1.00086        1.64403        0.95103       -0.00920        0.30238       -0.48387        1.00107        0.99682
0.057116        0.98701        0.98788        1.00088        1.64446        0.95100       -0.00935        0.30733       -0.49172        1.00110        0.99672
0.058045        0.98661        0.98750        1.00091        1.64490        0.95098       -0.00950        0.31237       -0.49970        1.00114        0.99662
0.058989        0.98620        0.98712        1.00094        1.64535        0.95095       -0.00966        0.31748       -0.50781        1.00117        0.99652
0.059948        0.98578        0.98673        1.00097        1.64580        0.95093       -0.00982        0.32268       -0.51605        1.00121        0.99641
0.060923        0.98529        0.98627        1.00100        1.64633        0.95090       -0.00998        0.32798       -0.52441        1.00125        0.99629
0.061914        0.98478        0.98580        1.00103        1.64688        0.95087       -0.01015        0.33337       -0.53291        1.00129        0.99616
0.062921        0.98426        0.98531        1.00107        1.64744        0.95084       -0.01032        0.33885       -0.54155        1.00134        0.99603
0.063945        0.98374        0.98482        1.00111        1.64802        0.95080       -0.01049        0.34441       -0.55033        1.00138        0.99590
0.064985        0.98320        0.98432        1.00114        1.64860        0.95077       -0.01067        0.35007       -0.55924        1.00143        0.99576
0.066042        0.98266        0.98382        1.00118        1.64919        0.95074       -0.01084        0.35582       -0.56831        1.00148        0.99562
0.067116        0.98211        0.98330        1.00122        1.64979        0.95071       -0.01102        0.36166       -0.57752        1.00152        0.99548
0.068208        0.98154        0.98278        1.00126        1.65040        0.95067       -0.01121        0.36760       -0.58688        1.00157        0.99534
0.069317        0.98097        0.98224        1.00129        1.65102        0.95064       -0.01139        0.37364       -0.59640        1.00162        0.99520
0.070445        0.98037        0.98168        1.00134        1.65168        0.95060       -0.01158        0.37978       -0.60606        1.00167        0.99505
0.071590        0.97969        0.98104        1.00138        1.65242        0.95056       -0.01178        0.38604       -0.61587        1.00173        0.99488
0.072755        0.97900        0.98040        1.00143        1.65317        0.95052       -0.01197        0.39241       -0.62584        1.00179        0.99470
0.073938        0.97830        0.97974        1.00148        1.65394        0.95047       -0.01217        0.39887       -0.63597        1.00185        0.99452
0.075141        0.97758        0.97908        1.00153        1.65472        0.95043       -0.01238        0.40545       -0.64626        1.00191        0.99435
0.076363        0.97686        0.97840        1.00158        1.65551        0.95038       -0.01258        0.41213       -0.65673        1.00198        0.99416
0.077605        0.97612        0.97771        1.00163        1.65631        0.95034       -0.01280        0.41892       -0.66736        1.00204        0.99398
0.078867        0.97537        0.97701        1.00168        1.65713        0.95029       -0.01301        0.42582       -0.67816        1.00210        0.99379
0.080150        0.97461        0.97630        1.00173        1.65797        0.95025       -0.01323        0.43283       -0.68914        1.00217        0.99360
0.081454        0.97373        0.97548        1.00179        1.65893        0.95019       -0.01345        0.44000       -0.70028        1.00224        0.99338
0.082779        0.97284        0.97465        1.00185        1.65991        0.95014       -0.01368        0.44728       -0.71160        1.00232        0.99315
0.084125        0.97194        0.97380        1.00191        1.66090        0.95008       -0.01391        0.45468       -0.72310        1.00240        0.99292
0.085493        0.97102        0.97294        1.00198        1.66191        0.95002       -0.01414        0.46220       -0.73479        1.00248        0.99269
0.086884        0.97009        0.97207        1.00204        1.66294        0.94996       -0.01438        0.46984       -0.74667        1.00256        0.99246
0.088297        0.96914        0.97118        1.00211        1.66398        0.94991       -0.01463        0.47761       -0.75874        1.00264        0.99222
0.089733        0.96817        0.97028        1.00217        1.66504        0.94985       -0.01487        0.48550       -0.77101        1.00273        0.99198
0.091193        0.96711        0.96928        1.00225        1.66622        0.94978       -0.01512        0.49356       -0.78346        1.00282        0.99171
0.092676        0.96600        0.96824        1.00232        1.66745        0.94971       -0.01538        0.50177       -0.79610        1.00292        0.99143
0.094183        0.96487        0.96718        1.00240        1.66870        0.94964       -0.01565        0.51010       -0.80895        1.00302        0.99115
0.095715        0.96372        0.96611        1.00248        1.66997        0.94956       -0.01591        0.51858       -0.82200        1.00312        0.99086
0.097272        0.96255        0.96501        1.00256        1.67126        0.94949       -0.01618        0.52719       -0.83527        1.00322        0.99056
0.098854        0.96136        0.96390        1.00264        1.67258        0.94941       -0.01646        0.53594       -0.84875        1.00332        0.99026
0.100462        0.96013        0.96275        1.00273        1.67394        0.94933       -0.01674        0.54485       -0.86245        1.00343        0.98995
0.102096        0.95877        0.96148        1.00282        1.67545        0.94925       -0.01703        0.55395       -0.87634        1.00355        0.98962
0.103757        0.95740        0.96019        1.00292        1.67699        0.94916       -0.01732        0.56319       -0.89045        1.00367        0.98927
0.105444        0.95600        0.95888        1.00301        1.67854        0.94907       -0.01762        0.57259       -0.90480        1.00379        0.98892
0.107159        0.95458        0.95755        1.00311        1.68013        0.94898       -0.01792        0.58215       -0.91937        1.00391        0.98856
0.108902        0.95313        0.95620        1.00321        1.68174        0.94888       -0.01823        0.59185       -0.93419        1.00404        0.98820
0.110674        0.95162        0.95478        1.00332        1.68343        0.94878       -0.01854        0.60174       -0.94923        1.00417        0.98782
0.112474        0.94999        0.95325        1.00343        1.68526        0.94868       -0.01887        0.61185       -0.96448        1.00432        0.98741
0.114303        0.94833        0.95169        1.00355        1.68712        0.94857       -0.01920        0.62211       -0.97998        1.00447        0.98700
0.116162        0.94664        0.95011        1.00366        1.68902        0.94846       -0.01953        0.63255       -0.99574        1.00461        0.98657
0.118052        0.94493        0.94850        1.00378        1.69094        0.94834       -0.01987        0.64315       -1.01175        1.00477        0.98614
0.119972        0.94319        0.94687        1.00390        1.69290        0.94823       -0.02022        0.65393       -1.02802        1.00492        0.98571
0.121923        0.94128        0.94508        1.00404        1.69507        0.94810       -0.02057        0.66496       -1.04450        1.00509        0.98523
0.123906        0.93932        0.94324        1.00417        1.69728        0.94797       -0.02093        0.67619       -1.06125        1.00526        0.98474
0.125922        0.93734        0.94138        1.00431        1.69953        0.94783       -0.02130        0.68759       -1.07827        1.00544        0.98425
0.127970        0.93532        0.93949        1.00445        1.70182        0.94770       -0.02168        0.69918       -1.09557        1.00562        0.98374
0.130051        0.93327        0.93756        1.00460        1.70414        0.94756       -0.02206        0.71096       -1.11314        1.00580        0.98323
0.132166        0.93103        0.93545        1.00475        1.70671        0.94740       -0.02245        0.72304       -1.13094        1.00600        0.98267
0.134316        0.92874        0.93330        1.00491        1.70932        0.94724       -0.02285        0.73532       -1.14903        1.00621        0.98210
0.136501        0.92642        0.93112        1.00508        1.71197        0.94708       -0.02326        0.74779       -1.16741        1.00642        0.98152
0.138721        0.92406        0.92890        1.00524        1.71467        0.94692       -0.02368        0.76047       -1.18609        1.00663        0.98093
0.140977        0.92159        0.92658        1.00542        1.71751        0.94675       -0.02410        0.77341       -1.20504        1.00685        0.98031
0.143270        0.91898        0.92412        1.00560        1.72053        0.94656       -0.02454        0.78663       -1.22425        1.00709        0.97966
0.145601        0.91632        0.92162        1.00579        1.72360        0.94637       -0.02498        0.80007       -1.24377        1.00733        0.97900
0.147969        0.91362        0.91908        1.00598        1.72672        0.94618       -0.02543        0.81372       -1.26361        1.00758        0.97833
0.150376        0.91085        0.91647        1.00617        1.72991        0.94598       -0.02589        0.82762       -1.28376        1.00783        0.97764
0.152821        0.90787        0.91367        1.00639        1.73339        0.94576       -0.02637        0.84187       -1.30416        1.00810        0.97690
0.155307        0.90484        0.91081        1.00660        1.73692        0.94554       -0.02685        0.85636       -1.32488        1.00838        0.97615
0.157833        0.90176        0.90791        1.00682        1.74051        0.94532       -0.02734        0.87108       -1.34595        1.00866        0.97538
0.160400        0.89861        0.90494        1.00704        1.74419        0.94509       -0.02784        0.88606       -1.36734        1.00895        0.97460
0.163009        0.89523        0.90175        1.00729        1.74818        0.94483       -0.02836        0.90143       -1.38899        1.00926        0.97376
0.165661        0.89180        0.89851        1.00753        1.75223        0.94457       -0.02889        0.91706       -1.41098        1.00958        0.97291
0.168355        0.88831        0.89522        1.00778        1.75634        0.94431       -0.02943        0.93294       -1.43333        1.00990        0.97204
0.171093        0.88468        0.89180        1.00804        1.76063        0.94403       -0.02998        0.94914       -1.45600        1.01024        0.97114
0.173876        0.88086        0.88819        1.00831        1.76518        0.94373       -0.03055        0.96574       -1.47896        1.01060        0.97020
0.176704        0.87698        0.88452        1.00859        1.76981        0.94343       -0.03113        0.98260       -1.50228        1.01096        0.96924
0.179578        0.87304        0.88079        1.00888        1.77451        0.94312       -0.03171        0.99974       -1.52599        1.01133        0.96826
0.182499        0.86885        0.87682        1.00918        1.77955        0.94278       -0.03232        1.01734       -1.54996        1.01173        0.96723
0.185468        0.86455        0.87275        1.00949        1.78473        0.94243       -0.03295        1.03526       -1.57429        1.01213        0.96616
0.188484        0.86018        0.86861        1.00981        1.78999        0.94208       -0.03358        1.05348       -1.59902        1.01255        0.96509
0.191550        0.85562        0.86430        1.01014        1.79551        0.94170       -0.03423        1.07211       -1.62406        1.01298        0.96396
0.194666        0.85087        0.85979        1.01049        1.80129        0.94131       -0.03490        1.09118       -1.64943        1.01344        0.96279
0.197832        0.84605        0.85521        1.01084        1.80717        0.94090       -0.03558        1.11055       -1.67520        1.01390        0.96160
0.201050        0.84107        0.85049        1.01120        1.81326        0.94048       -0.03628        1.13032       -1.70133        1.01438        0.96038
0.204320        0.83583        0.84552        1.01159        1.81970        0.94002       -0.03700        1.15061       -1.72775        1.01489        0.95909
0.207643        0.83051        0.84046        1.01198        1.82625        0.93955       -0.03774        1.17123       -1.75460        1.01541        0.95778
0.211020        0.82504        0.83526        1.01239        1.83301        0.93907       -0.03849        1.19227       -1.78182        1.01595        0.95644
0.214453        0.81929        0.82978        1.01281        1.84017        0.93854       -0.03928        1.21389       -1.80931        1.01651        0.95503
0.217941        0.81345        0.82422        1.01325        1.84744        0.93801       -0.04007        1.23585       -1.83725        1.01709        0.95360
0.221486        0.80741        0.81846        1.01370        1.85498        0.93745       -0.04089        1.25830       -1.86554        1.01769        0.95212
0.225088        0.80110        0.81245        1.01417        1.86290        0.93684       -0.04173        1.28133       -1.89413        1.01833        0.95058
0.228749        0.79470        0.80634        1.01465        1.87095        0.93623       -0.04259        1.30474       -1.92318        1.01897        0.94901
0.232470        0.78801        0.79996        1.01516        1.87939        0.93558       -0.04348        1.32876       -1.95252        1.01965        0.94738
0.236251        0.78112        0.79337        1.01568        1.88813        0.93489       -0.04439        1.35332       -1.98222        1.02035        0.94569
0.240093        0.77412        0.78667        1.01621        1.89701        0.93418       -0.04532        1.37828       -2.01240        1.02106        0.94399
0.243999        0.76672        0.77958        1.01678        1.90646        0.93341       -0.04629        1.40407       -2.04273        1.02183        0.94218
0.247967        0.75919        0.77237        1.01736        1.91606        0.93262       -0.04728        1.43027       -2.07355        1.02261        0.94035
0.252000        0.75141        0.76490        1.01796        1.92602        0.93178       -0.04830        1.45712       -2.10469        1.02343        0.93846
0.256099        0.74335        0.75716        1.01858        1.93637        0.93088       -0.04935        1.48465       -2.13613        1.02428        0.93650
0.260265        0.73515        0.74928        1.01922        1.94690        0.92997       -0.05041        1.51264       -2.16805        1.02515        0.93450
0.264498        0.72653        0.74097        1.01990        1.95799        0.92897       -0.05153        1.54158       -2.20007        1.02608        0.93241
0.268800        0.71776        0.73254        1.02059        1.96927        0.92794       -0.05267        1.57098       -2.23261        1.02702        0.93029
0.273172        0.70865        0.72374        1.02131        1.98099        0.92683       -0.05384        1.60124       -2.26532        1.02802        0.92808
0.277615        0.69930        0.71471        1.02205        1.99302        0.92568       -0.05505        1.63216       -2.29840        1.02905        0.92581
0.282131        0.68965        0.70539        1.02283        2.00538        0.92445       -0.05629        1.66385       -2.33177        1.03012        0.92348
0.286720        0.67969        0.69574        1.02363        2.01812        0.92315       -0.05757        1.69637       -2.36536        1.03124        0.92106
0.291383        0.66948        0.68585        1.02446        2.03112        0.92179       -0.05887        1.72959       -2.39932        1.03239        0.91859
0.296123        0.65888        0.67556        1.02533        2.04450        0.92032       -0.06023        1.76381       -2.43336        1.03361        0.91603
0.300939        0.64805        0.66504        1.02622        2.05812        0.91879       -0.06161        1.79870       -2.46781        1.03485        0.91341
0.305834        0.63680        0.65409        1.02716        2.07202        0.91713       -0.06303        1.83470       -2.50222        1.03617        0.91069
0.310808        0.62533        0.64291        1.02812        2.08614        0.91542       -0.06449        1.87139       -2.53707        1.03752        0.90791
0.315864        0.61341        0.63127        1.02913        2.10040        0.91354       -0.06599        1.90928       -2.57176        1.03896        0.90503
0.321001        0.60125        0.61939        1.03016        2.11482        0.91160       -0.06751        1.94790       -2.60685        1.04042        0.90208
0.326222        0.58866        0.60705        1.03125        2.12917        0.90949       -0.06907        1.98775       -2.64173        1.04198        0.89903
0.331528        0.57579        0.59442        1.03237        2.14356        0.90729       -0.07066        2.02845       -2.67689        1.04357        0.89591
0.336921        0.56250        0.58136        1.03355        2.15764        0.90490       -0.07228        2.07035       -2.71184        1.04525        0.89268
0.342401        0.54890        0.56797        1.03476        2.17144        0.90240       -0.07392        2.11323       -2.74687        1.04699        0.88936
0.347970        0.53493        0.55419        1.03603        2.18476        0.89973       -0.07557        2.15724       -2.78176        1.04880        0.88595
0.353630        0.52059        0.54002        1.03734        2.19716        0.89687       -0.07723        2.20241       -2.81638        1.05070        0.88243
0.359381        0.50594        0.52551        1.03870        2.20907        0.89389       -0.07890        2.24859       -2.85106        1.05265        0.87883
0.365227        0.49088        0.51056        1.04013        2.21889        0.89064       -0.08053        2.29609       -2.88499        1.05471        0.87511
0.371167        0.47553        0.49531        1.04160        2.22791        0.88728       -0.08216        2.34456       -2.91899        1.05683        0.87130
0.377204        0.45981        0.47964        1.04315        2.23414        0.88367       -0.08372        2.39429       -2.95218        1.05905        0.86736
0.383340        0.44380        0.46365        1.04475        2.23802        0.87987       -0.08521        2.44506       -2.98495        1.06135        0.86332
0.389575        0.42749        0.44733        1.04641        2.23971        0.87591       -0.08664        2.49687       -3.01738        1.06373        0.85918
0.395911        0.41092        0.43068        1.04815        2.23594        0.87171       -0.08788        2.54977       -3.04850        1.06621        0.85491
0.402351        0.39410        0.41377        1.04995        2.22905        0.86736       -0.08900        2.60356       -3.07921        1.06876        0.85053
0.408895        0.37706        0.39659        1.05182        2.21721        0.86284       -0.08994        2.65824       -3.10901        1.07140        0.84603
0.415546        0.35989        0.37923        1.05379        2.19799        0.85818       -0.09057        2.71358       -3.13739        1.07414        0.84139
0.422304        0.34258        0.36169        1.05582        2.17358        0.85344       -0.09098        2.76955       -3.16503        1.07694        0.83665
0.429173        0.32520        0.34403        1.05793        2.14195        0.84862       -0.09107        2.82599       -3.19146        1.07981        0.83177
0.436154        0.30791        0.32641        1.06014        2.10027        0.84383       -0.09068        2.88240       -3.21613        1.08275        0.82676
0.443248        0.29065        0.30878        1.06243        2.05137        0.83910       -0.08994        2.93889       -3.23973        1.08575        0.82162
0.450457        0.27346        0.29118        1.06481        1.99471        0.83445       -0.08881        2.99532       -3.26215        1.08879        0.81635
0.457784        0.25666        0.27392        1.06729        1.92645        0.83011       -0.08706        3.05069       -3.28250        1.09186        0.81093
0.465230        0.24017        0.25693        1.06987        1.85008        0.82607       -0.08485        3.10520       -3.30146        1.09494        0.80537
0.472797        0.22401        0.24025        1.07254        1.76626        0.82235       -0.08219        3.15871       -3.31911        1.09804        0.79968
0.480487        0.20827        0.22395        1.07531        1.67530        0.81903       -0.07910        3.21095       -3.33539        1.10113        0.79384
0.488302        0.19326        0.20836        1.07819        1.57706        0.81634       -0.07548        3.26078       -3.34982        1.10417        0.78785
0.496244        0.17888        0.19339        1.08118        1.47460        0.81422       -0.07151        3.30854       -3.36293        1.10717        0.78171
0.504316        0.16513        0.17903        1.08427        1.36939        0.81264       -0.06725        3.35416       -3.37485        1.11012        0.77542
0.512519        0.15206        0.16535        1.08747        1.26276        0.81165       -0.06276        3.39744       -3.38563        1.11300        0.76898
0.520855        0.13971        0.15239        1.09077        1.15620        0.81125       -0.05810        3.43819       -3.39534        1.11581        0.76239
0.529327        0.12823        0.14030        1.09419        1.05174        0.81150       -0.05336        3.47592       -3.40396        1.11851        0.75564
0.537936        0.11758        0.12907        1.09773        0.95099        0.81235       -0.04862        3.51064       -3.41167        1.12111        0.74873
0.546686        0.10768        0.11859        1.10137        0.85448        0.81372       -0.04393        3.54270       -3.41868        1.12362        0.74165
0.555578        0.09851        0.10886        1.10513        0.76299        0.81557       -0.03935        3.57210       -3.42506        1.12602        0.73442
0.564614        0.09006        0.09987        1.10900        0.67707        0.81787       -0.03490        3.59889       -3.43091        1.12832        0.72702
0.573798        0.08230        0.09159        1.11299        0.59709        0.82059       -0.03063        3.62315       -3.43630        1.13052        0.71946
0.583131        0.07520        0.08400        1.11709        0.52319        0.82367       -0.02654        3.64496       -3.44132        1.13262        0.71174
0.592615        0.06872        0.07705        1.12131        0.45535        0.82710       -0.02264        3.66445       -3.44604        1.13463        0.70384
0.602254        0.06282        0.07071        1.12566        0.39340        0.83084       -0.01894        3.68175       -3.45050        1.13654        0.69578
0.612050        0.05747        0.06494        1.13012        0.33706        0.83486       -0.01544        3.69700       -3.45478        1.13836        0.68756
0.622005        0.05262        0.05970        1.13470        0.28598        0.83913       -0.01212        3.71034       -3.45891        1.14009        0.67916
0.632122        0.04822        0.05495        1.13941        0.23978        0.84364       -0.00897        3.72191       -3.46294        1.14175        0.67060
0.642403        0.04426        0.05064        1.14424        0.19805        0.84836       -0.00598        3.73184       -3.46689        1.14333        0.66187
0.652852        0.04067        0.04674        1.14920        0.16037        0.85329       -0.00314        3.74026       -3.47079        1.14484        0.65297
0.663471        0.03744        0.04322        1.15430        0.12635        0.85842       -0.00042        3.74729       -3.47468        1.14629        0.64391
0.674262        0.03453        0.04004        1.15952        0.09562        0.86373        0.00219        3.75304       -3.47856        1.14768        0.63468
0.685229        0.03192        0.03718        1.16488        0.06781        0.86922        0.00470        3.75760       -3.48245        1.14901        0.62529
0.696374        0.02956        0.03460        1.17038        0.04260        0.87490        0.00712        3.76108       -3.48636        1.15028        0.61574
0.707701        0.02745        0.03228        1.17601        0.01972        0.88075        0.00946        3.76355       -3.49031        1.15151        0.60602
0.719212        0.02556        0.03020        1.18179       -0.00112        0.88678        0.01174        3.76509       -3.49431        1.15270        0.59615
0.730910        0.02387        0.02836        1.18772       -0.02001        0.89300        0.01394        3.76572       -3.49836        1.15383        0.58612
0.742798        0.02239        0.02673        1.19380       -0.03717        0.89942        0.01607        3.76550       -3.50246        1.15493        0.57594
0.754880        0.02107        0.02528        1.20003       -0.05290        0.90602        0.01814        3.76453       -3.50663        1.15598        0.56562
0.767158        0.01990        0.02401        1.20642       -0.06735        0.91283        0.02014        3.76287       -3.51087        1.15700        0.55514
0.779636        0.01887        0.02289        1.21297       -0.08063        0.91985        0.02206        3.76053       -3.51518        1.15798        0.54453
0.792317        0.01800        0.02195        1.21969       -0.09267        0.92710        0.02389        3.75749       -3.51956        1.15892        0.53379
0.805204        0.01724        0.02115        1.22658       -0.10370        0.93458        0.02562        3.75382       -3.52402        1.15983        0.52291
0.818301        0.01661        0.02049        1.23364       -0.11382        0.94230        0.02724        3.74955       -3.52856        1.16070        0.51191
0.831610        0.01609        0.01997        1.24088       -0.12299        0.95029        0.02873        3.74467       -3.53318        1.16153        0.50079
0.845137        0.01570        0.01960        1.24831       -0.13124        0.95856        0.03005        3.73915       -3.53789        1.16232        0.48956
0.858883        0.01541        0.01935        1.25592       -0.13872        0.96711        0.03123        3.73305       -3.54267        1.16307        0.47822
0.872853        0.01525        0.01927        1.26373       -0.14535        0.97597        0.03221        3.72628       -3.54754        1.16378        0.46680
0.887050        0.01520        0.01933        1.27174       -0.15126        0.98516        0.03300        3.71884       -3.55250        1.16443        0.45528
0.901478        0.01528        0.01956        1.27995       -0.15655        0.99468        0.03359        3.71070       -3.55753        1.16503        0.44368
0.916140        0.01551        0.01998        1.28838       -0.16128        1.00456        0.03397        3.70174       -3.56265        1.16556        0.43201
0.931041        0.01588        0.02060        1.29701       -0.16568        1.01478        0.03416        3.69195       -3.56785        1.16602        0.42028
0.946185        0.01644        0.02147        1.30588       -0.16991        1.02539        0.03418        3.68111       -3.57313        1.16639        0.40851
0.961575        0.01720        0.02262        1.31496       -0.17433        1.03637        0.03406        3.66918       -3.57848        1.16665        0.39668
0.977215        0.01822        0.02412        1.32428       -0.17933        1.04773        0.03386        3.65585       -3.58389        1.16678        0.38484
0.993109        0.01953        0.02605        1.33383       -0.18546        1.05947        0.03366        3.64089       -3.58935        1.16674        0.37297
1.009262        0.02120        0.02849        1.34361       -0.19337        1.07158        0.03355        3.62399       -3.59486        1.16650        0.36110
1.025678        0.02337        0.03164        1.35363       -0.20424        1.08405        0.03369        3.60444       -3.60037        1.16598        0.34924
1.042361        0.02612        0.03563        1.36389       -0.21901        1.09687        0.03422        3.58179       -3.60586        1.16512        0.33740
1.059315        0.02965        0.04075        1.37439       -0.23944        1.11000        0.03540        3.55504       -3.61127        1.16381        0.32558
1.076545        0.03426        0.04746        1.38511       -0.26825        1.12341        0.03757        3.52256       -3.61648        1.16185        0.31383
1.094055        0.04025        0.05620        1.39605       -0.30805        1.13702        0.04111        3.48280       -3.62136        1.15905        0.30212
1.111850        0.04811        0.06770        1.40717       -0.36296        1.15075        0.04655        3.43315       -3.62566        1.15510        0.29049
1.129934        0.05852        0.08301        1.41845       -0.43881        1.16444        0.05466        3.36979       -3.62894        1.14952        0.27894
1.148312        0.07267        0.10391        1.42982       -0.54490        1.17780        0.06667        3.28618       -3.63032        1.14150        0.26751
1.166990        0.09179        0.13230        1.44119       -0.69018        1.19039        0.08380        3.17497       -3.62845        1.13011        0.25619
1.185971        0.11770        0.17097        1.45245       -0.88602        1.20150        0.10763        3.02480       -3.62082        1.11389        0.24500
1.205261        0.15257        0.22330        1.46338       -1.14184        1.21004        0.13960        2.82030       -3.60305        1.09082        0.23396
1.224865        0.19849        0.29255        1.47371       -1.45739        1.21463        0.18003        2.54239       -3.56788        1.05834        0.22308
1.244787        0.25626        0.38008        1.48306       -1.81172        1.21415        0.22670        2.17093       -3.50467        1.01361        0.21237
1.265034        0.32344        0.48226        1.49093       -2.15830        1.20884        0.27395        1.69053       -3.40086        0.95426        0.20184
1.285610        0.39263        0.58769        1.49676       -2.43893        1.20111        0.31428        1.09716       -3.24672        0.87927        0.19153
1.306520        0.45146        0.67718        1.49997       -2.60804        1.19488        0.34135        0.40103       -3.04188        0.78942        0.18142
1.327771        0.48513        0.72773        1.50007       -2.63925        1.19379        0.35095       -0.37469       -2.79981        0.68726        0.17154
1.349367        0.48076        0.71954        1.49667       -2.50978        1.19959        0.33916       -1.19409       -2.54796        0.57718        0.16190
1.371315        0.43239        0.64408        1.48956       -2.18942        1.21072        0.30075       -2.00177       -2.32420        0.46644        0.15252
1.393619        0.35059        0.51855        1.47895       -1.69664        1.22058        0.23702       -2.72288       -2.16083        0.36545        0.14340
1.416287        0.25920        0.37990        1.46545       -1.15015        1.22152        0.16368       -3.29435       -2.06380        0.28351        0.13455
1.439323        0.17975        0.26063        1.44982       -0.69434        1.21160        0.10112       -3.69757       -2.01531        0.22400        0.12598
1.462733        0.12194        0.17475        1.43277       -0.39276        1.19412        0.05919       -3.95455       -1.99303        0.18451        0.11771
1.486525        0.08295        0.11739        1.41491       -0.21194        1.17316        0.03408       -4.11486       -1.98112        0.15851        0.10974
1.510703        0.05745        0.08024        1.39660       -0.10631        1.15076        0.01978       -4.21472       -1.97311        0.14107        0.10206
1.535275        0.04125        0.05686        1.37807       -0.04453        1.12783        0.01202       -4.27624       -1.96655        0.12912        0.09471
1.560246        0.03057        0.04156        1.35946       -0.00438        1.10475        0.00766       -4.31621       -1.96045        0.12028        0.08765
1.585624        0.02369        0.03176        1.34086        0.02339        1.08176        0.00531       -4.34195       -1.95451        0.11351        0.08094
1.611414        0.01907        0.02522        1.32231        0.04471        1.05893        0.00398       -4.35943       -1.94859        0.10794        0.07453
1.637624        0.01606        0.02094        1.30387        0.06139        1.03640        0.00324       -4.37125       -1.94266        0.10318        0.06844
1.664260        0.01412        0.01815        1.28554        0.07412        1.01424        0.00278       -4.37933       -1.93670        0.09896        0.06268
1.691330        0.01297        0.01644        1.26734        0.08281        0.99249        0.00244       -4.38472       -1.93069        0.09512        0.05724
1.718839        0.01247        0.01558        1.24929        0.08708        0.97123        0.00214       -4.38794       -1.92465        0.09158        0.05211
1.746796        0.01255        0.01545        1.23140        0.08691        0.95048        0.00182       -4.38926       -1.91856        0.08832        0.04730
1.775208        0.01321        0.01603        1.21367        0.08275        0.93022        0.00147       -4.38868       -1.91243        0.08533        0.04280
1.804082        0.01454        0.01739        1.19611        0.07540        0.91043        0.00107       -4.38592       -1.90628        0.08269        0.03860
1.833425        0.01675        0.01975        1.17873        0.06601        0.89108        0.00064       -4.38038       -1.90009        0.08051        0.03469
1.863246        0.02018        0.02344        1.16155        0.05586        0.87212        0.00017       -4.37100       -1.89389        0.07901        0.03107
1.893552        0.02542        0.02909        1.14458        0.04621        0.85354       -0.00034       -4.35603       -1.88768        0.07855        0.02773
1.924351        0.03342        0.03769        1.12785        0.03809        0.83530       -0.00093       -4.33251       -1.88148        0.07973        0.02465
1.955651        0.04582        0.05092        1.11139        0.03231        0.81744       -0.00165       -4.29550       -1.87532        0.08357        0.02183
1.987460        0.06530        0.07152        1.09526        0.02950        0.79999       -0.00258       -4.23667       -1.86925        0.09181        0.01926
2.019786        0.09626        0.10392        1.07956        0.03014        0.78306       -0.00387       -4.14191       -1.86336        0.10745        0.01692
2.052638        0.14614        0.15555        1.06447        0.03485        0.76685       -0.00569       -3.98542       -1.85786        0.13603        0.01480
2.086024        0.22449        0.23574        1.05024        0.04393        0.75162       -0.00821       -3.72780       -1.85312        0.18619        0.01289
2.119953        0.34049        0.35319        1.03730        0.05699        0.73783       -0.01145       -3.31019       -1.84984        0.27109        0.01117
2.154435        0.49258        0.50554        1.02639        0.07140        0.72626       -0.01495       -2.65091       -1.84920        0.40954        0.00964
2.189477        0.64313        0.65491        1.01833        0.08067        0.71773       -0.01733       -1.71034       -1.85215        0.61197        0.00828
2.225089        0.71466        0.72482        1.01421        0.07678        0.71335       -0.01678       -0.53746       -1.85840        0.86994        0.00708
2.261280        0.65554        0.66502        1.01446        0.05940        0.71357       -0.01310        0.66784       -1.86559        1.14031        0.00602
2.298060        0.49902        0.50849        1.01900        0.03721        0.71831       -0.00811        1.67794       -1.87179        1.37158        0.00509
2.335438        0.33070        0.33961        1.02702        0.01912        0.72674       -0.00380        2.38717       -1.87701        1.53769        0.00428
2.373424        0.20128        0.20883        1.03756        0.00707        0.73787       -0.00059        2.82672       -1.88204        1.64356        0.00358
2.412028        0.11763        0.12350        1.04989       -0.00116        0.75091        0.00213        3.07723       -1.88730        1.70628        0.00297
2.451260        0.06807        0.07239        1.06350       -0.00862        0.76530        0.00532        3.21231       -1.89290        1.74215        0.00246
2.491130        0.03976        0.04286        1.07810       -0.01808        0.78067        0.00998        3.28164       -1.89878        1.76248        0.00202
2.531648        0.02371        0.02593        1.09353       -0.03217        0.79676        0.01733        3.31454       -1.90492        1.77404        0.00165
2.572826        0.01455        0.01614        1.10971       -0.05374        0.81335        0.02881        3.31572       -1.91128        1.77771        0.00000
2.614673        0.00923        0.01040        1.12654       -0.08568        0.83020        0.04602        3.31733       -1.91782        1.78156        0.00000
2.657201        0.00607        0.00695        1.14410       -0.13150        0.84717        0.07082        3.31255       -1.92457        1.78379        0.00000
2.700421        0.00414        0.00482        1.16237       -0.19418        0.86412        0.10491        3.30400       -1.93152        1.78504        0.00000
2.744343        0.00294        0.00348        1.18140       -0.27631        0.88091        0.14983        3.29313       -1.93868        1.78567        0.00000
2.788980        0.00216        0.00260        1.20122       -0.37901        0.89751        0.20632        3.28079       -1.94606        1.78589        0.00000
2.834343        0.00164        0.00201        1.22186       -0.50313        0.91391        0.27499        3.26742       -1.95367        1.78581        0.00000
2.880444        0.00129        0.00160        1.24338       -0.64812        0.93016        0.35571        3.25330       -1.96150        1.78550        0.00000
2.927295        0.00104        0.00131        1.26583       -0.81152        0.94648        0.44728        3.23858       -1.96956        1.78499        0.00000
2.974908        0.00093        0.00120        1.28755       -0.91456        0.96565        0.50610        3.22981       -1.97707        1.78716        0.00000
3.023295        0.00075        0.00099        1.31130       -1.14036        0.97964        0.63365        3.21724       -1.98537        1.78768        0.00000
3.072469        0.00063        0.00084        1.33713       -1.38208        0.99509        0.77139        3.20119       -1.99422        1.78670        0.00000
3.122443        0.00054        0.00073        1.36416       -1.63256        1.01145        0.91532        3.18472       -2.00331        1.78555        0.00000
3.173230        0.00047        0.00065        1.39248       -1.89898        1.02837        1.06958        3.16784       -2.01267        1.78423        0.00000
3.224842        0.00041        0.00058        1.42217       -2.18327        1.04582        1.23541        3.15057       -2.02232        1.78275        0.00000
3.277295        0.00036        0.00053        1.45333       -2.48644        1.06385        1.41357        3.13291       -2.03224        1.78109        0.00000
3.330600        0.00032        0.00048        1.48604       -2.80939        1.08252        1.60476        3.11484       -2.04247        1.77924        0.00000
3.384773        0.00029        0.00044        1.52043       -3.15319        1.10190        1.80982        3.09638       -2.05301        1.77721        0.00000
3.439826        0.00027        0.00041        1.55660       -3.51871        1.12205        2.02945        3.07749       -2.06387        1.77498        0.00000
3.495776        0.00024        0.00039        1.59470       -3.90744        1.14306        2.26477        3.05819       -2.07506        1.77253        0.00000
3.552635        0.00022        0.00036        1.63485       -4.32057        1.16500        2.51670        3.03845       -2.08660        1.76987        0.00000
3.610419        0.00020        0.00034        1.67723       -4.75979        1.18797        2.78651        3.01827       -2.09850        1.76697        0.00000
3.669142        0.00019        0.00032        1.72199       -5.22700        1.21206        3.07563        2.99762       -2.11077        1.76383        0.00000
3.728821        0.00017        0.00031        1.76934       -5.72419        1.23737        3.38555        2.97650       -2.12342        1.76044        0.00000
3.789471        0.00016        0.00029        1.81947       -6.25369        1.26401        3.71800        2.95489       -2.13648        1.75677        0.00000
3.851107        0.00015        0.00028        1.87262       -6.81814        1.29210        4.07496        2.93278       -2.14996        1.75282        0.00000
3.913746        0.00014        0.00027        1.92905       -7.42053        1.32176        4.45864        2.91015       -2.16386        1.74856        0.00000
3.977403        0.00013        0.00026        1.98903       -8.06403        1.35314        4.87140        2.88698       -2.17822        1.74399        0.00000
4.042096        0.00012        0.00025        2.05287       -8.75245        1.38640        5.31608        2.86324       -2.19303        1.73908        0.00000
4.107841        0.00011        0.00024        2.12094       -9.49001        1.42171        5.79583        2.83894       -2.20833        1.73382        0.00000
4.174655        0.00011        0.00024        2.19362      -10.28149        1.45927        6.31419        2.81403       -2.22412        1.72818        0.00000
4.242556        0.00010        0.00023        2.27135      -11.13217        1.49929        6.87512        2.78851       -2.24042        1.72215        0.00000
4.311562        0.00009        0.00022        2.35463      -12.04826        1.54202        7.48324        2.76234       -2.25724        1.71570        0.00000
4.381690        0.00009        0.00022        2.44401      -13.03676        1.58774        8.14381        2.73551       -2.27460        1.70882        0.00000
4.452959        0.00008        0.00021        2.54014      -14.10571        1.63677        8.86281        2.70800       -2.29252        1.70147        0.00000
4.525386        0.00008        0.00021        2.64371      -15.26424        1.68946        9.64709        2.67978       -2.31099        1.69363        0.00000
4.598992        0.00007        0.00021        2.75553      -16.52279        1.74622       10.50449        2.65084       -2.33002        1.68529        0.00000
4.673795        0.00007        0.00020        2.87658      -17.89409        1.80754       11.44454        2.62115       -2.34962        1.67641        0.00000
4.749815        0.00007        0.00020        3.00786      -19.39193        1.87396       12.47760        2.59071       -2.36977        1.66697        0.00000
4.827071        0.00006        0.00020        3.15068      -21.03388        1.94616       13.61683        2.55950       -2.39046        1.65695        0.00000
4.905584        0.00006        0.00019        3.30642      -22.83936        2.02491       14.87679        2.52752       -2.41166        1.64634        0.00000
4.985373        0.00006        0.00019        3.47676      -24.83225        2.11115       16.27538        2.49479       -2.43332        1.63512        0.00000
5.066461        0.00005        0.00019        3.66366      -27.04121        2.20604       17.83399        2.46135       -2.45537        1.62328        0.00000
5.148867        0.00005        0.00019        3.86941      -29.50101        2.31101       19.57853        2.42725       -2.47768        1.61086        0.00000
5.232614        0.00005        0.00019        4.09680      -32.25539        2.42793       21.54143        2.39260       -2.50011        1.59787        0.00000
5.317723        0.00004        0.00019        4.34909      -35.35817        2.55917       23.76237        2.35758       -2.52240        1.58440        0.00000
5.404216        0.00004        0.00019        4.63030      -38.87956        2.70800       26.29276        2.32247       -2.54420        1.57059        0.00000
5.492116        0.00004        0.00019        4.94533      -42.91121        2.87895       29.19907        2.28771       -2.56498        1.55668        0.00000
5.581446        0.00004        0.00019        5.30038      -47.57988        3.07875       32.57210        2.25402       -2.58387        1.54305        0.00000
5.672229        0.00003        0.00019        5.70338      -53.06688        3.31787       36.54003        2.22260       -2.59951        1.53041        0.00000
5.764488        0.00003        0.00019        6.16476      -59.64773        3.61386       41.29443        2.19555       -2.60952        1.51999        0.00000
5.858248        0.00003        0.00019        6.69884      -67.77720        3.99906       47.14577        2.17677       -2.60943        1.51416        0.00000
5.953533        0.00003        0.00020        7.32707      -78.31315        4.54266       54.66893        2.17442       -2.58950        1.51792        0.00000
6.050368        0.00002        0.00020        8.08424      -93.16932        5.42553       65.12195        2.20853       -2.52397        1.54368        0.00000
6.148778        0.00002        0.00020        9.04207     -118.42000        7.37197       82.43023        2.34814       -2.30839        1.63450        0.00000
6.248788        0.00002        0.00020       10.30130     -182.27641       18.09301      124.80076        2.89989       -0.80752        1.98458        0.00000
6.350425        0.00002        0.00017       10.50029     -190.11448       21.66139      133.83855        2.47166       -0.27735        1.73999        0.00000
6.453715        0.00001        0.00018       11.91119     -159.06419        8.54770      117.20257        1.69936       -2.14176        1.25140        0.00000
6.558686        0.00001        0.00018       13.26598     -155.48827        6.70316      117.87420        1.39982       -2.43389        1.06094        0.00000
6.665363        0.00001        0.00018       14.68025     -159.85812        6.04310      123.79633        1.22867       -2.55581        0.95134        0.00000
6.773776        0.00001        0.00019       16.20635     -167.34625        5.70042      132.02366        1.10366       -2.62918        0.87048        0.00000
6.883952        0.00001        0.00019       17.86332     -176.61161        5.48770      141.74014        1.00114       -2.68086        0.80342        0.00000
6.995920        0.00001        0.00019       19.69123     -187.34297        5.34911      152.84560        0.91431       -2.71834        0.74580        0.00000
7.109709        0.00001        0.00020       21.70026     -199.19031        5.24577      165.13212        0.83700       -2.74754        0.69376        0.00000
7.225349        0.00001        0.00020       23.91419     -212.06453        5.16336      178.59508        0.76715       -2.77052        0.64602        0.00000
7.342870        0.00001        0.00021       26.37301     -225.95355        5.09268      193.31616        0.70374       -2.78837        0.60195        0.00000
7.462303        0.00001        0.00021       29.07958     -240.73828        5.02684      209.21411        0.64513       -2.80257        0.56059        0.00000
7.583678        0.00001        0.00022       32.08379     -256.46352        4.96260      226.42502        0.59128       -2.81335        0.52194        0.00000
7.707027        0.00001        0.00022       35.40498     -273.07802        4.89732      244.94561        0.54148       -2.82141        0.48559        0.00000
7.832383        0.00001        0.00022       39.06163     -290.54809        4.82968      264.78185        0.49524       -2.82719        0.45131        0.00000
7.959777        0.00001        0.00023       43.12838     -308.93533        4.75854      286.12113        0.45284       -2.83071        0.41930        0.00000
8.089243        0.00000        0.00023       47.59661     -328.14966        4.68381      308.86648        0.41348       -2.83251        0.38913        0.00000
8.220816        0.00000        0.00024       52.52943     -348.22145        4.60522      333.15146        0.37726       -2.83267        0.36088        0.00000
8.354528        0.00000        0.00024       57.97178     -369.13768        4.52290      359.03586        0.34399       -2.83138        0.33450        0.00000
8.490415        0.00000        0.00025       63.93188     -390.84945        4.43730      386.48192        0.31325       -2.82887        0.30974        0.00000
8.628513        0.00000        0.00026       70.52039     -413.40232        4.34858      415.70762        0.28528       -2.82514        0.28681        0.00000
8.768856        0.00000        0.00026       77.72771     -436.72474        4.25741      446.61936        0.25955       -2.82044        0.26538        0.00000
8.911482        0.00000        0.00027       85.61903     -460.81308        4.16421      479.30829        0.23601       -2.81481        0.24546        0.00000
9.056428        0.00000        0.00027       94.28366     -485.66328        4.06950      513.89826        0.21463       -2.80831        0.22705        0.00000
9.203732        0.00000        0.00028      103.71240     -511.21753        3.97374      550.30528        0.19501       -2.80109        0.20990        0.00000
9.353432        0.00000        0.00028      114.03706     -537.48205        3.87747      588.72157        0.17724       -2.79313        0.19410        0.00000
9.505566        0.00000        0.00029      125.27283     -564.40673        3.78110      629.10264        0.16105       -2.78454        0.17947        0.00000
9.660175        0.00000        0.00029      137.46397     -591.95974        3.68494      671.46596        0.14628       -2.77534        0.16592        0.00000
9.817298        0.00000        0.00030      150.76673     -620.12135        3.58961      715.99815        0.13298       -2.76555        0.15350        0.00000
9.976978        0.00000        0.00030      165.13896     -648.83738        3.49514      762.56340        0.12082       -2.75523        0.14198        0.00000
10.139254        0.00000        0.00031      180.72373     -678.07811        3.40200      811.31161        0.10983       -2.74439        0.13138        0.00000
10.304170        0.00000        0.00032      197.57994     -707.79632        3.31042      862.25139        0.09987       -2.73304        0.12163        0.00000
10.471768        0.00000        0.00032      215.70853     -737.95392        3.22038      915.32264        0.09078       -2.72123        0.11260        0.00000
10.642092        0.00000        0.00033      235.34129     -768.48932        3.13253      970.74508        0.08263       -2.70892        0.10436        0.00000
10.815187        0.00000        0.00033      256.39898     -799.36808        3.04653     1028.35060        0.07520       -2.69617        0.09672        0.00000
10.991097        0.00000        0.00034      279.01512     -830.53534        2.96269     1088.23046        0.06847       -2.68296        0.08970        0.00000
11.169868        0.00000        0.00034      303.31310     -861.92505        2.88120     1150.44176        0.06239       -2.66930        0.08325        0.00000
11.351547        0.00000        0.00035      329.24823     -893.51074        2.80180     1214.87202        0.05684       -2.65522        0.07728        0.00000
11.536181        0.00000        0.00035      357.05481     -925.19260        2.72495     1281.67660        0.05185       -2.64068        0.07182        0.00000
11.723818        0.00000        0.00036      386.69146     -956.94635        2.65037     1350.74520        0.04731       -2.62572        0.06677        0.00000
11.914507        0.00000        0.00036      418.22938     -988.71721        2.57806     1422.07735        0.04318       -2.61033        0.06210        0.00000
12.108298        0.00000        0.00037      451.87107    -1020.39243        2.50832     1495.75677        0.03946       -2.59451        0.05783        0.00000
12.305240        0.00000        0.00037      487.51132    -1051.98186        2.44073     1571.64055        0.03606       -2.57826        0.05387        0.00000
12.505386        0.00000        0.00038      525.35991    -1083.36200        2.37558     1649.80468        0.03298       -2.56160        0.05022        0.00000
12.708787        0.00000        0.00038      565.42771    -1114.49152        2.31271     1730.18282        0.03019       -2.54451        0.04686        0.00000
12.915497        0.00000        0.00038      607.69593    -1145.35396        2.25191     1812.70827        0.02764       -2.52701        0.04374        0.00000
13.125568        0.00000        0.00039      652.45120    -1175.76529        2.19358     1897.45720        0.02534       -2.50908        0.04088        0.00000
13.339057        0.00000        0.00039      699.51242    -1205.78658        2.13721     1984.27247        0.02323       -2.49075        0.03822        0.00000
13.556018        0.00000        0.00040      749.03888    -1235.29443        2.08297     2073.15832        0.02131       -2.47200        0.03577        0.00000
13.776508        0.00000        0.00040      801.10741    -1264.20881        2.03084     2164.07411        0.01957       -2.45285        0.03350        0.00000
14.000584        0.00000        0.00040      855.61620    -1292.55390        1.98052     2256.91878        0.01798       -2.43329        0.03139        0.00000
14.228305        0.00000        0.00041      912.81982    -1320.12719        1.93231     2351.69157        0.01653       -2.41333        0.02944        0.00000
14.459729        0.00000        0.00041      972.56563    -1346.98819        1.88587     2448.28130        0.01521       -2.39298        0.02763        0.00000
14.694918        0.00000        0.00041     1034.91034    -1373.05638        1.84118     2546.63313        0.01400       -2.37223        0.02596        0.00000
14.933932        0.00000        0.00041     1099.97900    -1398.18750        1.79836     2646.67518        0.01289       -2.35110        0.02440        0.00000
15.176834        0.00000        0.00042     1167.60454    -1422.46466        1.75708     2748.32564        0.01188       -2.32958        0.02295        0.00000
15.423686        0.00000        0.00042     1237.95107    -1445.69525        1.71753     2851.49901        0.01096       -2.30768        0.02161        0.00000
15.674554        0.00000        0.00042     1310.91926    -1467.90138        1.67953     2956.10796        0.01011       -2.28540        0.02036        0.00000
15.929502        0.00000        0.00042     1386.45633    -1489.07895        1.64295     3062.08246        0.00933       -2.26276        0.01920        0.00000
16.188597        0.00000        0.00042     1464.69969    -1509.00386        1.60798     3169.27664        0.00863       -2.23976        0.01812        0.00000
16.451906        0.00000        0.00043     1545.43378    -1527.82488        1.57430     3277.65519        0.00797       -2.21639        0.01710        0.00000
16.719498        0.00000        0.00043     1628.71805    -1545.38391        1.54201     3387.07821        0.00737       -2.19267        0.01616        0.00000
16.991442        0.00000        0.00043     1714.49095    -1561.64063        1.51105     3497.43761        0.00683       -2.16860        0.01528        0.00000
17.267809        0.00000        0.00043     1802.62315    -1576.67016        1.48125     3608.69909        0.00632       -2.14419        0.01446        0.00000
17.548671        0.00000        0.00043     1893.17322    -1590.21331        1.45280     3720.61308        0.00585       -2.11944        0.01369        0.00000
17.834102        0.00000        0.00043     1985.94152    -1602.43584        1.42544     3833.19839        0.00542       -2.09436        0.01298        0.00000
18.124175        0.00000        0.00043     2080.88960    -1613.23976        1.39919     3946.31288        0.00503       -2.06894        0.01230        0.00000
18.418967        0.00000        0.00043     2177.93135    -1622.51679        1.37408     4059.76055        0.00467       -2.04321        0.01167        0.00000
18.718553        0.00000        0.00043     2276.92248    -1630.39518        1.34993     4173.58103        0.00433       -2.01714        0.01108        0.00000
19.023012        0.00000        0.00043     2377.78164    -1636.66363        1.32687     4287.47532        0.00402       -1.99077        0.01053        0.00000
19.332423        0.00000        0.00042     2480.35758    -1641.41937        1.30474     4401.44511        0.00373       -1.96408        0.01001        0.00000
19.646866        0.00000        0.00042     2584.53921    -1644.65819        1.28351     4515.41257        0.00347       -1.93707        0.00952        0.00000
19.966425        0.00000        0.00042     2690.14878    -1646.19370        1.26326     4629.04588        0.00322       -1.90975        0.00906        0.00000
20.291180        0.00000        0.00042     2797.07405    -1646.20779        1.24382     4742.48789        0.00300       -1.88211        0.00863        0.00000
20.621218        0.00000        0.00042     2905.11977    -1644.53653        1.22525     4855.42839        0.00279       -1.85416        0.00822        0.00000
20.956624        0.00000        0.00041     3014.12120    -1641.19961        1.20750     4967.80017        0.00259       -1.82589        0.00784        0.00000
21.297485        0.00000        0.00041     3123.97262    -1636.27950        1.19048     5079.64279        0.00241       -1.79729        0.00748        0.00000
21.643891        0.00000        0.00041     3234.31746    -1629.51500        1.17432     5190.45256        0.00224       -1.76836        0.00714        0.00000
21.995931        0.00000        0.00040     3345.13864    -1621.12204        1.15884     5300.49683        0.00208       -1.73909        0.00681        0.00000
22.353696        0.00000        0.00040     3456.16592    -1610.97994        1.14408     5409.49979        0.00194       -1.70945        0.00651        0.00000
22.717281        0.00000        0.00040     3567.12476    -1599.01901        1.13005     5517.25666        0.00180       -1.67944        0.00622        0.00000
23.086780        0.00000        0.00039     3677.97919    -1585.34879        1.11666     5623.91848        0.00168       -1.64902        0.00595        0.00000
23.462288        0.00000        0.00039     3788.23788    -1569.73615        1.10398     5728.99373        0.00156       -1.61818        0.00569        0.00000
23.843905        0.00000        0.00038     3897.87475    -1552.28903        1.09193     5832.66143        0.00145       -1.58686        0.00544        0.00000
24.231728        0.00000        0.00038     4006.64866    -1532.93802        1.08050     5934.79096        0.00134       -1.55502        0.00520        0.00000
24.625859        0.00000        0.00037     4114.05903    -1511.47731        1.06975     6035.00122        0.00125       -1.52260        0.00498        0.00000
25.026401        0.00000        0.00037     4220.19039    -1488.00502        1.05958     6133.57277        0.00116       -1.48952        0.00477        0.00000
25.433458        0.00000        0.00036     4324.45045    -1462.22560        1.05006     6230.06859        0.00107       -1.45566        0.00456        0.00000
25.847135        0.00000        0.00035     4426.66933    -1434.03961        1.04116     6324.53656        0.00099       -1.42088        0.00436        0.00000
26.267541        0.00000        0.00035     4526.71822    -1403.31750        1.03286     6417.04838        0.00091       -1.38502        0.00417        0.00000
26.694785        0.00000        0.00034     4623.67359    -1369.38860        1.02528     6507.04575        0.00084       -1.34769        0.00399        0.00000
27.128978        0.00000        0.00033     4717.74034    -1332.07841        1.01833     6594.99775        0.00077       -1.30860        0.00381        0.00000
27.570233        0.00000        0.00032     4808.12883    -1290.36139        1.01214     6680.65283        0.00070       -1.26700        0.00363        0.00000
28.018666        0.00000        0.00031     4894.14619    -1242.53512        1.00682     6764.15526        0.00063       -1.22156        0.00345        0.00000
28.474392        0.00000        0.00030     4975.53819    -1186.20569        1.00247     6846.28814        0.00057       -1.17029        0.00326        0.00000
28.937530        0.00000        0.00028     5050.12498    -1110.38079        0.99988     6929.15807        0.00049       -1.10462        0.00305        0.00000
