x               rho            P              T              ur             uphi           uz             Br             Bphi           Bz             m
0.010000        0.99986        0.99987        1.00001        0.99673        0.96458       -0.00093        0.02949       -0.04415        1.00002        0.99990
0.010163        0.99985        0.99987        1.00002        0.99673        0.96458       -0.00095        0.02997       -0.04487        1.00002        0.99990
0.010328        0.99985        0.99986        1.00002        0.99674        0.96458       -0.00096        0.03046       -0.04560        1.00002        0.99989
0.010496        0.99984        0.99986        1.00002        0.99674        0.96458       -0.00098        0.03096       -0.04634        1.00002        0.99989
0.010667        0.99983        0.99985        1.00002        0.99674        0.96458       -0.00100        0.03146       -0.04709        1.00002        0.99988
0.010840        0.99983        0.99984        1.00002        0.99674        0.96458       -0.00101        0.03197       -0.04786        1.00002        0.99988
0.011016        0.99982        0.99984        1.00002        0.99675        0.96458       -0.00103        0.03249       -0.04864        1.00002        0.99987
0.011196        0.99981        0.99983        1.00002        0.99675        0.96458       -0.00104        0.03302       -0.04943        1.00002        0.99986
0.011378        0.99980        0.99982        1.00002        0.99675        0.96458       -0.00106        0.03356       -0.05023        1.00003        0.99986
0.011563        0.99979        0.99982        1.00002        0.99675        0.96458       -0.00108        0.03410       -0.05105        1.00003        0.99985
0.011751        0.99979        0.99981        1.00002        0.99676        0.96457       -0.00110        0.03466       -0.05188        1.00003        0.99985
0.011942        0.99978        0.99980        1.00002        0.99676        0.96457       -0.00111        0.03522       -0.05272        1.00003        0.99984
0.012136        0.99977        0.99979        1.00002        0.99676        0.96457       -0.00113        0.03580       -0.05358        1.00003        0.99984
0.012334        0.99976        0.99979        1.00003        0.99677        0.96457       -0.00115        0.03638       -0.05445        1.00003        0.99983
0.012534        0.99975        0.99978        1.00003        0.99677        0.96457       -0.00117        0.03697       -0.05534        1.00003        0.99982
0.012738        0.99974        0.99977        1.00003        0.99677        0.96457       -0.00119        0.03757       -0.05624        1.00003        0.99982
0.012945        0.99974        0.99976        1.00003        0.99678        0.96457       -0.00121        0.03818       -0.05715        1.00003        0.99981
0.013156        0.99973        0.99976        1.00003        0.99678        0.96457       -0.00123        0.03880       -0.05808        1.00003        0.99981
0.013370        0.99972        0.99975        1.00003        0.99678        0.96457       -0.00125        0.03944       -0.05902        1.00004        0.99980
0.013587        0.99971        0.99974        1.00003        0.99678        0.96457       -0.00127        0.04008       -0.05998        1.00004        0.99979
0.013808        0.99970        0.99973        1.00003        0.99679        0.96457       -0.00129        0.04073       -0.06096        1.00004        0.99979
0.014033        0.99969        0.99972        1.00003        0.99679        0.96457       -0.00131        0.04139       -0.06195        1.00004        0.99978
0.014261        0.99968        0.99971        1.00003        0.99679        0.96457       -0.00133        0.04206       -0.06296        1.00004        0.99977
0.014493        0.99967        0.99970        1.00003        0.99680        0.96457       -0.00135        0.04275       -0.06398        1.00004        0.99977
0.014729        0.99966        0.99970        1.00004        0.99680        0.96457       -0.00137        0.04344       -0.06502        1.00004        0.99976
0.014968        0.99965        0.99969        1.00004        0.99680        0.96457       -0.00140        0.04415       -0.06608        1.00004        0.99975
0.015212        0.99964        0.99968        1.00004        0.99681        0.96457       -0.00142        0.04487       -0.06716        1.00005        0.99974
0.015459        0.99963        0.99967        1.00004        0.99681        0.96457       -0.00144        0.04560       -0.06825        1.00005        0.99974
0.015711        0.99962        0.99966        1.00004        0.99682        0.96457       -0.00147        0.04634       -0.06936        1.00005        0.99973
0.015966        0.99961        0.99965        1.00004        0.99682        0.96457       -0.00149        0.04709       -0.07049        1.00005        0.99972
0.016226        0.99960        0.99964        1.00004        0.99682        0.96457       -0.00151        0.04786       -0.07163        1.00005        0.99971
0.016490        0.99958        0.99963        1.00004        0.99683        0.96457       -0.00154        0.04864       -0.07280        1.00005        0.99971
0.016758        0.99957        0.99962        1.00004        0.99683        0.96457       -0.00156        0.04943       -0.07398        1.00005        0.99970
0.017031        0.99956        0.99961        1.00005        0.99684        0.96457       -0.00159        0.05024       -0.07518        1.00006        0.99969
0.017308        0.99955        0.99960        1.00005        0.99684        0.96457       -0.00161        0.05105       -0.07641        1.00006        0.99968
0.017589        0.99954        0.99959        1.00005        0.99684        0.96457       -0.00164        0.05188       -0.07765        1.00006        0.99967
0.017875        0.99953        0.99958        1.00005        0.99685        0.96457       -0.00167        0.05273       -0.07891        1.00006        0.99966
0.018166        0.99951        0.99956        1.00005        0.99685        0.96456       -0.00170        0.05358       -0.08020        1.00006        0.99965
0.018461        0.99950        0.99955        1.00005        0.99686        0.96456       -0.00172        0.05446       -0.08150        1.00006        0.99965
0.018762        0.99949        0.99954        1.00005        0.99686        0.96456       -0.00175        0.05534       -0.08283        1.00007        0.99964
0.019067        0.99947        0.99953        1.00006        0.99687        0.96456       -0.00178        0.05624       -0.08417        1.00007        0.99963
0.019377        0.99946        0.99952        1.00006        0.99687        0.96456       -0.00181        0.05716       -0.08554        1.00007        0.99962
0.019692        0.99945        0.99951        1.00006        0.99687        0.96456       -0.00184        0.05809       -0.08693        1.00007        0.99961
0.020012        0.99943        0.99949        1.00006        0.99688        0.96456       -0.00187        0.05903       -0.08835        1.00007        0.99960
0.020338        0.99941        0.99948        1.00006        0.99689        0.96456       -0.00190        0.05999       -0.08978        1.00008        0.99958
0.020669        0.99939        0.99945        1.00006        0.99689        0.96456       -0.00193        0.06097       -0.09124        1.00008        0.99957
0.021005        0.99937        0.99943        1.00007        0.99690        0.96456       -0.00196        0.06196       -0.09273        1.00008        0.99955
0.021347        0.99934        0.99941        1.00007        0.99691        0.96456       -0.00199        0.06297       -0.09423        1.00008        0.99953
0.021694        0.99932        0.99939        1.00007        0.99692        0.96456       -0.00202        0.06400       -0.09577        1.00009        0.99952
0.022047        0.99929        0.99937        1.00007        0.99693        0.96456       -0.00206        0.06504       -0.09732        1.00009        0.99950
0.022405        0.99927        0.99934        1.00008        0.99694        0.96456       -0.00209        0.06610       -0.09891        1.00009        0.99948
0.022770        0.99924        0.99932        1.00008        0.99695        0.96456       -0.00212        0.06717       -0.10051        1.00010        0.99946
0.023140        0.99921        0.99930        1.00008        0.99695        0.96455       -0.00216        0.06826       -0.10215        1.00010        0.99944
0.023516        0.99919        0.99927        1.00009        0.99696        0.96455       -0.00219        0.06938       -0.10381        1.00010        0.99942
0.023899        0.99916        0.99925        1.00009        0.99697        0.96455       -0.00223        0.07050       -0.10550        1.00011        0.99941
0.024288        0.99913        0.99922        1.00009        0.99698        0.96455       -0.00227        0.07165       -0.10721        1.00011        0.99939
0.024683        0.99911        0.99920        1.00009        0.99699        0.96455       -0.00230        0.07282       -0.10896        1.00011        0.99937
0.025084        0.99908        0.99917        1.00010        0.99700        0.96455       -0.00234        0.07400       -0.11073        1.00012        0.99935
0.025492        0.99905        0.99915        1.00010        0.99701        0.96455       -0.00238        0.07521       -0.11253        1.00012        0.99933
0.025907        0.99902        0.99912        1.00010        0.99702        0.96455       -0.00242        0.07643       -0.11436        1.00013        0.99930
0.026328        0.99899        0.99909        1.00011        0.99703        0.96455       -0.00246        0.07768       -0.11622        1.00013        0.99928
0.026756        0.99896        0.99907        1.00011        0.99704        0.96454       -0.00250        0.07894       -0.11811        1.00013        0.99926
0.027192        0.99893        0.99904        1.00011        0.99705        0.96454       -0.00254        0.08022       -0.12003        1.00014        0.99924
0.027634        0.99890        0.99901        1.00012        0.99706        0.96454       -0.00258        0.08153       -0.12198        1.00014        0.99922
0.028083        0.99886        0.99898        1.00012        0.99708        0.96454       -0.00262        0.08286       -0.12396        1.00014        0.99920
0.028540        0.99883        0.99895        1.00012        0.99709        0.96454       -0.00266        0.08420       -0.12598        1.00015        0.99917
0.029004        0.99880        0.99892        1.00013        0.99710        0.96454       -0.00271        0.08557       -0.12803        1.00015        0.99915
0.029476        0.99877        0.99889        1.00013        0.99711        0.96454       -0.00275        0.08697       -0.13011        1.00016        0.99913
0.029955        0.99873        0.99886        1.00013        0.99712        0.96454       -0.00280        0.08838       -0.13223        1.00016        0.99910
0.030443        0.99869        0.99882        1.00014        0.99714        0.96453       -0.00284        0.08982       -0.13437        1.00017        0.99907
0.030938        0.99864        0.99878        1.00014        0.99715        0.96453       -0.00289        0.09128       -0.13656        1.00017        0.99904
0.031441        0.99859        0.99874        1.00015        0.99717        0.96453       -0.00293        0.09277       -0.13878        1.00018        0.99900
0.031952        0.99854        0.99869        1.00015        0.99719        0.96453       -0.00298        0.09428       -0.14103        1.00019        0.99896
0.032472        0.99849        0.99864        1.00016        0.99721        0.96453       -0.00303        0.09582       -0.14333        1.00019        0.99893
0.033000        0.99843        0.99860        1.00016        0.99722        0.96453       -0.00308        0.09738       -0.14566        1.00020        0.99889
0.033537        0.99838        0.99855        1.00017        0.99724        0.96452       -0.00313        0.09896       -0.14802        1.00021        0.99885
0.034083        0.99833        0.99850        1.00018        0.99726        0.96452       -0.00318        0.10058       -0.15043        1.00021        0.99882
0.034637        0.99827        0.99845        1.00018        0.99728        0.96452       -0.00323        0.10221       -0.15288        1.00022        0.99878
0.035200        0.99822        0.99840        1.00019        0.99730        0.96452       -0.00329        0.10388       -0.15536        1.00023        0.99874
0.035773        0.99816        0.99835        1.00019        0.99732        0.96452       -0.00334        0.10557       -0.15789        1.00023        0.99870
0.036355        0.99810        0.99830        1.00020        0.99734        0.96451       -0.00339        0.10729       -0.16045        1.00024        0.99866
0.036946        0.99804        0.99825        1.00020        0.99736        0.96451       -0.00345        0.10904       -0.16306        1.00025        0.99861
0.037547        0.99798        0.99819        1.00021        0.99738        0.96451       -0.00351        0.11081       -0.16571        1.00026        0.99857
0.038158        0.99792        0.99814        1.00022        0.99740        0.96451       -0.00356        0.11262       -0.16841        1.00026        0.99853
0.038778        0.99786        0.99808        1.00022        0.99742        0.96450       -0.00362        0.11445       -0.17114        1.00027        0.99849
0.039409        0.99780        0.99803        1.00023        0.99744        0.96450       -0.00368        0.11631       -0.17393        1.00028        0.99844
0.040050        0.99773        0.99797        1.00024        0.99746        0.96450       -0.00374        0.11821       -0.17675        1.00029        0.99840
0.040701        0.99765        0.99790        1.00024        0.99749        0.96450       -0.00380        0.12013       -0.17962        1.00030        0.99834
0.041363        0.99757        0.99782        1.00025        0.99752        0.96449       -0.00386        0.12209       -0.18254        1.00031        0.99828
0.042036        0.99748        0.99774        1.00026        0.99755        0.96449       -0.00392        0.12408       -0.18551        1.00032        0.99822
0.042720        0.99740        0.99767        1.00027        0.99758        0.96449       -0.00399        0.12610       -0.18852        1.00033        0.99816
0.043415        0.99731        0.99759        1.00028        0.99761        0.96448       -0.00405        0.12816       -0.19159        1.00034        0.99809
0.044121        0.99722        0.99751        1.00029        0.99764        0.96448       -0.00412        0.13025       -0.19470        1.00035        0.99803
0.044839        0.99713        0.99742        1.00030        0.99767        0.96448       -0.00419        0.13237       -0.19786        1.00037        0.99797
0.045568        0.99703        0.99734        1.00031        0.99771        0.96447       -0.00426        0.13453       -0.20108        1.00038        0.99790
0.046309        0.99694        0.99726        1.00032        0.99774        0.96447       -0.00432        0.13672       -0.20434        1.00039        0.99783
0.047062        0.99684        0.99717        1.00033        0.99777        0.96447       -0.00440        0.13895       -0.20767        1.00040        0.99777
0.047828        0.99674        0.99708        1.00034        0.99780        0.96446       -0.00447        0.14121       -0.21104        1.00041        0.99770
0.048606        0.99665        0.99699        1.00035        0.99784        0.96446       -0.00454        0.14351       -0.21447        1.00043        0.99763
0.049396        0.99654        0.99690        1.00036        0.99787        0.96446       -0.00461        0.14585       -0.21795        1.00044        0.99756
0.050200        0.99644        0.99681        1.00037        0.99791        0.96445       -0.00469        0.14823       -0.22150        1.00045        0.99748
0.051016        0.99631        0.99670        1.00038        0.99795        0.96445       -0.00476        0.15065       -0.22509        1.00047        0.99739
0.051846        0.99618        0.99658        1.00040        0.99800        0.96444       -0.00484        0.15310       -0.22875        1.00049        0.99730
0.052689        0.99605        0.99646        1.00041        0.99804        0.96444       -0.00492        0.15560       -0.23246        1.00050        0.99721
0.053546        0.99592        0.99634        1.00043        0.99809        0.96443       -0.00500        0.15814       -0.23624        1.00052        0.99711
0.054417        0.99578        0.99622        1.00044        0.99813        0.96443       -0.00508        0.16072       -0.24007        1.00054        0.99702
0.055302        0.99564        0.99610        1.00045        0.99818        0.96442       -0.00517        0.16334       -0.24397        1.00056        0.99692
0.056202        0.99550        0.99597        1.00047        0.99823        0.96442       -0.00525        0.16601       -0.24794        1.00057        0.99682
0.057116        0.99536        0.99584        1.00048        0.99828        0.96441       -0.00534        0.16871       -0.25196        1.00059        0.99672
0.058045        0.99522        0.99572        1.00050        0.99833        0.96441       -0.00542        0.17147       -0.25605        1.00061        0.99662
0.058989        0.99507        0.99558        1.00051        0.99838        0.96440       -0.00551        0.17426       -0.26021        1.00063        0.99652
0.059948        0.99492        0.99545        1.00053        0.99843        0.96440       -0.00560        0.17710       -0.26444        1.00065        0.99641
0.060923        0.99475        0.99529        1.00055        0.99849        0.96439       -0.00569        0.18000       -0.26873        1.00067        0.99629
0.061914        0.99456        0.99513        1.00057        0.99855        0.96438       -0.00579        0.18294       -0.27309        1.00069        0.99616
0.062921        0.99438        0.99496        1.00059        0.99861        0.96438       -0.00588        0.18592       -0.27753        1.00072        0.99603
0.063945        0.99419        0.99479        1.00061        0.99868        0.96437       -0.00598        0.18896       -0.28203        1.00074        0.99590
0.064985        0.99400        0.99462        1.00063        0.99874        0.96436       -0.00607        0.19205       -0.28661        1.00076        0.99576
0.066042        0.99380        0.99445        1.00065        0.99881        0.96436       -0.00617        0.19518       -0.29126        1.00079        0.99562
0.067116        0.99361        0.99427        1.00067        0.99887        0.96435       -0.00627        0.19837       -0.29599        1.00081        0.99548
0.068208        0.99341        0.99409        1.00069        0.99894        0.96434       -0.00638        0.20161       -0.30079        1.00084        0.99534
0.069317        0.99320        0.99391        1.00071        0.99901        0.96433       -0.00648        0.20490       -0.30567        1.00087        0.99520
0.070445        0.99299        0.99371        1.00073        0.99909        0.96433       -0.00659        0.20825       -0.31063        1.00089        0.99505
0.071590        0.99274        0.99350        1.00076        0.99917        0.96432       -0.00669        0.21165       -0.31567        1.00093        0.99488
0.072755        0.99249        0.99327        1.00078        0.99925        0.96431       -0.00680        0.21512       -0.32079        1.00096        0.99470
0.073938        0.99224        0.99305        1.00081        0.99934        0.96430       -0.00691        0.21863       -0.32599        1.00099        0.99452
0.075141        0.99199        0.99282        1.00084        0.99942        0.96429       -0.00703        0.22221       -0.33128        1.00102        0.99435
0.076363        0.99173        0.99259        1.00087        0.99951        0.96428       -0.00714        0.22584       -0.33665        1.00106        0.99416
0.077605        0.99147        0.99235        1.00089        0.99960        0.96427       -0.00726        0.22954       -0.34211        1.00109        0.99398
0.078867        0.99120        0.99211        1.00092        0.99969        0.96426       -0.00738        0.23329       -0.34766        1.00112        0.99379
0.080150        0.99092        0.99187        1.00095        0.99978        0.96425       -0.00750        0.23710       -0.35330        1.00116        0.99360
0.081454        0.99061        0.99158        1.00098        0.99988        0.96424       -0.00762        0.24099       -0.35903        1.00120        0.99338
0.082779        0.99029        0.99130        1.00102        0.99999        0.96423       -0.00775        0.24494       -0.36485        1.00124        0.99315
0.084125        0.98997        0.99101        1.00105        1.00010        0.96422       -0.00787        0.24895       -0.37076        1.00128        0.99292
0.085493        0.98964        0.99071        1.00108        1.00021        0.96420       -0.00800        0.25302       -0.37677        1.00132        0.99269
0.086884        0.98931        0.99041        1.00112        1.00032        0.96419       -0.00813        0.25717       -0.38287        1.00137        0.99246
0.088297        0.98897        0.99011        1.00116        1.00044        0.96418       -0.00827        0.26138       -0.38908        1.00141        0.99222
0.089733        0.98862        0.98980        1.00119        1.00055        0.96417       -0.00840        0.26566       -0.39538        1.00145        0.99198
0.091193        0.98824        0.98946        1.00123        1.00068        0.96415       -0.00854        0.27002       -0.40179        1.00150        0.99171
0.092676        0.98784        0.98910        1.00127        1.00081        0.96414       -0.00868        0.27445       -0.40829        1.00155        0.99143
0.094183        0.98744        0.98873        1.00132        1.00095        0.96412       -0.00882        0.27895       -0.41490        1.00161        0.99115
0.095715        0.98702        0.98837        1.00136        1.00108        0.96411       -0.00897        0.28353       -0.42162        1.00166        0.99086
0.097272        0.98661        0.98799        1.00140        1.00122        0.96409       -0.00911        0.28818       -0.42844        1.00171        0.99056
0.098854        0.98618        0.98761        1.00145        1.00136        0.96408       -0.00926        0.29290       -0.43538        1.00177        0.99026
0.100462        0.98574        0.98721        1.00149        1.00151        0.96406       -0.00941        0.29771       -0.44243        1.00182        0.98995
0.102096        0.98525        0.98678        1.00155        1.00167        0.96404       -0.00957        0.30261       -0.44958        1.00189        0.98962
0.103757        0.98476        0.98633        1.00160        1.00183        0.96402       -0.00973        0.30758       -0.45685        1.00195        0.98927
0.105444        0.98426        0.98588        1.00165        1.00199        0.96400       -0.00988        0.31264       -0.46424        1.00202        0.98892
0.107159        0.98375        0.98543        1.00170        1.00216        0.96399       -0.01005        0.31777       -0.47175        1.00208        0.98856
0.108902        0.98323        0.98496        1.00176        1.00233        0.96397       -0.01021        0.32300       -0.47938        1.00215        0.98820
0.110674        0.98269        0.98448        1.00182        1.00251        0.96395       -0.01038        0.32831       -0.48713        1.00222        0.98782
0.112474        0.98211        0.98395        1.00188        1.00270        0.96392       -0.01055        0.33372       -0.49500        1.00229        0.98741
0.114303        0.98151        0.98342        1.00194        1.00289        0.96390       -0.01072        0.33921       -0.50300        1.00237        0.98700
0.116162        0.98091        0.98287        1.00200        1.00309        0.96388       -0.01090        0.34480       -0.51112        1.00245        0.98657
0.118052        0.98029        0.98232        1.00207        1.00329        0.96386       -0.01108        0.35048       -0.51938        1.00253        0.98614
0.119972        0.97967        0.98176        1.00213        1.00349        0.96383       -0.01126        0.35625       -0.52777        1.00261        0.98571
0.121923        0.97898        0.98114        1.00221        1.00371        0.96381       -0.01145        0.36213       -0.53629        1.00270        0.98523
0.123906        0.97828        0.98051        1.00228        1.00394        0.96378       -0.01164        0.36811       -0.54494        1.00279        0.98474
0.125922        0.97757        0.97987        1.00236        1.00417        0.96375       -0.01183        0.37419       -0.55373        1.00288        0.98425
0.127970        0.97685        0.97922        1.00243        1.00440        0.96373       -0.01202        0.38036       -0.56266        1.00297        0.98374
0.130051        0.97611        0.97856        1.00251        1.00464        0.96370       -0.01222        0.38664       -0.57174        1.00307        0.98323
0.132166        0.97531        0.97784        1.00260        1.00489        0.96367       -0.01242        0.39304       -0.58095        1.00317        0.98267
0.134316        0.97449        0.97710        1.00268        1.00515        0.96364       -0.01263        0.39954       -0.59031        1.00328        0.98210
0.136501        0.97366        0.97635        1.00277        1.00541        0.96361       -0.01284        0.40615       -0.59982        1.00339        0.98152
0.138721        0.97281        0.97559        1.00286        1.00568        0.96357       -0.01305        0.41287       -0.60948        1.00350        0.98093
0.140977        0.97192        0.97479        1.00295        1.00596        0.96354       -0.01326        0.41971       -0.61930        1.00362        0.98031
0.143270        0.97099        0.97395        1.00305        1.00625        0.96351       -0.01348        0.42668       -0.62926        1.00374        0.97966
0.145601        0.97003        0.97309        1.00315        1.00655        0.96347       -0.01371        0.43375       -0.63938        1.00386        0.97900
0.147969        0.96906        0.97222        1.00326        1.00685        0.96343       -0.01393        0.44095       -0.64966        1.00399        0.97833
0.150376        0.96807        0.97132        1.00336        1.00716        0.96339       -0.01416        0.44826       -0.66011        1.00412        0.97764
0.152821        0.96700        0.97036        1.00348        1.00749        0.96335       -0.01440        0.45572       -0.67071        1.00426        0.97690
0.155307        0.96591        0.96938        1.00359        1.00782        0.96331       -0.01464        0.46330       -0.68148        1.00440        0.97615
0.157833        0.96481        0.96839        1.00371        1.00816        0.96327       -0.01488        0.47101       -0.69242        1.00455        0.97538
0.160400        0.96367        0.96737        1.00383        1.00851        0.96323       -0.01512        0.47884       -0.70354        1.00470        0.97460
0.163009        0.96246        0.96627        1.00396        1.00887        0.96318       -0.01538        0.48684       -0.71481        1.00486        0.97376
0.165661        0.96123        0.96516        1.00409        1.00925        0.96313       -0.01563        0.49496       -0.72627        1.00502        0.97291
0.168355        0.95997        0.96403        1.00423        1.00962        0.96308       -0.01589        0.50321       -0.73791        1.00518        0.97204
0.171093        0.95867        0.96285        1.00437        1.01001        0.96303       -0.01615        0.51162       -0.74973        1.00536        0.97114
0.173876        0.95730        0.96161        1.00451        1.01042        0.96298       -0.01642        0.52018       -0.76171        1.00554        0.97020
0.176704        0.95590        0.96036        1.00466        1.01083        0.96293       -0.01670        0.52889       -0.77390        1.00572        0.96924
0.179578        0.95448        0.95908        1.00481        1.01124        0.96287       -0.01697        0.53773       -0.78628        1.00591        0.96826
0.182499        0.95297        0.95771        1.00498        1.01168        0.96281       -0.01726        0.54676       -0.79883        1.00611        0.96723
0.185468        0.95143        0.95632        1.00514        1.01212        0.96275       -0.01754        0.55594       -0.81157        1.00632        0.96616
0.188484        0.94985        0.95490        1.00531        1.01258        0.96269       -0.01783        0.56527       -0.82453        1.00653        0.96509
0.191550        0.94821        0.95342        1.00549        1.01304        0.96263       -0.01813        0.57477       -0.83767        1.00674        0.96396
0.194666        0.94650        0.95187        1.00567        1.01352        0.96256       -0.01843        0.58445       -0.85100        1.00697        0.96279
0.197832        0.94477        0.95030        1.00586        1.01401        0.96249       -0.01874        0.59430       -0.86455        1.00721        0.96160
0.201050        0.94297        0.94868        1.00605        1.01450        0.96242       -0.01905        0.60431       -0.87831        1.00745        0.96038
0.204320        0.94108        0.94697        1.00626        1.01502        0.96234       -0.01937        0.61453       -0.89225        1.00770        0.95909
0.207643        0.93917        0.94524        1.00646        1.01554        0.96227       -0.01970        0.62491       -0.90642        1.00796        0.95778
0.211020        0.93719        0.94345        1.00668        1.01607        0.96219       -0.02003        0.63548       -0.92081        1.00822        0.95644
0.214453        0.93512        0.94157        1.00690        1.01661        0.96211       -0.02036        0.64627       -0.93538        1.00850        0.95503
0.217941        0.93301        0.93966        1.00713        1.01717        0.96202       -0.02070        0.65723       -0.95020        1.00879        0.95360
0.221486        0.93083        0.93769        1.00737        1.01773        0.96193       -0.02105        0.66839       -0.96523        1.00908        0.95212
0.225088        0.92855        0.93562        1.00762        1.01831        0.96184       -0.02140        0.67977       -0.98046        1.00939        0.95058
0.228749        0.92624        0.93352        1.00787        1.01889        0.96175       -0.02176        0.69134       -0.99595        1.00971        0.94901
0.232470        0.92382        0.93133        1.00813        1.01949        0.96165       -0.02212        0.70314       -1.01164        1.01004        0.94738
0.236251        0.92133        0.92907        1.00841        1.02009        0.96155       -0.02249        0.71516       -1.02755        1.01038        0.94569
0.240093        0.91879        0.92677        1.00868        1.02071        0.96144       -0.02287        0.72737       -1.04373        1.01073        0.94399
0.243999        0.91611        0.92433        1.00898        1.02133        0.96133       -0.02326        0.73985       -1.06009        1.01109        0.94218
0.247967        0.91338        0.92186        1.00928        1.02196        0.96122       -0.02365        0.75254       -1.07672        1.01147        0.94035
0.252000        0.91056        0.91929        1.00959        1.02259        0.96111       -0.02404        0.76548       -1.09358        1.01186        0.93846
0.256099        0.90764        0.91663        1.00991        1.02323        0.96098       -0.02445        0.77867       -1.11066        1.01227        0.93650
0.260265        0.90466        0.91392        1.01024        1.02389        0.96086       -0.02486        0.79207       -1.12802        1.01268        0.93450
0.264498        0.90152        0.91107        1.01059        1.02453        0.96073       -0.02527        0.80578       -1.14556        1.01312        0.93241
0.268800        0.89833        0.90817        1.01094        1.02519        0.96060       -0.02570        0.81971       -1.16340        1.01356        0.93029
0.273172        0.89501        0.90514        1.01131        1.02584        0.96045       -0.02613        0.83393       -1.18144        1.01403        0.92808
0.277615        0.89160        0.90203        1.01170        1.02649        0.96031       -0.02656        0.84841       -1.19975        1.01451        0.92581
0.282131        0.88808        0.89882        1.01209        1.02714        0.96016       -0.02701        0.86317       -1.21831        1.01500        0.92348
0.286720        0.88444        0.89549        1.01250        1.02778        0.96000       -0.02746        0.87822       -1.23710        1.01552        0.92106
0.291383        0.88070        0.89208        1.01292        1.02842        0.95984       -0.02792        0.89355       -1.25616        1.01605        0.91859
0.296123        0.87681        0.88852        1.01336        1.02904        0.95968       -0.02838        0.90920       -1.27544        1.01661        0.91603
0.300939        0.87284        0.88489        1.01381        1.02966        0.95950       -0.02886        0.92512       -1.29500        1.01718        0.91341
0.305834        0.86870        0.88110        1.01428        1.03025        0.95932       -0.02934        0.94140       -1.31477        1.01777        0.91069
0.310808        0.86447        0.87723        1.01476        1.03084        0.95914       -0.02982        0.95795       -1.33484        1.01838        0.90791
0.315864        0.86006        0.87319        1.01527        1.03137        0.95895       -0.03032        0.97488       -1.35510        1.01902        0.90503
0.321001        0.85556        0.86906        1.01578        1.03191        0.95875       -0.03082        0.99209       -1.37566        1.01968        0.90208
0.326222        0.85087        0.86476        1.01632        1.03238        0.95854       -0.03132        1.00969       -1.39642        1.02037        0.89903
0.331528        0.84608        0.86035        1.01688        1.03284        0.95833       -0.03184        1.02761       -1.41746        1.02107        0.89591
0.336921        0.84110        0.85578        1.01746        1.03323        0.95810       -0.03236        1.04591       -1.43871        1.02181        0.89268
0.342401        0.83599        0.85108        1.01805        1.03358        0.95787       -0.03289        1.06457       -1.46023        1.02256        0.88936
0.347970        0.83072        0.84623        1.01867        1.03386        0.95763       -0.03342        1.08360       -1.48198        1.02335        0.88595
0.353630        0.82528        0.84121        1.01931        1.03407        0.95739       -0.03396        1.10302       -1.50395        1.02417        0.88243
0.359381        0.81969        0.83606        1.01997        1.03423        0.95713       -0.03450        1.12281       -1.52619        1.02501        0.87883
0.365227        0.81390        0.83071        1.02066        1.03425        0.95686       -0.03505        1.14304       -1.54859        1.02589        0.87511
0.371167        0.80796        0.82523        1.02137        1.03421        0.95659       -0.03560        1.16365       -1.57128        1.02680        0.87130
0.377204        0.80182        0.81955        1.02211        1.03402        0.95631       -0.03616        1.18470       -1.59413        1.02774        0.86736
0.383340        0.79551        0.81370        1.02287        1.03372        0.95601       -0.03672        1.20617       -1.61721        1.02872        0.86332
0.389575        0.78903        0.80769        1.02366        1.03331        0.95571       -0.03728        1.22805       -1.64054        1.02973        0.85918
0.395911        0.78231        0.80146        1.02448        1.03266        0.95539       -0.03784        1.25042       -1.66397        1.03078        0.85491
0.402351        0.77543        0.79507        1.02533        1.03189        0.95507       -0.03841        1.27321       -1.68765        1.03186        0.85053
0.408895        0.76835        0.78848        1.02621        1.03091        0.95474       -0.03897        1.29647       -1.71151        1.03299        0.84603
0.415546        0.76104        0.78168        1.02712        1.02966        0.95439       -0.03953        1.32021       -1.73547        1.03416        0.84139
0.422304        0.75355        0.77469        1.02806        1.02822        0.95404       -0.04009        1.34441       -1.75965        1.03537        0.83665
0.429173        0.74584        0.76750        1.02904        1.02650        0.95367       -0.04064        1.36910       -1.78396        1.03662        0.83177
0.436154        0.73790        0.76008        1.03006        1.02441        0.95329       -0.04118        1.39430       -1.80834        1.03793        0.82676
0.443248        0.72976        0.75246        1.03112        1.02202        0.95291       -0.04172        1.41998       -1.83287        1.03927        0.82162
0.450457        0.72141        0.74464        1.03220        1.01932        0.95251       -0.04224        1.44615       -1.85754        1.04066        0.81635
0.457784        0.71281        0.73657        1.03334        1.01608        0.95211       -0.04275        1.47285       -1.88219        1.04211        0.81093
0.465230        0.70399        0.72829        1.03452        1.01240        0.95170       -0.04324        1.50005       -1.90691        1.04361        0.80537
0.472797        0.69496        0.71979        1.03573        1.00826        0.95128       -0.04371        1.52776       -1.93170        1.04516        0.79968
0.480487        0.68571        0.71108        1.03699        1.00362        0.95085       -0.04416        1.55597       -1.95653        1.04676        0.79384
0.488302        0.67622        0.70212        1.03831        0.99824        0.95041       -0.04457        1.58471       -1.98126        1.04842        0.78785
0.496244        0.66651        0.69294        1.03967        0.99219        0.94998       -0.04495        1.61394       -2.00594        1.05014        0.78171
0.504316        0.65658        0.68354        1.04108        0.98543        0.94954       -0.04529        1.64367       -2.03057        1.05191        0.77542
0.512519        0.64643        0.67392        1.04254        0.97790        0.94910       -0.04560        1.67389       -2.05512        1.05374        0.76898
0.520855        0.63607        0.66409        1.04406        0.96953        0.94867       -0.04585        1.70458       -2.07956        1.05563        0.76239
0.529327        0.62549        0.65403        1.04563        0.96012        0.94824       -0.04604        1.73573       -2.10377        1.05759        0.75564
0.537936        0.61471        0.64377        1.04727        0.94961        0.94782       -0.04617        1.76731       -2.12773        1.05960        0.74873
0.546686        0.60374        0.63330        1.04897        0.93800        0.94742       -0.04622        1.79930       -2.15145        1.06168        0.74165
0.555578        0.59259        0.62265        1.05073        0.92517        0.94704       -0.04619        1.83167       -2.17489        1.06382        0.73442
0.564614        0.58127        0.61181        1.05256        0.91105        0.94668       -0.04607        1.86438       -2.19800        1.06601        0.72702
0.573798        0.56979        0.60081        1.05445        0.89553        0.94635       -0.04586        1.89740       -2.22073        1.06827        0.71946
0.583131        0.55817        0.58965        1.05642        0.87851        0.94606       -0.04553        1.93066       -2.24303        1.07058        0.71174
0.592615        0.54643        0.57837        1.05846        0.85989        0.94582       -0.04509        1.96411       -2.26486        1.07295        0.70384
0.602254        0.53459        0.56697        1.06057        0.83959        0.94564       -0.04451        1.99768       -2.28615        1.07537        0.69578
0.612050        0.52268        0.55548        1.06277        0.81750        0.94552       -0.04379        2.03130       -2.30685        1.07784        0.68756
0.622005        0.51072        0.54394        1.06504        0.79357        0.94549       -0.04292        2.06487       -2.32692        1.08036        0.67916
0.632122        0.49875        0.53236        1.06741        0.76771        0.94554       -0.04188        2.09830       -2.34631        1.08291        0.67060
0.642403        0.48679        0.52079        1.06985        0.73988        0.94570       -0.04067        2.13148       -2.36496        1.08550        0.66187
0.652852        0.47489        0.50926        1.07239        0.71006        0.94598       -0.03927        2.16430       -2.38282        1.08812        0.65297
0.663471        0.46308        0.49782        1.07502        0.67822        0.94639       -0.03768        2.19663       -2.39986        1.09075        0.64391
0.674262        0.45141        0.48650        1.07774        0.64440        0.94695       -0.03590        2.22834       -2.41603        1.09339        0.63468
0.685229        0.43991        0.47535        1.08056        0.60861        0.94768       -0.03391        2.25928       -2.43130        1.09603        0.62529
0.696374        0.42864        0.46441        1.08348        0.57094        0.94858       -0.03172        2.28930       -2.44562        1.09866        0.61574
0.707701        0.41763        0.45375        1.08650        0.53146        0.94967       -0.02932        2.31825       -2.45898        1.10126        0.60602
0.719212        0.40694        0.44340        1.08961        0.49030        0.95097       -0.02672        2.34597       -2.47134        1.10382        0.59615
0.730910        0.39664        0.43346        1.09284        0.44755        0.95250       -0.02391        2.37217       -2.48262        1.10632        0.58612
0.742798        0.38680        0.42399        1.09617        0.40338        0.95427       -0.02090        2.39663       -2.49279        1.10874        0.57594
0.754880        0.37743        0.41502        1.09961        0.35801        0.95628       -0.01771        2.41930       -2.50190        1.11107        0.56562
0.767158        0.36857        0.40659        1.10315        0.31162        0.95853       -0.01434        2.44000       -2.50997        1.11330        0.55514
0.779636        0.36028        0.39876        1.10680        0.26438        0.96104       -0.01081        2.45856       -2.51699        1.11540        0.54453
0.792317        0.35270        0.39169        1.11056        0.21649        0.96383       -0.00712        2.47441       -2.52278        1.11732        0.53379
0.805204        0.34581        0.38538        1.11443        0.16812        0.96687       -0.00328        2.48762       -2.52748        1.11907        0.52291
0.818301        0.33962        0.37983        1.11840        0.11938        0.97017        0.00068        2.49808       -2.53113        1.12064        0.51191
0.831610        0.33426        0.37520        1.12248        0.07044        0.97373        0.00477        2.50533       -2.53361        1.12196        0.50079
0.845137        0.32980        0.37157        1.12666        0.02139        0.97754        0.00897        2.50904       -2.53491        1.12301        0.48956
0.858883        0.32618        0.36889        1.13094       -0.02779        0.98158        0.01328        2.50934       -2.53512        1.12378        0.47822
0.872853        0.32359        0.36738        1.13532       -0.07700        0.98584        0.01770        2.50544       -2.53406        1.12421        0.46680
0.887050        0.32202        0.36703        1.13979       -0.12635        0.99031        0.02223        2.49735       -2.53180        1.12427        0.45528
0.901478        0.32150        0.36791        1.14434       -0.17591        0.99497        0.02688        2.48473       -2.52827        1.12393        0.44368
0.916140        0.32221        0.37021        1.14897       -0.22575        0.99979        0.03166        2.46683       -2.52332        1.12309        0.43201
0.931041        0.32406        0.37387        1.15368       -0.27605        1.00475        0.03659        2.44375       -2.51700        1.12175        0.42028
0.946185        0.32731        0.37917        1.15844       -0.32696        1.00982        0.04170        2.41430       -2.50900        1.11979        0.40851
0.961575        0.33186        0.38604        1.16325       -0.37865        1.01496        0.04698        2.37861       -2.49937        1.11719        0.39668
0.977215        0.33793        0.39474        1.16810       -0.43128        1.02015        0.05249        2.33541       -2.48776        1.11380        0.38484
0.993109        0.34552        0.40529        1.17296       -0.48497        1.02534        0.05824        2.28433       -2.47405        1.10957        0.37297
1.009262        0.35468        0.41776        1.17782       -0.53980        1.03049        0.06424        2.22465       -2.45801        1.10439        0.36110
1.025678        0.36560        0.43239        1.18265       -0.59575        1.03556        0.07052        2.15472       -2.43912        1.09805        0.34924
1.042361        0.37817        0.44905        1.18743       -0.65266        1.04051        0.07706        2.07443       -2.41730        1.09052        0.33740
1.059315        0.39244        0.46784        1.19212       -0.71025        1.04530        0.08387        1.98234       -2.39203        1.08159        0.32558
1.076545        0.40845        0.48879        1.19668       -0.76795        1.04987        0.09089        1.87670       -2.36271        1.07103        0.31383
1.094055        0.42596        0.51162        1.20108       -0.82508        1.05421        0.09806        1.75710       -2.32910        1.05874        0.30212
1.111850        0.44478        0.53608        1.20526       -0.88068        1.05829        0.10528        1.62227       -2.29074        1.04452        0.29049
1.129934        0.46460        0.56179        1.20919       -0.93347        1.06212        0.11242        1.47093       -2.24715        1.02817        0.27894
1.148312        0.48491        0.58808        1.21276       -0.98164        1.06566        0.11927        1.30139       -2.19777        1.00941        0.26751
1.166990        0.50501        0.61407        1.21595       -1.02358        1.06897        0.12562        1.11358       -2.14267        0.98815        0.25619
1.185971        0.52405        0.63865        1.21867       -1.05722        1.07207        0.13120        0.90700       -2.08190        0.96426        0.24500
1.205261        0.54099        0.66047        1.22086       -1.08031        1.07499        0.13571        0.68163       -2.01585        0.93764        0.23396
1.224865        0.55460        0.67797        1.22243       -1.09038        1.07776        0.13879        0.43809       -1.94530        0.90828        0.22308
1.244787        0.56360        0.68945        1.22331       -1.08496        1.08037        0.14006        0.17786       -1.87156        0.87628        0.21237
1.265034        0.56667        0.69328        1.22343       -1.06166        1.08277        0.13915       -0.09651       -1.79644        0.84187        0.20184
1.285610        0.56273        0.68807        1.22273       -1.01863        1.08486        0.13569       -0.38124       -1.72221        0.80545        0.19153
1.306520        0.55106        0.67294        1.22116       -0.95500        1.08642        0.12947       -0.67121       -1.65141        0.76763        0.18142
1.327771        0.53158        0.64784        1.21869       -0.87163        1.08718        0.12048       -0.96008       -1.58655        0.72921        0.17154
1.349367        0.50494        0.61367        1.21532       -0.77164        1.08682        0.10901       -1.24071       -1.52977        0.69114        0.16190
1.371315        0.47248        0.57220        1.21106       -0.66046        1.08499        0.09568       -1.50526       -1.48269        0.65449        0.15252
1.393619        0.43632        0.52619        1.20596       -0.54569        1.08147        0.08149       -1.74719       -1.44561        0.62025        0.14340
1.416287        0.39877        0.47858        1.20011       -0.43480        1.07624        0.06746       -1.96240       -1.41773        0.58911        0.13455
1.439323        0.36188        0.43193        1.19359       -0.33364        1.06942        0.05445       -2.14865       -1.39776        0.56150        0.12598
1.462733        0.32740        0.38846        1.18647       -0.24651        1.06117        0.04312       -2.30430       -1.38439        0.53778        0.11771
1.486525        0.29634        0.34936        1.17886       -0.17404        1.05180        0.03364       -2.43201       -1.37576        0.51773        0.10974
1.510703        0.26919        0.31519        1.17086       -0.11545        1.04158        0.02597       -2.53450       -1.37054        0.50107        0.10206
1.535275        0.24632        0.28635        1.16252       -0.06965        1.03072        0.02000       -2.61353       -1.36777        0.48765        0.09471
1.560246        0.22732        0.26231        1.15394       -0.03380        1.01942        0.01535       -2.67351       -1.36656        0.47694        0.08765
1.585624        0.21225        0.24307        1.14517       -0.00659        1.00782        0.01184       -2.71563       -1.36644        0.46882        0.08094
1.611414        0.20058        0.22792        1.13627        0.01426        0.99604        0.00912       -2.74318       -1.36700        0.46289        0.07453
1.637624        0.19219        0.21665        1.12728        0.02985        0.98419        0.00703       -2.75712       -1.36801        0.45906        0.06844
1.664260        0.18679        0.20888        1.11825        0.04140        0.97233        0.00538       -2.75886       -1.36930        0.45717        0.06268
1.691330        0.18419        0.20430        1.10921        0.04980        0.96052        0.00403       -2.74917       -1.37077        0.45717        0.05724
1.718839        0.18435        0.20282        1.10021        0.05564        0.94883        0.00289       -2.72798       -1.37235        0.45915        0.05211
1.746796        0.18723        0.20432        1.09129        0.05950        0.93731        0.00188       -2.69507       -1.37401        0.46320        0.04730
1.775208        0.19283        0.20874        1.08247        0.06183        0.92600        0.00095       -2.64986       -1.37573        0.46951        0.04280
1.804082        0.20123        0.21608        1.07382        0.06296        0.91496        0.00008       -2.59114       -1.37748        0.47837        0.03860
1.833425        0.21250        0.22639        1.06536        0.06319        0.90423       -0.00074       -2.51728       -1.37929        0.49017        0.03469
1.863246        0.22671        0.23966        1.05716        0.06274        0.89388       -0.00151       -2.42620       -1.38115        0.50541        0.03107
1.893552        0.24381        0.25582        1.04928        0.06175        0.88397       -0.00222       -2.31546       -1.38307        0.52465        0.02773
1.924351        0.26358        0.27458        1.04178        0.06029        0.87458       -0.00282       -2.18236       -1.38507        0.54855        0.02465
1.955651        0.28546        0.29537        1.03473        0.05837        0.86579       -0.00330       -2.02423       -1.38714        0.57780        0.02183
1.987460        0.30849        0.31720        1.02823        0.05591        0.85770       -0.00359       -1.83878       -1.38929        0.61303        0.01926
2.019786        0.33113        0.33853        1.02236        0.05281        0.85041       -0.00365       -1.62471       -1.39149        0.65470        0.01692
2.052638        0.35119        0.35724        1.01725        0.04892        0.84407       -0.00341       -1.38179       -1.39369        0.70310        0.01480
2.086024        0.36617        0.37092        1.01297        0.04418        0.83876       -0.00285       -1.11324       -1.39583        0.75777        0.01289
2.119953        0.37360        0.37719        1.00960        0.03861        0.83458       -0.00194       -0.82464       -1.39782        0.81774        0.01117
2.154435        0.37118        0.37387        1.00725        0.03235        0.83164       -0.00067       -0.52416       -1.39956        0.88146        0.00964
2.189477        0.35841        0.36053        1.00592        0.02567        0.82994        0.00091       -0.22246       -1.40100        0.94669        0.00828
2.225089        0.33566        0.33756        1.00566        0.01888        0.82954        0.00277        0.06893       -1.40208        1.01095        0.00708
2.261280        0.30526        0.30722        1.00641        0.01224        0.83037        0.00491        0.34030       -1.40284        1.07197        0.00602
2.298060        0.27004        0.27224        1.00814        0.00587        0.83236        0.00733        0.58339       -1.40329        1.12775        0.00509
2.335438        0.23320        0.23571        1.01077       -0.00025        0.83543        0.01011        0.79391       -1.40350        1.17708        0.00428
2.373424        0.19737        0.20018        1.01421       -0.00629        0.83944        0.01337        0.97085       -1.40353        1.21946        0.00358
2.412028        0.16444        0.16746        1.01837       -0.01253        0.84426        0.01727        1.11547       -1.40343        1.25493        0.00297
2.451260        0.13543        0.13857        1.02315       -0.01932        0.84979        0.02203        1.23081       -1.40323        1.28397        0.00246
2.491130        0.11070        0.11386        1.02848       -0.02706        0.85590        0.02789        1.32081       -1.40297        1.30731        0.00202
2.531648        0.09012        0.09321        1.03429       -0.03612        0.86248        0.03512        1.38965       -1.40267        1.32579        0.00165
2.572826        0.07327        0.07624        1.04051       -0.04691        0.86943        0.04401        1.44125       -1.40233        1.34023        0.00133
2.614673        0.05964        0.06245        1.04711       -0.05981        0.87668        0.05487        1.47908       -1.40197        1.35137        0.00107
2.657201        0.04869        0.05132        1.05404       -0.07514        0.88414        0.06800        1.50127       -1.40159        1.35859        0.00000
2.700421        0.03993        0.04238        1.06126       -0.09316        0.89174        0.08367        1.51976       -1.40122        1.36496        0.00000
2.744343        0.03296        0.03522        1.06876       -0.11437        0.89943        0.10228        1.53157       -1.40084        1.36964        0.00000
2.788980        0.02737        0.02946        1.07652       -0.13902        0.90717        0.12408        1.53830       -1.40048        1.37299        0.00000
2.834343        0.02290        0.02483        1.08454       -0.16737        0.91491        0.14937        1.54102       -1.40012        1.37528        0.00000
2.880444        0.01930        0.02109        1.09280       -0.19958        0.92264        0.17835        1.54068       -1.39978        1.37673        0.00000
2.927295        0.01639        0.01805        1.10131       -0.23585        0.93032        0.21125        1.53791       -1.39947        1.37750        0.00000
2.974908        0.01404        0.01558        1.11005       -0.27624        0.93793        0.24821        1.53329       -1.39918        1.37773        0.00000
3.023295        0.01211        0.01355        1.11903       -0.32079        0.94547        0.28935        1.52719       -1.39891        1.37751        0.00000
3.072469        0.01052        0.01187        1.12826       -0.36952        0.95293        0.33476        1.51993       -1.39866        1.37693        0.00000
3.122443        0.00921        0.01048        1.13772       -0.42244        0.96030        0.38453        1.51174       -1.39844        1.37604        0.00000
3.173230        0.00811        0.00931        1.14742       -0.47956        0.96757        0.43874        1.50281       -1.39824        1.37490        0.00000
3.224842        0.00719        0.00832        1.15738       -0.54099        0.97474        0.49761        1.49328       -1.39807        1.37354        0.00000
3.277295        0.00639        0.00746        1.16758       -0.60840        0.98165        0.56275        1.48331       -1.39797        1.37200        0.00000
3.330600        0.00582        0.00686        1.17766       -0.66970        0.98916        0.62160        1.47863       -1.39766        1.37242        0.00000
3.384773        0.00523        0.00622        1.18842       -0.74469        0.99603        0.69532        1.46785       -1.39757        1.37054        0.00000
3.439826        0.00474        0.00569        1.19947       -0.82119        1.00306        0.77146        1.45670       -1.39744        1.36849        0.00000
3.495776        0.00432        0.00523        1.21078       -0.90107        1.01007        0.85183        1.44528       -1.39732        1.36630        0.00000
3.552635        0.00395        0.00482        1.22239       -0.98436        1.01707        0.93654        1.43362       -1.39719        1.36397        0.00000
3.610419        0.00362        0.00447        1.23429       -1.07102        1.02405        1.02566        1.42174       -1.39706        1.36152        0.00000
3.669142        0.00334        0.00416        1.24650       -1.16097        1.03104        1.11919        1.40967       -1.39693        1.35893        0.00000
3.728821        0.00308        0.00388        1.25901       -1.25415        1.03803        1.21719        1.39742       -1.39679        1.35623        0.00000
3.789471        0.00286        0.00364        1.27185       -1.35052        1.04504        1.31971        1.38500       -1.39664        1.35340        0.00000
3.851107        0.00266        0.00342        1.28501       -1.45003        1.05207        1.42681        1.37243       -1.39647        1.35045        0.00000
3.913746        0.00248        0.00322        1.29852       -1.55262        1.05913        1.53854        1.35972       -1.39629        1.34738        0.00000
3.977403        0.00232        0.00304        1.31237       -1.65829        1.06623        1.65500        1.34686       -1.39608        1.34419        0.00000
4.042096        0.00217        0.00288        1.32658       -1.76699        1.07338        1.77626        1.33388       -1.39585        1.34087        0.00000
4.107841        0.00204        0.00273        1.34116       -1.87871        1.08058        1.90242        1.32077       -1.39560        1.33743        0.00000
4.174655        0.00191        0.00260        1.35612       -1.99342        1.08783        2.03357        1.30754       -1.39531        1.33387        0.00000
4.242556        0.00180        0.00247        1.37148       -2.11114        1.09515        2.16984        1.29419       -1.39499        1.33017        0.00000
4.311562        0.00170        0.00236        1.38724       -2.23184        1.10253        2.31135        1.28073       -1.39463        1.32635        0.00000
4.381690        0.00161        0.00226        1.40341       -2.35552        1.11000        2.45822        1.26716       -1.39423        1.32241        0.00000
4.452959        0.00152        0.00216        1.42002       -2.48221        1.11754        2.61059        1.25349       -1.39379        1.31833        0.00000
4.525386        0.00144        0.00208        1.43706       -2.61189        1.12516        2.76862        1.23973       -1.39329        1.31411        0.00000
4.598992        0.00137        0.00199        1.45457       -2.74459        1.13288        2.93245        1.22587       -1.39275        1.30977        0.00000
4.673795        0.00130        0.00192        1.47254       -2.88032        1.14070        3.10224        1.21191       -1.39214        1.30529        0.00000
4.749815        0.00124        0.00185        1.49100       -3.01911        1.14861        3.27820        1.19788       -1.39148        1.30067        0.00000
4.827071        0.00118        0.00178        1.50996       -3.16097        1.15664        3.46047        1.18376       -1.39075        1.29592        0.00000
4.905584        0.00113        0.00172        1.52943       -3.30594        1.16477        3.64926        1.16956       -1.38995        1.29102        0.00000
4.985373        0.00107        0.00166        1.54944       -3.45405        1.17303        3.84479        1.15530       -1.38908        1.28599        0.00000
5.066461        0.00103        0.00161        1.57000       -3.60534        1.18141        4.04725        1.14097       -1.38813        1.28082        0.00000
5.148867        0.00098        0.00156        1.59112       -3.75985        1.18992        4.25688        1.12658       -1.38709        1.27551        0.00000
5.232614        0.00094        0.00151        1.61283       -3.91764        1.19857        4.47391        1.11214       -1.38595        1.27006        0.00000
5.317723        0.00090        0.00147        1.63514       -4.07875        1.20736        4.69860        1.09765       -1.38472        1.26446        0.00000
5.404216        0.00086        0.00143        1.65808       -4.24325        1.21631        4.93120        1.08313       -1.38339        1.25873        0.00000
5.492116        0.00083        0.00139        1.68166       -4.41121        1.22542        5.17200        1.06857       -1.38194        1.25286        0.00000
5.581446        0.00079        0.00135        1.70590       -4.58272        1.23470        5.42130        1.05399       -1.38037        1.24686        0.00000
5.672229        0.00076        0.00131        1.73084       -4.75786        1.24416        5.67942        1.03940       -1.37867        1.24072        0.00000
5.764488        0.00073        0.00128        1.75648       -4.93674        1.25382        5.94667        1.02480       -1.37684        1.23444        0.00000
5.858248        0.00070        0.00125        1.78286       -5.11948        1.26369        6.22345        1.01021       -1.37485        1.22805        0.00000
5.953533        0.00067        0.00122        1.81000       -5.30623        1.27379        6.51011        0.99563       -1.37270        1.22152        0.00000
6.050368        0.00065        0.00119        1.83793       -5.49714        1.28413        6.80710        0.98109       -1.37038        1.21488        0.00000
6.148778        0.00062        0.00116        1.86668       -5.69242        1.29473        7.11486        0.96659       -1.36787        1.20813        0.00000
6.248788        0.00060        0.00114        1.89627       -5.89227        1.30563        7.43389        0.95216       -1.36515        1.20127        0.00000
6.350425        0.00058        0.00111        1.92674       -6.09698        1.31684        7.76473        0.93780       -1.36221        1.19432        0.00000
6.453715        0.00056        0.00109        1.95812       -6.30686        1.32841        8.10800        0.92354       -1.35902        1.18729        0.00000
6.558686        0.00054        0.00107        1.99045       -6.52228        1.34038        8.46440        0.90940       -1.35556        1.18018        0.00000
6.665363        0.00052        0.00105        2.02376       -6.74371        1.35280        8.83466        0.89540       -1.35179        1.17303        0.00000
6.773776        0.00050        0.00102        2.05810       -6.97170        1.36572        9.21969        0.88158       -1.34769        1.16584        0.00000
6.883952        0.00048        0.00101        2.09351       -7.20694        1.37924        9.62050        0.86797       -1.34321        1.15865        0.00000
6.995920        0.00046        0.00099        2.13005       -7.45028        1.39343       10.03831        0.85461       -1.33829        1.15148        0.00000
7.109709        0.00045        0.00097        2.16777       -7.70278        1.40842       10.47451        0.84156       -1.33288        1.14438        0.00000
7.225349        0.00043        0.00095        2.20672       -7.96576        1.42437       10.93081        0.82886       -1.32689        1.13738        0.00000
7.342870        0.00042        0.00093        2.24698       -8.24097        1.44146       11.40937        0.81661       -1.32022        1.13057        0.00000
7.462303        0.00040        0.00092        2.28864       -8.53064        1.45997       11.91280        0.80489       -1.31273        1.12400        0.00000
7.583678        0.00039        0.00090        2.33177       -8.83776        1.48023       12.44452        0.79383       -1.30425        1.11780        0.00000
7.707027        0.00037        0.00089        2.37650       -9.16639        1.50275       13.00901        0.78362       -1.29453        1.11211        0.00000
7.832383        0.00036        0.00087        2.42296       -9.52213        1.52821       13.61230        0.77447       -1.28322        1.10714        0.00000
7.959777        0.00035        0.00086        2.47131       -9.91314        1.55764       14.26295        0.76673       -1.26981        1.10317        0.00000
8.089243        0.00033        0.00084        2.52179      -10.35151        1.59262       14.97341        0.76092       -1.25350        1.10066        0.00000
8.220816        0.00032        0.00083        2.57468      -10.85637        1.63578       15.76288        0.75782       -1.23302        1.10032        0.00000
8.354528        0.00031        0.00082        2.63039      -11.45977        1.69175       16.66320        0.75880       -1.20607        1.10335        0.00000
8.490415        0.00030        0.00080        2.68957      -12.22130        1.76976       17.73241        0.76641       -1.16810        1.11202        0.00000
8.628513        0.00029        0.00079        2.75328      -13.26601        1.89139       19.09069        0.78605       -1.10855        1.13118        0.00000
8.768856        0.00028        0.00078        2.82359      -14.92319        2.12405       21.04995        0.83215       -0.99439        1.17380        0.00000
8.911482        0.00026        0.00076        2.88965      -17.40345        2.66498       23.89684        0.90638       -0.72881        1.24370        0.00000
9.056428        0.00025        0.00072        2.91686      -18.28635        3.12731       25.51877        0.88769       -0.50056        1.23644        0.00000
9.203732        0.00023        0.00068        2.94451      -19.18361        3.59716       27.16708        0.86869       -0.26859        1.22906        0.00000
9.353432        0.00022        0.00065        3.00780      -18.46440        3.01236       27.31543        0.77702       -0.53973        1.14944        0.00000
9.505566        0.00021        0.00064        3.08757      -17.18271        2.55508       26.85148        0.67684       -0.75214        1.05739        0.00000
9.660175        0.00020        0.00063        3.16309      -16.42785        2.34248       26.83423        0.60898       -0.84853        0.99461        0.00000
9.817298        0.00019        0.00062        3.23586      -15.97318        2.22550       27.07560        0.55973       -0.89954        0.94867        0.00000
9.976978        0.00018        0.00061        3.30701      -15.67739        2.15097       27.45759        0.52084       -0.93034        0.91207        0.00000
10.139254        0.00018        0.00060        3.37729      -15.47116        2.09872       27.92295        0.48815       -0.95045        0.88100        0.00000
10.304170        0.00017        0.00059        3.44685      -15.32925        2.06200       28.45101        0.46032       -0.96305        0.85426        0.00000
10.471768        0.00017        0.00058        3.51613      -15.22418        2.03426       29.01950        0.43558       -0.97125        0.83020        0.00000
10.642092        0.00016        0.00057        3.58525      -15.14537        2.01316       29.61996        0.41331       -0.97615        0.80828        0.00000
10.815187        0.00015        0.00057        3.65426      -15.08495        1.99713       30.24612        0.39311       -0.97849        0.78812        0.00000
10.991097        0.00015        0.00056        3.72335      -15.03543        1.98451       30.89195        0.37439       -0.97905        0.76920        0.00000
11.169868        0.00015        0.00055        3.79249      -14.99363        1.97486       31.55491        0.35709       -0.97805        0.75144        0.00000
11.351547        0.00014        0.00054        3.86176      -14.95572        1.96736       32.23187        0.34088       -0.97587        0.73458        0.00000
11.536181        0.00014        0.00054        3.93120      -14.91937        1.96158       32.92099        0.32559       -0.97272        0.71844        0.00000
11.723818        0.00013        0.00053        4.00073      -14.88266        1.95735       33.62045        0.31124       -0.96868        0.70304        0.00000
11.914507        0.00013        0.00052        4.07047      -14.84408        1.95424       34.32903        0.29759       -0.96396        0.68818        0.00000
12.108298        0.00013        0.00052        4.14032      -14.80234        1.95214       35.04546        0.28464       -0.95861        0.67385        0.00000
12.305240        0.00012        0.00051        4.21029      -14.75637        1.95089       35.76863        0.27230       -0.95272        0.65999        0.00000
12.505386        0.00012        0.00051        4.28043      -14.70564        1.95032       36.49807        0.26049       -0.94637        0.64652        0.00000
12.708787        0.00011        0.00050        4.35055      -14.64878        1.95041       37.23205        0.24926       -0.93957        0.63347        0.00000
12.915497        0.00011        0.00049        4.42078      -14.58582        1.95101       37.97068        0.23847       -0.93240        0.62075        0.00000
13.125568        0.00011        0.00049        4.49103      -14.51606        1.95208       38.71295        0.22812       -0.92488        0.60835        0.00000
13.339057        0.00011        0.00048        4.56120      -14.43875        1.95358       39.45775        0.21822       -0.91704        0.59628        0.00000
13.556018        0.00010        0.00047        4.63137      -14.35413        1.95542       40.20534        0.20867       -0.90892        0.58446        0.00000
13.776508        0.00010        0.00047        4.70136      -14.26114        1.95762       40.95390        0.19953       -0.90053        0.57294        0.00000
14.000584        0.00010        0.00046        4.77121      -14.15997        1.96011       41.70369        0.19072       -0.89189        0.56167        0.00000
14.228305        0.00009        0.00046        4.84088      -14.05047        1.96288       42.45420        0.18224       -0.88302        0.55062        0.00000
14.459729        0.00009        0.00045        4.91020      -13.93176        1.96591       43.20367        0.17410       -0.87394        0.53984        0.00000
14.694918        0.00009        0.00045        4.97927      -13.80448        1.96917       43.95305        0.16623       -0.86466        0.52926        0.00000
14.933932        0.00009        0.00044        5.04791      -13.66785        1.97266       44.70063        0.15867       -0.85519        0.51890        0.00000
15.176834        0.00008        0.00043        5.11610      -13.52193        1.97637       45.44616        0.15139       -0.84555        0.50875        0.00000
15.423686        0.00008        0.00043        5.18388      -13.36697        1.98028       46.19003        0.14434       -0.83574        0.49878        0.00000
15.674554        0.00008        0.00042        5.25093      -13.20187        1.98440       46.92948        0.13758       -0.82577        0.48903        0.00000
15.929502        0.00008        0.00042        5.31745      -13.02754        1.98872       47.66619        0.13105       -0.81565        0.47945        0.00000
16.188597        0.00008        0.00041        5.38325      -12.84345        1.99323       48.39866        0.12474       -0.80538        0.47006        0.00000
16.451906        0.00007        0.00040        5.44822      -12.64935        1.99794       49.12596        0.11867       -0.79498        0.46084        0.00000
16.719498        0.00007        0.00040        5.51246      -12.44573        2.00283       49.84908        0.11280       -0.78445        0.45178        0.00000
16.991442        0.00007        0.00039        5.57566      -12.23169        2.00794       50.56532        0.10715       -0.77379        0.44291        0.00000
17.267809        0.00007        0.00039        5.63794      -12.00782        2.01324       51.27592        0.10168       -0.76300        0.43418        0.00000
17.548671        0.00007        0.00038        5.69920      -11.77391        2.01875       51.98021        0.09640       -0.75210        0.42560        0.00000
17.834102        0.00007        0.00038        5.75922      -11.52941        2.02448       52.67630        0.09132       -0.74108        0.41718        0.00000
18.124175        0.00006        0.00037        5.81815      -11.27491        2.03043       53.36583        0.08639       -0.72993        0.40889        0.00000
18.418967        0.00006        0.00036        5.87572      -11.00965        2.03660       54.04646        0.08164       -0.71868        0.40075        0.00000
18.718553        0.00006        0.00036        5.93194      -10.73377        2.04302       54.71867        0.07705       -0.70731        0.39274        0.00000
19.023012        0.00006        0.00035        5.98683      -10.44735        2.04968       55.38281        0.07260       -0.69582        0.38484        0.00000
19.332423        0.00006        0.00035        6.04003      -10.14937        2.05661       56.03594        0.06831       -0.68421        0.37708        0.00000
19.646866        0.00006        0.00034        6.09177       -9.84042        2.06382       56.68040        0.06414       -0.67249        0.36942        0.00000
19.966425        0.00005        0.00033        6.14180       -9.51972        2.07132       57.31436        0.06011       -0.66063        0.36187        0.00000
20.291180        0.00005        0.00033        6.19003       -9.18683        2.07914       57.93736        0.05621       -0.64865        0.35442        0.00000
20.621218        0.00005        0.00032        6.23658       -8.84180        2.08728       58.55065        0.05241       -0.63653        0.34705        0.00000
20.956624        0.00005        0.00032        6.28102       -8.48304        2.09579       59.15111        0.04874       -0.62426        0.33978        0.00000
21.297485        0.00005        0.00031        6.32357       -8.11071        2.10467       59.74094        0.04516       -0.61183        0.33257        0.00000
21.643891        0.00005        0.00030        6.36405       -7.72368        2.11397       60.31921        0.04167       -0.59923        0.32542        0.00000
21.995931        0.00005        0.00030        6.40224       -7.32023        2.12373       60.88455        0.03828       -0.58643        0.31832        0.00000
22.353696        0.00005        0.00029        6.43831       -6.89998        2.13397       61.43897        0.03496       -0.57342        0.31124        0.00000
22.717281        0.00004        0.00028        6.47187       -6.45984        2.14476       61.98010        0.03171       -0.56017        0.30418        0.00000
23.086780        0.00004        0.00028        6.50299       -5.99819        2.15616       62.50938        0.02852       -0.54663        0.29711        0.00000
23.462288        0.00004        0.00027        6.53164       -5.51243        2.16822       63.02739        0.02537       -0.53277        0.29001        0.00000
23.843905        0.00004        0.00026        6.55734       -4.99598        2.18112       63.53237        0.02225       -0.51849        0.28282        0.00000
24.231728        0.00004        0.00026        6.58037       -4.44577        2.19489       64.02756        0.01914       -0.50374        0.27552        0.00000
24.625859        0.00004        0.00025        6.60029       -3.85104        2.20978       64.51267        0.01601       -0.48835        0.26802        0.00000
25.026401        0.00004        0.00024        6.61693       -3.19786        2.22607       64.99055        0.01281       -0.47212        0.26022        0.00000
25.433458        0.00004        0.00023        6.63031       -2.46936        2.24409       65.46603        0.00951       -0.45478        0.25198        0.00000
25.847135        0.00003        0.00022        6.63966       -1.61452        2.26483       65.94755        0.00595       -0.43557        0.24293        0.00000
26.267541        0.00003        0.00021        6.64452       -0.52567        2.29027       66.46143        0.00184       -0.41286        0.23225        0.00000
