x               rho            P              T              ur             uphi           uz             Br             Bphi           Bz             m
0.010000        0.99961        0.99964        1.00003        0.92668        0.97583       -0.00092        0.05757       -0.17909        1.00004        0.99990
0.010163        0.99960        0.99963        1.00003        0.92669        0.97583       -0.00093        0.05851       -0.18200        1.00004        0.99990
0.010328        0.99958        0.99961        1.00003        0.92671        0.97583       -0.00095        0.05946       -0.18496        1.00004        0.99989
0.010496        0.99955        0.99959        1.00003        0.92672        0.97583       -0.00097        0.06043       -0.18797        1.00004        0.99989
0.010667        0.99953        0.99957        1.00003        0.92674        0.97583       -0.00098        0.06142       -0.19103        1.00004        0.99988
0.010840        0.99951        0.99954        1.00004        0.92675        0.97583       -0.00100        0.06242       -0.19413        1.00004        0.99988
0.011016        0.99949        0.99952        1.00004        0.92677        0.97583       -0.00101        0.06343       -0.19729        1.00005        0.99987
0.011196        0.99946        0.99950        1.00004        0.92679        0.97583       -0.00103        0.06446       -0.20050        1.00005        0.99986
0.011378        0.99944        0.99948        1.00004        0.92681        0.97583       -0.00105        0.06551       -0.20376        1.00005        0.99986
0.011563        0.99941        0.99945        1.00004        0.92682        0.97583       -0.00106        0.06658       -0.20707        1.00005        0.99985
0.011751        0.99939        0.99943        1.00004        0.92684        0.97583       -0.00108        0.06766       -0.21044        1.00005        0.99985
0.011942        0.99936        0.99941        1.00005        0.92686        0.97583       -0.00110        0.06877       -0.21386        1.00006        0.99984
0.012136        0.99934        0.99938        1.00005        0.92688        0.97583       -0.00112        0.06988       -0.21734        1.00006        0.99984
0.012334        0.99931        0.99936        1.00005        0.92690        0.97583       -0.00113        0.07102       -0.22088        1.00006        0.99983
0.012534        0.99928        0.99933        1.00005        0.92692        0.97583       -0.00115        0.07218       -0.22447        1.00006        0.99982
0.012738        0.99926        0.99931        1.00005        0.92694        0.97583       -0.00117        0.07335       -0.22812        1.00007        0.99982
0.012945        0.99923        0.99928        1.00005        0.92696        0.97582       -0.00119        0.07455       -0.23183        1.00007        0.99981
0.013156        0.99920        0.99926        1.00006        0.92698        0.97582       -0.00121        0.07576       -0.23560        1.00007        0.99981
0.013370        0.99917        0.99923        1.00006        0.92700        0.97582       -0.00123        0.07699       -0.23943        1.00007        0.99980
0.013587        0.99914        0.99920        1.00006        0.92702        0.97582       -0.00125        0.07825       -0.24333        1.00007        0.99979
0.013808        0.99912        0.99918        1.00006        0.92704        0.97582       -0.00127        0.07952       -0.24728        1.00008        0.99979
0.014033        0.99909        0.99915        1.00006        0.92706        0.97582       -0.00129        0.08081       -0.25130        1.00008        0.99978
0.014261        0.99906        0.99912        1.00007        0.92708        0.97582       -0.00131        0.08213       -0.25539        1.00008        0.99977
0.014493        0.99903        0.99909        1.00007        0.92711        0.97582       -0.00133        0.08347       -0.25955        1.00008        0.99977
0.014729        0.99899        0.99906        1.00007        0.92713        0.97582       -0.00136        0.08482       -0.26377        1.00009        0.99976
0.014968        0.99896        0.99903        1.00007        0.92715        0.97582       -0.00138        0.08620       -0.26806        1.00009        0.99975
0.015212        0.99893        0.99900        1.00007        0.92717        0.97582       -0.00140        0.08761       -0.27242        1.00009        0.99974
0.015459        0.99890        0.99897        1.00008        0.92720        0.97582       -0.00142        0.08903       -0.27685        1.00009        0.99974
0.015711        0.99886        0.99894        1.00008        0.92722        0.97582       -0.00145        0.09048       -0.28135        1.00010        0.99973
0.015966        0.99883        0.99891        1.00008        0.92725        0.97582       -0.00147        0.09195       -0.28592        1.00010        0.99972
0.016226        0.99880        0.99888        1.00008        0.92727        0.97582       -0.00149        0.09345       -0.29057        1.00010        0.99971
0.016490        0.99876        0.99885        1.00008        0.92730        0.97581       -0.00152        0.09497       -0.29530        1.00011        0.99971
0.016758        0.99873        0.99881        1.00009        0.92732        0.97581       -0.00154        0.09652       -0.30010        1.00011        0.99970
0.017031        0.99869        0.99878        1.00009        0.92735        0.97581       -0.00157        0.09809       -0.30498        1.00011        0.99969
0.017308        0.99865        0.99874        1.00009        0.92738        0.97581       -0.00159        0.09968       -0.30994        1.00011        0.99968
0.017589        0.99862        0.99871        1.00009        0.92740        0.97581       -0.00162        0.10131       -0.31499        1.00012        0.99967
0.017875        0.99858        0.99867        1.00010        0.92743        0.97581       -0.00165        0.10295       -0.32011        1.00012        0.99966
0.018166        0.99854        0.99864        1.00010        0.92746        0.97581       -0.00167        0.10463       -0.32531        1.00012        0.99965
0.018461        0.99850        0.99860        1.00010        0.92749        0.97581       -0.00170        0.10633       -0.33061        1.00013        0.99965
0.018762        0.99846        0.99856        1.00010        0.92752        0.97581       -0.00173        0.10806       -0.33598        1.00013        0.99964
0.019067        0.99842        0.99853        1.00011        0.92754        0.97581       -0.00176        0.10982       -0.34145        1.00013        0.99963
0.019377        0.99838        0.99849        1.00011        0.92757        0.97581       -0.00178        0.11161       -0.34700        1.00014        0.99962
0.019692        0.99834        0.99845        1.00011        0.92760        0.97581       -0.00181        0.11343       -0.35264        1.00014        0.99961
0.020012        0.99829        0.99841        1.00012        0.92764        0.97580       -0.00184        0.11527       -0.35838        1.00014        0.99960
0.020338        0.99823        0.99835        1.00012        0.92768        0.97580       -0.00187        0.11715       -0.36421        1.00015        0.99958
0.020669        0.99816        0.99828        1.00012        0.92773        0.97580       -0.00190        0.11906       -0.37013        1.00016        0.99957
0.021005        0.99808        0.99821        1.00013        0.92779        0.97580       -0.00193        0.12100       -0.37615        1.00016        0.99955
0.021347        0.99801        0.99814        1.00013        0.92784        0.97580       -0.00197        0.12297       -0.38226        1.00017        0.99953
0.021694        0.99793        0.99807        1.00014        0.92790        0.97580       -0.00200        0.12498       -0.38848        1.00017        0.99952
0.022047        0.99786        0.99800        1.00014        0.92795        0.97580       -0.00203        0.12701       -0.39480        1.00018        0.99950
0.022405        0.99778        0.99793        1.00015        0.92801        0.97579       -0.00206        0.12908       -0.40122        1.00019        0.99948
0.022770        0.99770        0.99785        1.00015        0.92807        0.97579       -0.00210        0.13119       -0.40774        1.00019        0.99946
0.023140        0.99761        0.99777        1.00016        0.92813        0.97579       -0.00213        0.13332       -0.41437        1.00020        0.99944
0.023516        0.99753        0.99770        1.00017        0.92819        0.97579       -0.00217        0.13550       -0.42111        1.00021        0.99942
0.023899        0.99745        0.99762        1.00017        0.92825        0.97579       -0.00220        0.13770       -0.42795        1.00021        0.99941
0.024288        0.99736        0.99754        1.00018        0.92831        0.97579       -0.00224        0.13995       -0.43491        1.00022        0.99939
0.024683        0.99728        0.99746        1.00018        0.92838        0.97578       -0.00227        0.14223       -0.44199        1.00023        0.99937
0.025084        0.99719        0.99738        1.00019        0.92844        0.97578       -0.00231        0.14455       -0.44917        1.00024        0.99935
0.025492        0.99710        0.99729        1.00019        0.92851        0.97578       -0.00235        0.14690       -0.45648        1.00024        0.99933
0.025907        0.99701        0.99721        1.00020        0.92857        0.97578       -0.00239        0.14929       -0.46390        1.00025        0.99930
0.026328        0.99691        0.99712        1.00021        0.92864        0.97578       -0.00243        0.15173       -0.47144        1.00026        0.99928
0.026756        0.99682        0.99703        1.00021        0.92871        0.97577       -0.00247        0.15420       -0.47911        1.00027        0.99926
0.027192        0.99672        0.99694        1.00022        0.92878        0.97577       -0.00251        0.15671       -0.48690        1.00027        0.99924
0.027634        0.99663        0.99685        1.00023        0.92885        0.97577       -0.00255        0.15926       -0.49482        1.00028        0.99922
0.028083        0.99653        0.99676        1.00023        0.92892        0.97577       -0.00259        0.16186       -0.50286        1.00029        0.99920
0.028540        0.99643        0.99667        1.00024        0.92899        0.97577       -0.00263        0.16449       -0.51104        1.00030        0.99917
0.029004        0.99633        0.99657        1.00025        0.92907        0.97576       -0.00267        0.16717       -0.51935        1.00031        0.99915
0.029476        0.99622        0.99647        1.00025        0.92914        0.97576       -0.00272        0.16990       -0.52780        1.00031        0.99913
0.029955        0.99612        0.99637        1.00026        0.92922        0.97576       -0.00276        0.17266       -0.53638        1.00032        0.99910
0.030443        0.99598        0.99625        1.00027        0.92932        0.97576       -0.00281        0.17548       -0.54510        1.00033        0.99907
0.030938        0.99583        0.99610        1.00028        0.92943        0.97575       -0.00285        0.17835       -0.55396        1.00035        0.99904
0.031441        0.99567        0.99596        1.00029        0.92954        0.97575       -0.00290        0.18126       -0.56297        1.00036        0.99900
0.031952        0.99552        0.99581        1.00030        0.92966        0.97575       -0.00295        0.18422       -0.57212        1.00037        0.99896
0.032472        0.99536        0.99566        1.00031        0.92977        0.97574       -0.00300        0.18723       -0.58142        1.00039        0.99893
0.033000        0.99519        0.99551        1.00032        0.92989        0.97574       -0.00305        0.19028       -0.59087        1.00040        0.99889
0.033537        0.99503        0.99536        1.00033        0.93001        0.97574       -0.00310        0.19339       -0.60048        1.00041        0.99885
0.034083        0.99486        0.99520        1.00034        0.93014        0.97573       -0.00315        0.19655       -0.61024        1.00043        0.99882
0.034637        0.99469        0.99504        1.00035        0.93026        0.97573       -0.00320        0.19976       -0.62016        1.00044        0.99878
0.035200        0.99452        0.99488        1.00036        0.93039        0.97572       -0.00325        0.20302       -0.63024        1.00045        0.99874
0.035773        0.99434        0.99471        1.00038        0.93052        0.97572       -0.00330        0.20633       -0.64049        1.00047        0.99870
0.036355        0.99416        0.99455        1.00039        0.93065        0.97572       -0.00336        0.20970       -0.65090        1.00048        0.99866
0.036946        0.99398        0.99438        1.00040        0.93078        0.97571       -0.00341        0.21312       -0.66148        1.00050        0.99861
0.037547        0.99380        0.99421        1.00041        0.93091        0.97571       -0.00347        0.21660       -0.67223        1.00051        0.99857
0.038158        0.99361        0.99403        1.00042        0.93105        0.97570       -0.00353        0.22013       -0.68316        1.00053        0.99853
0.038778        0.99342        0.99385        1.00044        0.93119        0.97570       -0.00358        0.22372       -0.69427        1.00054        0.99849
0.039409        0.99322        0.99367        1.00045        0.93133        0.97570       -0.00364        0.22737       -0.70556        1.00056        0.99844
0.040050        0.99303        0.99349        1.00046        0.93148        0.97569       -0.00370        0.23108       -0.71703        1.00058        0.99840
0.040701        0.99277        0.99325        1.00048        0.93166        0.97569       -0.00376        0.23486       -0.72868        1.00060        0.99834
0.041363        0.99251        0.99301        1.00050        0.93185        0.97568       -0.00383        0.23871       -0.74052        1.00062        0.99828
0.042036        0.99225        0.99276        1.00051        0.93205        0.97568       -0.00389        0.24262       -0.75255        1.00064        0.99822
0.042720        0.99198        0.99250        1.00053        0.93225        0.97567       -0.00395        0.24659       -0.76478        1.00066        0.99816
0.043415        0.99170        0.99225        1.00055        0.93245        0.97566       -0.00402        0.25062       -0.77721        1.00069        0.99809
0.044121        0.99142        0.99199        1.00057        0.93265        0.97566       -0.00408        0.25472       -0.78984        1.00071        0.99803
0.044839        0.99114        0.99172        1.00059        0.93286        0.97565       -0.00415        0.25889       -0.80268        1.00073        0.99797
0.045568        0.99085        0.99145        1.00061        0.93307        0.97565       -0.00422        0.26312       -0.81572        1.00076        0.99790
0.046309        0.99056        0.99118        1.00063        0.93329        0.97564       -0.00429        0.26743       -0.82898        1.00078        0.99783
0.047062        0.99026        0.99090        1.00065        0.93350        0.97563       -0.00436        0.27180       -0.84245        1.00081        0.99777
0.047828        0.98996        0.99062        1.00066        0.93373        0.97563       -0.00443        0.27625       -0.85614        1.00083        0.99770
0.048606        0.98965        0.99033        1.00069        0.93395        0.97562       -0.00451        0.28077       -0.87006        1.00086        0.99763
0.049396        0.98934        0.99004        1.00071        0.93418        0.97561       -0.00458        0.28536       -0.88420        1.00088        0.99756
0.050200        0.98902        0.98974        1.00073        0.93442        0.97561       -0.00466        0.29003       -0.89857        1.00091        0.99748
0.051016        0.98862        0.98937        1.00075        0.93471        0.97560       -0.00473        0.29479       -0.91316        1.00094        0.99739
0.051846        0.98822        0.98899        1.00078        0.93501        0.97559       -0.00481        0.29963       -0.92800        1.00097        0.99730
0.052689        0.98782        0.98861        1.00081        0.93531        0.97558       -0.00489        0.30455       -0.94307        1.00101        0.99721
0.053546        0.98740        0.98823        1.00083        0.93561        0.97557       -0.00497        0.30954       -0.95839        1.00104        0.99711
0.054417        0.98699        0.98784        1.00086        0.93592        0.97556       -0.00506        0.31462       -0.97396        1.00108        0.99702
0.055302        0.98656        0.98744        1.00089        0.93624        0.97555       -0.00514        0.31979       -0.98978        1.00111        0.99692
0.056202        0.98613        0.98703        1.00092        0.93656        0.97554       -0.00522        0.32503       -1.00586        1.00115        0.99682
0.057116        0.98569        0.98662        1.00095        0.93688        0.97553       -0.00531        0.33036       -1.02220        1.00118        0.99672
0.058045        0.98524        0.98620        1.00098        0.93721        0.97552       -0.00540        0.33578       -1.03880        1.00122        0.99662
0.058989        0.98478        0.98578        1.00101        0.93755        0.97551       -0.00549        0.34129       -1.05568        1.00126        0.99652
0.059948        0.98432        0.98534        1.00104        0.93789        0.97550       -0.00558        0.34688       -1.07283        1.00130        0.99641
0.060923        0.98378        0.98484        1.00107        0.93829        0.97549       -0.00567        0.35260       -1.09025        1.00134        0.99629
0.061914        0.98322        0.98431        1.00111        0.93871        0.97548       -0.00577        0.35841       -1.10795        1.00139        0.99616
0.062921        0.98264        0.98377        1.00115        0.93914        0.97547       -0.00587        0.36431       -1.12593        1.00144        0.99603
0.063945        0.98206        0.98323        1.00119        0.93957        0.97545       -0.00596        0.37031       -1.14421        1.00149        0.99590
0.064985        0.98147        0.98267        1.00123        0.94002        0.97544       -0.00606        0.37641       -1.16279        1.00154        0.99576
0.066042        0.98087        0.98211        1.00127        0.94046        0.97543       -0.00617        0.38260       -1.18167        1.00159        0.99562
0.067116        0.98026        0.98154        1.00131        0.94092        0.97541       -0.00627        0.38890       -1.20086        1.00164        0.99548
0.068208        0.97964        0.98096        1.00135        0.94138        0.97540       -0.00637        0.39530       -1.22035        1.00169        0.99534
0.069317        0.97901        0.98037        1.00139        0.94185        0.97538       -0.00648        0.40181       -1.24017        1.00174        0.99520
0.070445        0.97834        0.97974        1.00144        0.94235        0.97537       -0.00659        0.40843       -1.26030        1.00180        0.99505
0.071590        0.97758        0.97904        1.00149        0.94292        0.97535       -0.00670        0.41519       -1.28075        1.00186        0.99488
0.072755        0.97682        0.97832        1.00154        0.94349        0.97534       -0.00681        0.42205       -1.30153        1.00193        0.99470
0.073938        0.97605        0.97760        1.00159        0.94408        0.97532       -0.00693        0.42903       -1.32264        1.00199        0.99452
0.075141        0.97526        0.97686        1.00164        0.94467        0.97530       -0.00705        0.43613       -1.34411        1.00206        0.99435
0.076363        0.97446        0.97611        1.00169        0.94527        0.97528       -0.00717        0.44334       -1.36591        1.00212        0.99416
0.077605        0.97364        0.97535        1.00175        0.94588        0.97526       -0.00729        0.45066       -1.38808        1.00219        0.99398
0.078867        0.97282        0.97457        1.00180        0.94651        0.97525       -0.00741        0.45811       -1.41060        1.00226        0.99379
0.080150        0.97197        0.97378        1.00186        0.94714        0.97523       -0.00753        0.46568       -1.43349        1.00233        0.99360
0.081454        0.97100        0.97287        1.00193        0.94788        0.97520       -0.00766        0.47342       -1.45673        1.00241        0.99338
0.082779        0.97002        0.97195        1.00199        0.94863        0.97518       -0.00779        0.48129       -1.48035        1.00250        0.99315
0.084125        0.96902        0.97102        1.00206        0.94939        0.97516       -0.00793        0.48928       -1.50435        1.00258        0.99292
0.085493        0.96801        0.97007        1.00213        0.95016        0.97514       -0.00806        0.49741       -1.52874        1.00267        0.99269
0.086884        0.96698        0.96910        1.00220        0.95094        0.97511       -0.00820        0.50567       -1.55353        1.00276        0.99246
0.088297        0.96593        0.96812        1.00227        0.95174        0.97509       -0.00834        0.51406       -1.57872        1.00284        0.99222
0.089733        0.96486        0.96712        1.00234        0.95255        0.97506       -0.00848        0.52259       -1.60432        1.00293        0.99198
0.091193        0.96369        0.96602        1.00242        0.95345        0.97504       -0.00863        0.53131       -1.63032        1.00303        0.99171
0.092676        0.96246        0.96487        1.00250        0.95440        0.97501       -0.00878        0.54019       -1.65672        1.00314        0.99143
0.094183        0.96121        0.96370        1.00258        0.95536        0.97498       -0.00893        0.54922       -1.68356        1.00325        0.99115
0.095715        0.95995        0.96251        1.00267        0.95634        0.97495       -0.00909        0.55839       -1.71084        1.00335        0.99086
0.097272        0.95866        0.96130        1.00275        0.95733        0.97492       -0.00924        0.56771       -1.73856        1.00346        0.99056
0.098854        0.95735        0.96007        1.00284        0.95834        0.97489       -0.00940        0.57718       -1.76672        1.00358        0.99026
0.100462        0.95599        0.95879        1.00293        0.95939        0.97485       -0.00957        0.58682       -1.79534        1.00369        0.98995
0.102096        0.95450        0.95739        1.00304        0.96056        0.97482       -0.00973        0.59669       -1.82439        1.00382        0.98962
0.103757        0.95298        0.95597        1.00314        0.96174        0.97478       -0.00990        0.60672       -1.85392        1.00395        0.98927
0.105444        0.95144        0.95452        1.00324        0.96295        0.97475       -0.01008        0.61691       -1.88393        1.00408        0.98892
0.107159        0.94987        0.95305        1.00335        0.96417        0.97471       -0.01026        0.62727       -1.91442        1.00422        0.98856
0.108902        0.94828        0.95156        1.00346        0.96541        0.97467       -0.01043        0.63779       -1.94541        1.00435        0.98820
0.110674        0.94661        0.94999        1.00357        0.96672        0.97463       -0.01062        0.64852       -1.97689        1.00450        0.98782
0.112474        0.94482        0.94831        1.00369        0.96815        0.97459       -0.01081        0.65950       -2.00884        1.00466        0.98741
0.114303        0.94299        0.94659        1.00382        0.96959        0.97454       -0.01100        0.67065       -2.04132        1.00481        0.98700
0.116162        0.94114        0.94485        1.00394        0.97107        0.97450       -0.01120        0.68199       -2.07432        1.00498        0.98657
0.118052        0.93925        0.94307        1.00407        0.97256        0.97445       -0.01140        0.69351       -2.10786        1.00514        0.98614
0.119972        0.93733        0.94127        1.00420        0.97408        0.97440       -0.01160        0.70522       -2.14195        1.00531        0.98571
0.121923        0.93523        0.93930        1.00435        0.97578        0.97435       -0.01181        0.71723       -2.17653        1.00549        0.98523
0.123906        0.93309        0.93728        1.00449        0.97751        0.97429       -0.01202        0.72945       -2.21167        1.00568        0.98474
0.125922        0.93090        0.93522        1.00464        0.97927        0.97424       -0.01224        0.74187       -2.24739        1.00587        0.98425
0.127970        0.92869        0.93314        1.00479        0.98106        0.97418       -0.01246        0.75450       -2.28368        1.00607        0.98374
0.130051        0.92643        0.93102        1.00495        0.98288        0.97413       -0.01269        0.76732       -2.32057        1.00626        0.98323
0.132166        0.92397        0.92870        1.00512        0.98490        0.97406       -0.01292        0.78051       -2.35798        1.00648        0.98267
0.134316        0.92146        0.92634        1.00529        0.98696        0.97400       -0.01316        0.79391       -2.39600        1.00671        0.98210
0.136501        0.91891        0.92394        1.00547        0.98906        0.97393       -0.01340        0.80752       -2.43464        1.00693        0.98152
0.138721        0.91632        0.92150        1.00565        0.99119        0.97386       -0.01365        0.82137       -2.47391        1.00716        0.98093
0.140977        0.91362        0.91895        1.00584        0.99343        0.97379       -0.01390        0.83550       -2.51378        1.00741        0.98031
0.143270        0.91075        0.91625        1.00604        0.99583        0.97371       -0.01416        0.84997       -2.55425        1.00767        0.97966
0.145601        0.90784        0.91350        1.00624        0.99828        0.97364       -0.01443        0.86468       -2.59537        1.00793        0.97900
0.147969        0.90488        0.91071        1.00644        1.00076        0.97356       -0.01470        0.87963       -2.63717        1.00820        0.97833
0.150376        0.90185        0.90785        1.00666        1.00331        0.97347       -0.01497        0.89485       -2.67963        1.00847        0.97764
0.152821        0.89859        0.90477        1.00688        1.00610        0.97338       -0.01526        0.91049       -2.72269        1.00877        0.97690
0.155307        0.89528        0.90164        1.00712        1.00894        0.97329       -0.01555        0.92640       -2.76646        1.00907        0.97615
0.157833        0.89191        0.89847        1.00735        1.01182        0.97320       -0.01585        0.94256       -2.81093        1.00938        0.97538
0.160400        0.88846        0.89521        1.00760        1.01478        0.97310       -0.01615        0.95901       -2.85612        1.00970        0.97460
0.163009        0.88477        0.89172        1.00786        1.01802        0.97299       -0.01647        0.97594       -2.90193        1.01004        0.97376
0.165661        0.88102        0.88818        1.00812        1.02130        0.97288       -0.01679        0.99315       -2.94848        1.01039        0.97291
0.168355        0.87721        0.88457        1.00839        1.02465        0.97277       -0.01712        1.01064       -2.99580        1.01074        0.97204
0.171093        0.87326        0.88083        1.00868        1.02815        0.97266       -0.01746        1.02852       -3.04383        1.01111        0.97114
0.173876        0.86909        0.87689        1.00897        1.03189        0.97253       -0.01781        1.04686       -3.09255        1.01151        0.97020
0.176704        0.86486        0.87289        1.00928        1.03569        0.97240       -0.01816        1.06550       -3.14207        1.01191        0.96924
0.179578        0.86057        0.86881        1.00959        1.03955        0.97227       -0.01853        1.08445       -3.19239        1.01231        0.96826
0.182499        0.85600        0.86449        1.00992        1.04374        0.97213       -0.01890        1.10396       -3.24339        1.01275        0.96723
0.185468        0.85133        0.86005        1.01025        1.04806        0.97198       -0.01929        1.12385       -3.29520        1.01320        0.96616
0.188484        0.84657        0.85554        1.01060        1.05245        0.97183       -0.01969        1.14407       -3.34784        1.01366        0.96509
0.191550        0.84163        0.85085        1.01096        1.05707        0.97167       -0.02009        1.16479       -3.40125        1.01414        0.96396
0.194666        0.83647        0.84595        1.01134        1.06197        0.97150       -0.02052        1.18603       -3.45543        1.01464        0.96279
0.197832        0.83123        0.84097        1.01172        1.06694        0.97133       -0.02095        1.20763       -3.51049        1.01516        0.96160
0.201050        0.82583        0.83584        1.01212        1.07211        0.97114       -0.02139        1.22969       -3.56639        1.01569        0.96038
0.204320        0.82016        0.83044        1.01254        1.07766        0.97095       -0.02185        1.25241       -3.62303        1.01626        0.95909
0.207643        0.81440        0.82496        1.01297        1.08329        0.97075       -0.02232        1.27550       -3.68060        1.01683        0.95778
0.211020        0.80847        0.81931        1.01341        1.08913        0.97054       -0.02281        1.29909       -3.73903        1.01743        0.95644
0.214453        0.80226        0.81339        1.01387        1.09540        0.97031       -0.02331        1.32341       -3.79823        1.01807        0.95503
0.217941        0.79595        0.80736        1.01435        1.10178        0.97007       -0.02383        1.34813       -3.85839        1.01871        0.95360
0.221486        0.78942        0.80114        1.01484        1.10845        0.96983       -0.02436        1.37346       -3.91941        1.01939        0.95212
0.225088        0.78263        0.79464        1.01536        1.11554        0.96956       -0.02492        1.39952       -3.98125        1.02010        0.95058
0.228749        0.77572        0.78804        1.01589        1.12274        0.96929       -0.02548        1.42601       -4.04410        1.02082        0.94901
0.232470        0.76853        0.78116        1.01644        1.13042        0.96900       -0.02608        1.45331       -4.10775        1.02158        0.94738
0.236251        0.76111        0.77405        1.01701        1.13844        0.96869       -0.02669        1.48127       -4.17231        1.02238        0.94569
0.240093        0.75358        0.76684        1.01760        1.14658        0.96838       -0.02731        1.50969       -4.23793        1.02319        0.94399
0.243999        0.74563        0.75921        1.01822        1.15548        0.96803       -0.02798        1.53925       -4.30422        1.02406        0.94218
0.247967        0.73756        0.75146        1.01885        1.16453        0.96767       -0.02865        1.56929       -4.37160        1.02495        0.94035
0.252000        0.72922        0.74345        1.01951        1.17406        0.96729       -0.02936        1.60017       -4.43986        1.02588        0.93846
0.256099        0.72059        0.73514        1.02020        1.18412        0.96688       -0.03009        1.63196       -4.50900        1.02685        0.93650
0.260265        0.71181        0.72669        1.02091        1.19437        0.96646       -0.03084        1.66429       -4.57924        1.02784        0.93450
0.264498        0.70260        0.71781        1.02165        1.20554        0.96599       -0.03164        1.69798       -4.65014        1.02891        0.93241
0.268800        0.69324        0.70878        1.02241        1.21690        0.96551       -0.03245        1.73221       -4.72219        1.03000        0.93029
0.273172        0.68352        0.69938        1.02321        1.22905        0.96499       -0.03331        1.76766       -4.79501        1.03116        0.92808
0.277615        0.67356        0.68974        1.02404        1.24167        0.96444       -0.03420        1.80397       -4.86884        1.03235        0.92581
0.282131        0.66329        0.67980        1.02490        1.25492        0.96385       -0.03512        1.84135       -4.94357        1.03360        0.92348
0.286720        0.65270        0.66952        1.02579        1.26893        0.96321       -0.03609        1.87993       -5.01915        1.03491        0.92106
0.291383        0.64185        0.65899        1.02671        1.28346        0.96254       -0.03710        1.91945       -5.09575        1.03626        0.91859
0.296123        0.63060        0.64805        1.02768        1.29901        0.96181       -0.03816        1.96048       -5.17305        1.03770        0.91603
0.300939        0.61912        0.63687        1.02868        1.31503        0.96104       -0.03925        2.00241       -5.25145        1.03918        0.91341
0.305834        0.60721        0.62524        1.02973        1.33229        0.96019       -0.04042        2.04611       -5.33040        1.04076        0.91069
0.310808        0.59506        0.61338        1.03080        1.35001        0.95930       -0.04161        2.09073       -5.41049        1.04238        0.90791
0.315864        0.58246        0.60105        1.03194        1.36915        0.95831       -0.04289        2.13734       -5.49103        1.04411        0.90503
0.321001        0.56960        0.58846        1.03311        1.38884        0.95727       -0.04421        2.18498       -5.57267        1.04589        0.90208
0.326222        0.55630        0.57539        1.03434        1.41003        0.95611       -0.04562        2.23476       -5.65468        1.04780        0.89903
0.331528        0.54271        0.56203        1.03561        1.43196        0.95488       -0.04707        2.28582       -5.73768        1.04977        0.89591
0.336921        0.52869        0.54821        1.03694        1.45537        0.95351       -0.04862        2.33903       -5.82104        1.05186        0.89268
0.342401        0.51434        0.53404        1.03832        1.47981        0.95204       -0.05024        2.39395       -5.90512        1.05404        0.88936
0.347970        0.49960        0.51946        1.03976        1.50559        0.95042       -0.05194        2.45092       -5.98966        1.05634        0.88595
0.353630        0.48447        0.50445        1.04127        1.53278        0.94864       -0.05373        2.51017       -6.07448        1.05877        0.88243
0.359381        0.46900        0.48909        1.04283        1.56103        0.94673       -0.05560        2.57123       -6.15999        1.06129        0.87883
0.365227        0.45309        0.47323        1.04448        1.59108        0.94454       -0.05759        2.63538       -6.24508        1.06401        0.87511
0.371167        0.43687        0.45703        1.04619        1.62204        0.94222       -0.05965        2.70132       -6.33086        1.06681        0.87130
0.377204        0.42022        0.44037        1.04798        1.65459        0.93957       -0.06184        2.77049       -6.41604        1.06982        0.86736
0.383340        0.40324        0.42332        1.04986        1.68811        0.93666       -0.06411        2.84223       -6.50114        1.07297        0.86332
0.389575        0.38591        0.40590        1.05180        1.72258        0.93351       -0.06646        2.91647       -6.58627        1.07627        0.85918
0.395911        0.36823        0.38804        1.05387        1.75763        0.92985       -0.06891        2.99459       -6.66978        1.07981        0.85491
0.402351        0.35026        0.36986        1.05601        1.79279        0.92590       -0.07140        3.07527       -6.75303        1.08351        0.85053
0.408895        0.33199        0.35132        1.05825        1.82766        0.92151       -0.07395        3.15923       -6.83513        1.08741        0.84603
0.415546        0.31350        0.33248        1.06062        1.86031        0.91653       -0.07647        3.24696       -6.91490        1.09157        0.84139
0.422304        0.29481        0.31339        1.06309        1.89079        0.91113       -0.07895        3.33754       -6.99348        1.09591        0.83665
0.429173        0.27596        0.29408        1.06567        1.91740        0.90517       -0.08131        3.43143       -7.06983        1.10047        0.83177
0.436154        0.25715        0.27471        1.06841        1.93534        0.89853       -0.08335        3.52875       -7.14229        1.10529        0.82676
0.443248        0.23833        0.25529        1.07126        1.94533        0.89144       -0.08507        3.62853       -7.21220        1.11030        0.82162
0.450457        0.21957        0.23587        1.07425        1.94575        0.88389       -0.08638        3.73068       -7.27915        1.11550        0.81635
0.457784        0.20127        0.21684        1.07741        1.92624        0.87587       -0.08678        3.83452       -7.34021        1.12091        0.81093
0.465230        0.18340        0.19818        1.08072        1.88883        0.86772       -0.08632        3.93887       -7.39690        1.12645        0.80537
0.472797        0.16602        0.17998        1.08419        1.83279        0.85961       -0.08492        4.04303       -7.44923        1.13207        0.79968
0.480487        0.14928        0.16238        1.08781        1.75628        0.85172       -0.08247        4.14613       -7.49685        1.13775        0.79384
0.488302        0.13370        0.14593        1.09164        1.65280        0.84462       -0.07854        4.24517       -7.53780        1.14336        0.78785
0.496244        0.11915        0.13052        1.09563        1.53071        0.83850       -0.07349        4.33957       -7.57381        1.14885        0.78171
0.504316        0.10566        0.11618        1.09980        1.39450        0.83347       -0.06753        4.42860       -7.60539        1.15417        0.77542
0.512519        0.09329        0.10299        1.10414        1.24823        0.82969       -0.06082        4.51126       -7.63280        1.15927        0.76898
0.520855        0.08210        0.09102        1.10866        1.09691        0.82725       -0.05358        4.58668       -7.65641        1.16409        0.76239
0.529327        0.07225        0.08043        1.11337        0.94702        0.82629       -0.04608        4.65328       -7.67641        1.16855        0.75564
0.537936        0.06361        0.07112        1.11826        0.80429        0.82663       -0.03864        4.71118       -7.69362        1.17264        0.74873
0.546686        0.05599        0.06289        1.12333        0.67093        0.82801       -0.03141        4.76149       -7.70885        1.17639        0.74165
0.555578        0.04932        0.05565        1.12856        0.54865        0.83030       -0.02450        4.80449       -7.72251        1.17980        0.73442
0.564614        0.04350        0.04932        1.13397        0.43825        0.83335       -0.01797        4.84060       -7.73495        1.18290        0.72702
0.573798        0.03845        0.04381        1.13955        0.33976        0.83704       -0.01185        4.87033       -7.74648        1.18568        0.71946
0.583131        0.03408        0.03903        1.14531        0.25262        0.84125       -0.00611        4.89425       -7.75736        1.18819        0.71174
0.592615        0.03031        0.03489        1.15123        0.17588        0.84588       -0.00074        4.91293       -7.76779        1.19043        0.70384
0.602254        0.02705        0.03131        1.15733        0.10842        0.85087        0.00430        4.92692       -7.77794        1.19243        0.69578
0.612050        0.02425        0.02821        1.16360        0.04908        0.85616        0.00908        4.93672       -7.78793        1.19422        0.68756
0.622005        0.02183        0.02554        1.17004       -0.00326        0.86170        0.01362        4.94280       -7.79784        1.19580        0.67916
0.632122        0.01974        0.02323        1.17666       -0.04961        0.86748        0.01796        4.94555       -7.80776        1.19720        0.67060
0.642403        0.01795        0.02124        1.18346       -0.09085        0.87347        0.02214        4.94534       -7.81773        1.19844        0.66187
0.652852        0.01641        0.01953        1.19043       -0.12773        0.87968        0.02618        4.94246       -7.82779        1.19953        0.65297
0.663471        0.01509        0.01807        1.19759       -0.16087        0.88611        0.03007        4.93719       -7.83796        1.20047        0.64391
0.674262        0.01396        0.01682        1.20493       -0.19074        0.89278        0.03382        4.92973       -7.84826        1.20128        0.63468
0.685229        0.01300        0.01576        1.21246       -0.21773        0.89970        0.03742        4.92026       -7.85871        1.20197        0.62529
0.696374        0.01219        0.01487        1.22018       -0.24211        0.90692        0.04084        4.90894       -7.86931        1.20254        0.61574
0.707701        0.01152        0.01415        1.22809       -0.26407        0.91446        0.04405        4.89588       -7.88006        1.20299        0.60602
0.719212        0.01098        0.01357        1.23620       -0.28372        0.92237        0.04701        4.88116       -7.89096        1.20332        0.59615
0.730910        0.01056        0.01315        1.24452       -0.30100        0.93072        0.04965        4.86476       -7.90201        1.20354        0.58612
0.742798        0.01027        0.01287        1.25304       -0.31594        0.93956        0.05190        4.84670       -7.91319        1.20363        0.57594
0.754880        0.01009        0.01273        1.26178       -0.32877        0.94893        0.05376        4.82705       -7.92451        1.20359        0.56562
0.767158        0.01002        0.01273        1.27072       -0.33959        0.95885        0.05520        4.80579       -7.93594        1.20343        0.55514
0.779636        0.01006        0.01288        1.27988       -0.34856        0.96937        0.05618        4.78283       -7.94747        1.20313        0.54453
0.792317        0.01025        0.01322        1.28927       -0.35577        0.98059        0.05666        4.75783       -7.95908        1.20265        0.53379
0.805204        0.01059        0.01375        1.29889       -0.36188        0.99244        0.05672        4.73075       -7.97076        1.20199        0.52291
0.818301        0.01108        0.01450        1.30872       -0.36755        1.00493        0.05643        4.70139       -7.98249        1.20113        0.51191
0.831610        0.01176        0.01551        1.31879       -0.37366        1.01806        0.05589        4.66917       -7.99423        1.20001        0.50079
0.845137        0.01270        0.01688        1.32909       -0.38153        1.03178        0.05524        4.63349       -8.00592        1.19856        0.48956
0.858883        0.01390        0.01863        1.33961       -0.39246        1.04601        0.05470        4.59394       -8.01753        1.19676        0.47822
0.872853        0.01550        0.02094        1.35036       -0.40916        1.06070        0.05455        4.54891       -8.02892        1.19443        0.46680
0.887050        0.01758        0.02394        1.36132       -0.43400        1.07573        0.05511        4.49731       -8.03997        1.19147        0.45528
0.901478        0.02029        0.02785        1.37247       -0.47066        1.09097        0.05682        4.43712       -8.05043        1.18767        0.44368
0.916140        0.02392        0.03310        1.38380       -0.52549        1.10625        0.06037        4.36460       -8.05982        1.18267        0.43201
0.931041        0.02869        0.04003        1.39528       -0.60355        1.12133        0.06636        4.27685       -8.06760        1.17615        0.42028
0.946185        0.03527        0.04963        1.40683       -0.71850        1.13572        0.07629        4.16529       -8.07225        1.16724        0.40851
0.961575        0.04418        0.06267        1.41839       -0.87917        1.14888        0.09115        4.02361       -8.07201        1.15527        0.39668
0.977215        0.05669        0.08107        1.42983       -1.10603        1.15949        0.11326        3.83586       -8.06235        1.13857        0.38484
0.993109        0.07415        0.10687        1.44097       -1.40963        1.16574        0.14396        3.58607       -8.03627        1.11540        0.37297
1.009262        0.09820        0.14255        1.45157       -1.78770        1.16532        0.18338        3.25524       -7.98260        1.08364        0.36110
1.025678        0.13133        0.19192        1.46119       -2.20146        1.15512        0.22804        2.81492       -7.87793        1.04002        0.34924
1.042361        0.17326        0.25463        1.46952       -2.56713        1.13666        0.26924        2.26757       -7.70465        0.98445        0.33740
1.059315        0.22284        0.32893        1.47608       -2.80760        1.11389        0.29865        1.61961       -7.44222        0.91718        0.32558
1.076545        0.27613        0.40878        1.48033       -2.90006        1.09290        0.31317        0.89494       -7.08001        0.84028        0.31383
1.094055        0.32817        0.48638        1.48211       -2.89674        1.07666        0.31768        0.12263       -6.63168        0.75667        0.30212
1.111850        0.37450        0.55470        1.48116       -2.84313        1.06576        0.31675       -0.68334       -6.11016        0.66768        0.29049
1.129934        0.41081        0.60688        1.47727       -2.77148        1.05981        0.31370       -1.51713       -5.53204        0.57376        0.27894
1.148312        0.43217        0.63535        1.47015       -2.69665        1.05852        0.31014       -2.37943       -4.91752        0.47461        0.26751
1.166990        0.43520        0.63532        1.45982       -2.61664        1.06163        0.30579       -3.27155       -4.29302        0.37001        0.25619
1.185971        0.41628        0.60204        1.44617       -2.51148        1.06959        0.29826       -4.19177       -3.68929        0.26000        0.24500
1.205261        0.37333        0.53363        1.42918       -2.33447        1.08273        0.28177       -5.12521       -3.14655        0.14618        0.23396
1.224865        0.30889        0.43531        1.40897       -2.01061        1.09907        0.24671       -6.02750       -2.71231        0.03388        0.22308
1.244787        0.23427        0.32479        1.38591       -1.50289        1.11054        0.18762       -6.81407       -2.42282       -0.06636        0.21237
1.265034        0.16736        0.22783        1.36075       -0.93785        1.10647        0.11942       -7.39886       -2.26943       -0.14323        0.20184
1.285610        0.11951        0.15953        1.33437       -0.50569        1.08645        0.06614       -7.76945       -2.20093       -0.19428        0.19153
1.306520        0.09003        0.11774        1.30750       -0.24598        1.05817        0.03365       -7.98093       -2.17008       -0.22571        0.18142
1.327771        0.07367        0.09436        1.28063       -0.10097        1.02723        0.01526       -8.09269       -2.15344       -0.24462        0.17154
1.349367        0.06625        0.08309        1.25405       -0.01648        0.99600        0.00429       -8.14196       -2.14221       -0.25552        0.16190
1.371315        0.06583        0.08084        1.22794        0.03951        0.96539       -0.00333       -8.14548       -2.13348       -0.26039        0.15252
1.393619        0.07214        0.08673        1.20244        0.08704        0.93576       -0.01023       -8.10720       -2.12646       -0.25955        0.14340
1.416287        0.08667        0.10204        1.17763        0.14074        0.90732       -0.01835       -8.01916       -2.12156       -0.25167        0.13455
1.439323        0.11318        0.13057        1.15366        0.21548        0.88033       -0.02980       -7.85847       -2.12047       -0.23322        0.12598
1.462733        0.15978        0.18063        1.13084        0.33247        0.85540       -0.04777       -7.57205       -2.12820       -0.19606        0.11771
1.486525        0.23701        0.26289        1.10952        0.51294        0.83346       -0.07568       -7.07714       -2.15588       -0.12731        0.10974
1.510703        0.35538        0.38746        1.09034        0.76590        0.81600       -0.11531       -6.24613       -2.22767       -0.00669        0.10206
1.535275        0.51111        0.54912        1.07454        1.05273        0.80458       -0.16135       -4.90494       -2.39064        0.19438        0.09471
1.560246        0.65770        0.69927        1.06320        1.26959        0.79752       -0.19784       -3.01780       -2.67531        0.48403        0.08765
1.585624        0.71135        0.75264        1.05804        1.29484        0.79139       -0.20505       -0.69062       -3.05677        0.84910        0.08094
1.611414        0.63247        0.67006        1.05945        1.09633        0.78594       -0.17634        1.69588       -3.41395        1.23078        0.07453
1.637624        0.46174        0.49285        1.06750        0.74583        0.78652       -0.12166        3.69185       -3.64339        1.55667        0.06844
1.664260        0.29389        0.31759        1.08089        0.42041        0.79638       -0.06922        5.05259       -3.75232        1.78404        0.06268
1.691330        0.17517        0.19234        1.09815        0.20678        0.81342       -0.03375        5.85516       -3.79955        1.92219        0.05724
1.718839        0.10467        0.11703        1.11821        0.08968        0.83485       -0.01336        6.28434       -3.82439        1.99942        0.05211
1.746796        0.06524        0.07438        1.14039        0.02553        0.85908       -0.00116        6.50593       -3.84308        2.04219        0.04730
1.775208        0.04337        0.05048        1.16431       -0.01424        0.88546        0.00748        6.61679       -3.86039        2.06628        0.04280
1.804082        0.03137        0.03732        1.18984       -0.04279        0.91388        0.01455        6.66642       -3.87767        2.07987        0.03860
1.833425        0.02511        0.03055        1.21693       -0.06410        0.94450        0.02027        6.67994       -3.89523        2.08715        0.03469
1.863246        0.02258        0.02813        1.24560       -0.07723        0.97765        0.02385        6.66853       -3.91314        2.08993        0.03107
1.893552        0.02318        0.02958        1.27587       -0.08039        1.01365        0.02444        6.63404       -3.93133        2.08841        0.02773
1.924351        0.02758        0.03607        1.30775       -0.07489        1.05260        0.02217        6.56832       -3.94967        2.08086        0.02465
1.955651        0.03850        0.05165        1.34113       -0.06763        1.09425        0.01879        6.44457       -3.96788        2.06185        0.02183
1.987460        0.06338        0.08721        1.37560       -0.07227        1.13782        0.01775        6.18849       -3.98495        2.01626        0.01926
2.019786        0.12036        0.16970        1.40992       -0.11237        1.18144        0.02447        5.59325       -3.99663        1.90158        0.01692
2.052638        0.23965        0.34520        1.44013       -0.21878        1.21982        0.04581        4.09361       -3.98233        1.59978        0.01480
2.086024        0.36661        0.53423        1.45720       -0.31903        1.24145        0.06713        0.99023       -3.89403        0.95921        0.01289
2.119953        0.30502        0.44269        1.45136       -0.21994        1.23478        0.04731       -2.72118       -3.77532        0.17831        0.01117
2.154435        0.15250        0.21746        1.42541       -0.07284        1.20208        0.01706       -4.89340       -3.72515       -0.28880        0.00964
2.189477        0.06758        0.09401        1.39096       -0.00150        1.15811        0.00339       -5.74952       -3.70311       -0.47907        0.00828
2.225089        0.03341        0.04526        1.35416        0.03984        1.11104       -0.00263       -6.05271       -3.68457       -0.55110        0.00708
2.261280        0.01934        0.02548        1.31731        0.07872        1.06400       -0.00710       -6.17215       -3.66593       -0.58330        0.00602
2.298060        0.01345        0.01724        1.28117        0.11439        1.01846       -0.01090       -6.22232       -3.64698       -0.60034        0.00509
2.335438        0.01121        0.01397        1.24602        0.13563        0.97547       -0.01322       -6.24320       -3.62773       -0.61091        0.00428
2.373424        0.01115        0.01351        1.21195        0.13402        0.93559       -0.01325       -6.24712       -3.60821       -0.61767        0.00358
2.412028        0.01314        0.01549        1.17901        0.11152        0.89871       -0.01114       -6.23542       -3.58850       -0.62080        0.00297
2.451260        0.01814        0.02082        1.14724        0.07908        0.86421       -0.00796       -6.20110       -3.56876       -0.61846        0.00246
2.491130        0.02900        0.03239        1.11672        0.04857        0.83150       -0.00495       -6.12341       -3.54915       -0.60529        0.00202
2.531648        0.05273        0.05735        1.08769        0.02678        0.80043       -0.00284       -5.94995       -3.52996       -0.56771        0.00165
2.572826        0.10534        0.11172        1.06074        0.01479        0.77155       -0.00183       -5.55058       -3.51175       -0.47151        0.00133
2.614673        0.21333        0.22126        1.03732        0.01051        0.74647       -0.00177       -4.63048       -3.49585       -0.23787        0.00107
2.657201        0.36944        0.37697        1.02042        0.01004        0.72844       -0.00211       -2.73851       -3.48516        0.25733        0.00086
2.700421        0.42802        0.43414        1.01429        0.00784        0.72191       -0.00163        0.09166       -3.48300        1.01414        0.00068
2.744343        0.29433        0.30047        1.02092        0.00229        0.72891        0.00008        2.63745       -3.48929        1.70844        0.00054
2.788980        0.14271        0.14799        1.03705       -0.00458        0.74599        0.00274        4.06175       -3.50124        2.10579        0.00042
2.834343        0.06152        0.06513        1.05873       -0.01607        0.76882        0.00796        4.65418       -3.51655        2.27706        0.00032
2.880444        0.02675        0.02898        1.08354       -0.04005        0.79444        0.01930        4.87346       -3.53365        2.34504        0.00025
2.927295        0.01262        0.01401        1.11051       -0.08823        0.82108        0.04234        4.93692       -3.55190        2.36911        0.00000
2.974908        0.00655        0.00747        1.13929       -0.17351        0.84748        0.08338        4.95018       -3.57109        2.37880        0.00000
3.023295        0.00377        0.00441        1.16982       -0.30670        0.87282        0.14786        4.94004       -3.59118        2.38165        0.00000
3.072469        0.00238        0.00286        1.20216       -0.49402        0.89665        0.23914        4.91948       -3.61222        2.38135        0.00000
3.122443        0.00157        0.00194        1.23639       -0.75793        0.91737        0.36851        4.89399       -3.63438        2.37949        0.00000
3.173230        0.00124        0.00157        1.27096       -0.98000        0.94151        0.47818        4.88740       -3.65549        2.38473        0.00000
3.224842        0.00094        0.00124        1.31033       -1.30721        0.96329        0.64090        4.85654       -3.67936        2.38105        0.00000
3.277295        0.00075        0.00101        1.35231       -1.67541        0.98513        0.82546        4.82401       -3.70417        2.37672        0.00000
3.330600        0.00061        0.00086        1.39712       -2.08481        1.00725        1.03231        4.79006       -3.72994        2.37182        0.00000
3.384773        0.00051        0.00074        1.44503       -2.53577        1.02992        1.26199        4.75480       -3.75669        2.36634        0.00000
3.439826        0.00044        0.00065        1.49637       -3.02991        1.05339        1.51572        4.71824       -3.78445        2.36029        0.00000
3.495776        0.00038        0.00059        1.55144       -3.56913        1.07785        1.79482        4.68040       -3.81325        2.35364        0.00000
3.552635        0.00033        0.00053        1.61066       -4.15680        1.10355        2.10147        4.64123       -3.84313        2.34636        0.00000
3.610419        0.00029        0.00049        1.67447       -4.79697        1.13068        2.43819        4.60071       -3.87412        2.33842        0.00000
3.669142        0.00026        0.00045        1.74335       -5.49443        1.15948        2.80797        4.55877       -3.90626        2.32978        0.00000
3.728821        0.00023        0.00043        1.81787       -6.25517        1.19017        3.21447        4.51537       -3.93958        2.32039        0.00000
3.789471        0.00021        0.00040        1.89871       -7.08625        1.22303        3.66202        4.47044       -3.97411        2.31021        0.00000
3.851107        0.00019        0.00038        1.98659       -7.99598        1.25836        4.15567        4.42391       -4.00988        2.29919        0.00000
3.913746        0.00017        0.00036        2.08240       -8.99415        1.29647        4.70140        4.37573       -4.04691        2.28727        0.00000
3.977403        0.00016        0.00035        2.18719      -10.09304        1.33779        5.30666        4.32582       -4.08521        2.27439        0.00000
4.042096        0.00015        0.00034        2.30210      -11.30602        1.38275        5.97959        4.27414       -4.12476        2.26052        0.00000
4.107841        0.00013        0.00033        2.42855      -12.65038        1.43191        6.73068        4.22065       -4.16553        2.24560        0.00000
4.174655        0.00012        0.00032        2.56814      -14.14595        1.48594        7.57195        4.16535       -4.20744        2.22960        0.00000
4.242556        0.00011        0.00031        2.72291      -15.81850        1.54568        8.51902        4.10825       -4.25037        2.21248        0.00000
4.311562        0.00011        0.00030        2.89518      -17.69864        1.61219        9.59034        4.04947       -4.29412        2.19427        0.00000
4.381690        0.00010        0.00030        3.08780      -19.82539        1.68684       10.80936        3.98921       -4.33835        2.17502        0.00000
4.452959        0.00009        0.00030        3.30426      -22.24914        1.77151       12.20615        3.92786       -4.38258        2.15487        0.00000
4.525386        0.00008        0.00029        3.54896      -25.03741        1.86887       13.82071        3.86612       -4.42600        2.13411        0.00000
4.598992        0.00008        0.00029        3.82743      -28.28283        1.98288       15.70728        3.80519       -4.46731        2.11326        0.00000
4.673795        0.00007        0.00029        4.14663      -32.11662        2.11975       17.94160        3.74719       -4.50438        2.09333        0.00000
4.749815        0.00006        0.00029        4.51644      -36.75104        2.29059       20.64437        3.69612       -4.53320        2.07624        0.00000
4.827071        0.00006        0.00029        4.95002      -42.53772        2.51647       24.01128        3.65990       -4.54598        2.06590        0.00000
4.905584        0.00005        0.00029        5.46794      -50.18579        2.84630       28.42926        3.65662       -4.52433        2.07140        0.00000
4.985373        0.00005        0.00030        6.10626      -61.50158        3.42896       34.86371        3.73802       -4.41147        2.11899        0.00000
5.066461        0.00004        0.00030        6.95109      -84.14971        5.11447       47.33478        4.14734       -3.87801        2.33294        0.00000
5.148867        0.00004        0.00029        7.64610     -116.75518        9.50700       65.58148        4.65088       -2.19709        2.60897        0.00000
5.232614        0.00003        0.00027        8.24713     -110.12395        7.36714       63.82533        3.64061       -3.00122        2.10726        0.00000
5.317723        0.00003        0.00028        9.38819      -96.69732        3.98280       58.35518        2.57911       -4.36338        1.55611        0.00000
5.404216        0.00003        0.00028       10.54685      -99.70657        3.52324       61.50307        2.21740       -4.60364        1.36745        0.00000
5.492116        0.00002        0.00029       11.81165     -105.83943        3.32505       66.47146        1.97429       -4.73557        1.23960        0.00000
5.581446        0.00002        0.00030       13.20934     -113.61963        3.21804       72.52589        1.78098       -4.82536        1.13684        0.00000
5.672229        0.00002        0.00030       14.79073     -122.75991        3.15528       79.59435        1.61862       -4.89002        1.04921        0.00000
5.764488        0.00002        0.00031       16.56260     -132.93370        3.10971       87.50966        1.47303       -4.94118        0.96952        0.00000
5.858248        0.00002        0.00032       18.56423     -144.14229        3.07287       96.32891        1.34111       -4.98162        0.89613        0.00000
5.953533        0.00002        0.00033       20.83594     -156.38197        3.03861      106.10460        1.22040       -5.01366        0.82783        0.00000
6.050368        0.00001        0.00033       23.39078     -169.58303        3.00359      116.81117        1.10849       -5.03939        0.76350        0.00000
6.148778        0.00001        0.00034       26.30273     -183.85294        2.96562      128.60431        1.00580       -5.05906        0.70339        0.00000
6.248788        0.00001        0.00035       29.58710     -199.12751        2.92378      141.45929        0.91073       -5.07408        0.64683        0.00000
6.350425        0.00001        0.00036       33.29119     -215.43158        2.87755      155.44299        0.82298       -5.08496        0.59376        0.00000
6.453715        0.00001        0.00037       37.50062     -232.84209        2.82653      170.69595        0.74282       -5.09199        0.54441        0.00000
6.558686        0.00001        0.00038       42.22229     -251.28578        2.77130      187.17136        0.66897       -5.09601        0.49822        0.00000
6.665363        0.00001        0.00039       47.56475     -270.85505        2.71189      205.03852        0.60184       -5.09710        0.45550        0.00000
6.773776        0.00001        0.00040       53.57459     -291.52607        2.64897      224.32019        0.54071       -5.09578        0.41595        0.00000
6.883952        0.00001        0.00041       60.29430     -313.27936        2.58313      245.03626        0.48497       -5.09238        0.37931        0.00000
6.995920        0.00001        0.00042       67.89386     -336.22238        2.51482      267.41536        0.43500       -5.08694        0.34588        0.00000
7.109709        0.00001        0.00044       76.35933     -360.25563        2.44479      291.36110        0.38960       -5.07991        0.31504        0.00000
7.225349        0.00001        0.00045       85.83563     -385.43819        2.37355      317.03675        0.34881       -5.07134        0.28686        0.00000
7.342870        0.00000        0.00046       96.43288     -411.77322        2.30168      344.52730        0.31223       -5.06140        0.26117        0.00000
7.462303        0.00000        0.00047      108.17533     -439.20486        2.22958      373.79791        0.27920       -5.05027        0.23761        0.00000
7.583678        0.00000        0.00048      121.32159     -467.81845        2.15786      405.11409        0.24990       -5.03791        0.21634        0.00000
7.707027        0.00000        0.00049      135.86120     -497.52403        2.08675      438.37969        0.22353       -5.02453        0.19692        0.00000
7.832383        0.00000        0.00051      151.95018     -528.33090        2.01660      473.70998        0.19995       -5.01012        0.17926        0.00000
7.959777        0.00000        0.00052      169.80943     -560.25299        1.94783      511.26758        0.17901       -4.99471        0.16331        0.00000
8.089243        0.00000        0.00053      189.42534     -593.21136        1.88041      550.95858        0.16018       -4.97839        0.14876        0.00000
8.220816        0.00000        0.00054      211.11730     -627.23732        1.81480      593.02497        0.14350       -4.96111        0.13564        0.00000
8.354528        0.00000        0.00056      234.93642     -662.26522        1.75097      637.42562        0.12858       -4.94291        0.12373        0.00000
8.490415        0.00000        0.00057      260.99418     -698.25685        1.68897      684.18691        0.11522       -4.92383        0.11289        0.00000
8.628513        0.00000        0.00058      289.68272     -735.20982        1.62918      733.55398        0.10342       -4.90379        0.10316        0.00000
8.768856        0.00000        0.00059      320.90973     -773.03844        1.57128      785.36456        0.09281       -4.88286        0.09427        0.00000
8.911482        0.00000        0.00061      355.03043     -811.71956        1.51554      839.81243        0.08337       -4.86098        0.08624        0.00000
9.056428        0.00000        0.00062      392.20725     -851.19298        1.46191      896.92238        0.07496       -4.83816        0.07897        0.00000
9.203732        0.00000        0.00063      432.44932     -891.39957        1.41020      956.62310        0.06740       -4.81441        0.07233        0.00000
9.353432        0.00000        0.00064      476.33806     -932.28233        1.36079     1019.20270        0.06072       -4.78964        0.06636        0.00000
9.505566        0.00000        0.00065      523.69520     -973.77336        1.31326     1084.45996        0.05470       -4.76392        0.06091        0.00000
9.660175        0.00000        0.00066      574.85300    -1015.80680        1.26771     1152.51008        0.04933       -4.73718        0.05596        0.00000
9.817298        0.00000        0.00068      630.13636    -1058.29573        1.22419     1223.44031        0.04454       -4.70941        0.05147        0.00000
9.976978        0.00000        0.00069      689.44097    -1101.18991        1.18241     1297.11426        0.04022       -4.68063        0.04737        0.00000
10.139254        0.00000        0.00070      753.35883    -1144.36950        1.14260     1373.73811        0.03637       -4.65076        0.04366        0.00000
10.304170        0.00000        0.00071      821.79183    -1187.77661        1.10450     1453.16913        0.03292       -4.61982        0.04026        0.00000
10.471768        0.00000        0.00072      894.92422    -1231.33799        1.06803     1535.42061        0.02980       -4.58780        0.03716        0.00000
10.642092        0.00000        0.00073      973.26983    -1274.89522        1.03334     1620.60204        0.02703       -4.55464        0.03435        0.00000
10.815187        0.00000        0.00074     1056.56323    -1318.44115        1.00011     1708.53196        0.02451       -4.52038        0.03176        0.00000
10.991097        0.00000        0.00075     1145.32061    -1361.80776        0.96847     1799.30938        0.02226       -4.48494        0.02941        0.00000
11.169868        0.00000        0.00075     1239.57844    -1404.91882        0.93828     1892.85681        0.02023       -4.44834        0.02726        0.00000
11.351547        0.00000        0.00076     1339.26694    -1447.73689        0.90939     1989.07976        0.01840       -4.41058        0.02527        0.00000
11.536181        0.00000        0.00077     1445.08831    -1489.99130        0.88199     2088.07527        0.01675       -4.37158        0.02347        0.00000
11.723818        0.00000        0.00078     1556.57439    -1531.74842        0.85578     2189.63999        0.01526       -4.33138        0.02181        0.00000
11.914507        0.00000        0.00078     1674.09971    -1572.82288        0.83080     2293.77894        0.01391       -4.28993        0.02029        0.00000
12.108298        0.00000        0.00079     1797.80928    -1613.07084        0.80703     2400.41991        0.01270       -4.24722        0.01889        0.00000
12.305240        0.00000        0.00079     1927.43090    -1652.51188        0.78430     2509.43345        0.01159       -4.20325        0.01760        0.00000
12.505386        0.00000        0.00080     2063.50985    -1690.82957        0.76274     2620.79672        0.01060       -4.15795        0.01642        0.00000
12.708787        0.00000        0.00080     2205.64159    -1728.08241        0.74215     2734.36222        0.00969       -4.11134        0.01533        0.00000
12.915497        0.00000        0.00081     2353.88529    -1764.13137        0.72253     2850.03583        0.00886       -4.06340        0.01432        0.00000
13.125568        0.00000        0.00081     2508.44741    -1798.72621        0.70390     2967.70540        0.00812       -4.01405        0.01339        0.00000
13.339057        0.00000        0.00081     2668.86571    -1831.96475        0.68610     3087.24927        0.00744       -3.96334        0.01253        0.00000
13.556018        0.00000        0.00081     2835.37404    -1863.52194        0.66921     3208.51938        0.00682       -3.91116        0.01174        0.00000
13.776508        0.00000        0.00081     3007.64804    -1893.39023        0.65313     3331.38659        0.00626       -3.85752        0.01100        0.00000
14.000584        0.00000        0.00081     3185.43342    -1921.53164        0.63779     3455.73354        0.00574       -3.80239        0.01032        0.00000
14.228305        0.00000        0.00081     3368.80799    -1947.53720        0.62328     3581.31565        0.00527       -3.74565        0.00969        0.00000
14.459729        0.00000        0.00081     3557.19029    -1971.60469        0.60944     3708.07611        0.00484       -3.68732        0.00910        0.00000
14.694918        0.00000        0.00081     3750.44556    -1993.42009        0.59632     3835.77981        0.00445       -3.62729        0.00855        0.00000
14.933932        0.00000        0.00080     3948.18770    -2012.84678        0.58388     3964.23784        0.00409       -3.56546        0.00805        0.00000
15.176834        0.00000        0.00080     4149.97841    -2029.95317        0.57204     4093.38633        0.00375       -3.50181        0.00757        0.00000
15.423686        0.00000        0.00079     4355.43979    -2044.19409        0.56089     4222.81731        0.00345       -3.43608        0.00713        0.00000
15.674554        0.00000        0.00079     4564.00621    -2055.76573        0.55031     4352.53742        0.00317       -3.36825        0.00671        0.00000
15.929502        0.00000        0.00078     4775.16946    -2064.38250        0.54031     4482.30235        0.00291       -3.29808        0.00633        0.00000
16.188597        0.00000        0.00077     4988.18791    -2069.66069        0.53091     4611.78660        0.00268       -3.22525        0.00596        0.00000
16.451906        0.00000        0.00076     5202.57005    -2071.69656        0.52204     4741.03261        0.00246       -3.14960        0.00562        0.00000
16.719498        0.00000        0.00075     5417.24684    -2069.78579        0.51376     4869.56464        0.00225       -3.07050        0.00530        0.00000
16.991442        0.00000        0.00073     5631.52525    -2063.80046        0.50603     4997.39142        0.00206       -2.98749        0.00499        0.00000
17.267809        0.00000        0.00072     5844.56424    -2053.32075        0.49883     5124.41414        0.00188       -2.89983        0.00470        0.00000
17.548671        0.00000        0.00070     6054.54488    -2037.04521        0.49227     5250.22452        0.00171       -2.80575        0.00442        0.00000
17.834102        0.00000        0.00068     6260.87166    -2014.47165        0.48627     5375.23650        0.00155       -2.70379        0.00414        0.00000
18.124175        0.00000        0.00066     6461.13792    -1982.94762        0.48100     5499.54911        0.00140       -2.58953        0.00387        0.00000
18.418967        0.00000        0.00063     6652.80169    -1937.39730        0.47662     5624.78339        0.00124       -2.45330        0.00359        0.00000
