x               rho            P              T              ur             uphi           uz             Br             Bphi           Bz             m
0.010000        0.99965        0.99968        1.00003        1.65967        0.95097       -0.00165        0.05443       -0.08721        1.00003        0.99990
0.010163        0.99964        0.99967        1.00003        1.65968        0.95097       -0.00168        0.05531       -0.08863        1.00004        0.99990
0.010328        0.99962        0.99965        1.00003        1.65970        0.95097       -0.00171        0.05621       -0.09007        1.00004        0.99989
0.010496        0.99960        0.99963        1.00003        1.65973        0.95096       -0.00173        0.05713       -0.09154        1.00004        0.99989
0.010667        0.99958        0.99961        1.00003        1.65975        0.95096       -0.00176        0.05806       -0.09302        1.00004        0.99988
0.010840        0.99956        0.99959        1.00003        1.65977        0.95096       -0.00179        0.05900       -0.09454        1.00004        0.99988
0.011016        0.99954        0.99957        1.00004        1.65980        0.95096       -0.00182        0.05996       -0.09607        1.00004        0.99987
0.011196        0.99951        0.99955        1.00004        1.65982        0.95096       -0.00185        0.06094       -0.09764        1.00005        0.99986
0.011378        0.99949        0.99953        1.00004        1.65985        0.95096       -0.00188        0.06193       -0.09922        1.00005        0.99986
0.011563        0.99947        0.99951        1.00004        1.65987        0.95096       -0.00191        0.06294       -0.10084        1.00005        0.99985
0.011751        0.99945        0.99949        1.00004        1.65990        0.95096       -0.00194        0.06396       -0.10248        1.00005        0.99985
0.011942        0.99942        0.99946        1.00004        1.65992        0.95095       -0.00197        0.06500       -0.10414        1.00005        0.99984
0.012136        0.99940        0.99944        1.00004        1.65995        0.95095       -0.00201        0.06606       -0.10584        1.00006        0.99984
0.012334        0.99937        0.99942        1.00005        1.65997        0.95095       -0.00204        0.06714       -0.10756        1.00006        0.99983
0.012534        0.99935        0.99940        1.00005        1.66000        0.95095       -0.00207        0.06823       -0.10931        1.00006        0.99982
0.012738        0.99932        0.99937        1.00005        1.66003        0.95095       -0.00211        0.06934       -0.11109        1.00006        0.99982
0.012945        0.99930        0.99935        1.00005        1.66006        0.95095       -0.00214        0.07047       -0.11289        1.00006        0.99981
0.013156        0.99927        0.99933        1.00005        1.66008        0.95095       -0.00218        0.07161       -0.11473        1.00007        0.99981
0.013370        0.99925        0.99930        1.00005        1.66011        0.95094       -0.00221        0.07278       -0.11659        1.00007        0.99980
0.013587        0.99922        0.99928        1.00006        1.66014        0.95094       -0.00225        0.07396       -0.11849        1.00007        0.99979
0.013808        0.99919        0.99925        1.00006        1.66017        0.95094       -0.00228        0.07517       -0.12042        1.00007        0.99979
0.014033        0.99917        0.99923        1.00006        1.66020        0.95094       -0.00232        0.07639       -0.12238        1.00008        0.99978
0.014261        0.99914        0.99920        1.00006        1.66023        0.95094       -0.00236        0.07763       -0.12437        1.00008        0.99977
0.014493        0.99911        0.99917        1.00006        1.66026        0.95094       -0.00240        0.07890       -0.12639        1.00008        0.99977
0.014729        0.99908        0.99915        1.00007        1.66030        0.95093       -0.00244        0.08018       -0.12844        1.00008        0.99976
0.014968        0.99905        0.99912        1.00007        1.66033        0.95093       -0.00248        0.08149       -0.13053        1.00008        0.99975
0.015212        0.99902        0.99909        1.00007        1.66036        0.95093       -0.00252        0.08281       -0.13265        1.00009        0.99974
0.015459        0.99899        0.99906        1.00007        1.66039        0.95093       -0.00256        0.08416       -0.13481        1.00009        0.99974
0.015711        0.99896        0.99903        1.00007        1.66043        0.95093       -0.00260        0.08553       -0.13700        1.00009        0.99973
0.015966        0.99893        0.99900        1.00008        1.66046        0.95092       -0.00264        0.08692       -0.13923        1.00009        0.99972
0.016226        0.99890        0.99897        1.00008        1.66050        0.95092       -0.00268        0.08834       -0.14150        1.00010        0.99971
0.016490        0.99886        0.99894        1.00008        1.66053        0.95092       -0.00273        0.08977       -0.14380        1.00010        0.99971
0.016758        0.99883        0.99891        1.00008        1.66057        0.95092       -0.00277        0.09123       -0.14614        1.00010        0.99970
0.017031        0.99880        0.99888        1.00008        1.66060        0.95092       -0.00282        0.09272       -0.14851        1.00011        0.99969
0.017308        0.99876        0.99885        1.00009        1.66064        0.95091       -0.00286        0.09423       -0.15093        1.00011        0.99968
0.017589        0.99873        0.99882        1.00009        1.66068        0.95091       -0.00291        0.09576       -0.15338        1.00011        0.99967
0.017875        0.99869        0.99879        1.00009        1.66072        0.95091       -0.00296        0.09732       -0.15588        1.00011        0.99966
0.018166        0.99866        0.99875        1.00009        1.66076        0.95091       -0.00300        0.09890       -0.15841        1.00012        0.99965
0.018461        0.99862        0.99872        1.00010        1.66080        0.95091       -0.00305        0.10051       -0.16099        1.00012        0.99965
0.018762        0.99859        0.99868        1.00010        1.66084        0.95090       -0.00310        0.10215       -0.16361        1.00012        0.99964
0.019067        0.99855        0.99865        1.00010        1.66088        0.95090       -0.00315        0.10381       -0.16627        1.00013        0.99963
0.019377        0.99851        0.99861        1.00010        1.66092        0.95090       -0.00320        0.10550       -0.16897        1.00013        0.99962
0.019692        0.99847        0.99858        1.00011        1.66096        0.95090       -0.00326        0.10721       -0.17172        1.00013        0.99961
0.020012        0.99843        0.99854        1.00011        1.66100        0.95089       -0.00331        0.10896       -0.17451        1.00014        0.99960
0.020338        0.99837        0.99849        1.00011        1.66107        0.95089       -0.00336        0.11073       -0.17735        1.00014        0.99958
0.020669        0.99831        0.99842        1.00012        1.66114        0.95089       -0.00342        0.11254       -0.18023        1.00015        0.99957
0.021005        0.99824        0.99836        1.00012        1.66122        0.95088       -0.00347        0.11437       -0.18316        1.00015        0.99955
0.021347        0.99817        0.99829        1.00013        1.66129        0.95088       -0.00353        0.11624       -0.18614        1.00016        0.99953
0.021694        0.99810        0.99823        1.00013        1.66137        0.95087       -0.00359        0.11813       -0.18916        1.00016        0.99952
0.022047        0.99802        0.99816        1.00014        1.66145        0.95087       -0.00365        0.12005       -0.19224        1.00017        0.99950
0.022405        0.99795        0.99809        1.00014        1.66153        0.95087       -0.00371        0.12201       -0.19536        1.00018        0.99948
0.022770        0.99788        0.99802        1.00015        1.66161        0.95086       -0.00377        0.12400       -0.19854        1.00018        0.99946
0.023140        0.99780        0.99795        1.00015        1.66170        0.95086       -0.00383        0.12602       -0.20177        1.00019        0.99944
0.023516        0.99772        0.99788        1.00016        1.66178        0.95085       -0.00389        0.12807       -0.20505        1.00020        0.99942
0.023899        0.99765        0.99781        1.00016        1.66187        0.95085       -0.00396        0.13016       -0.20838        1.00020        0.99941
0.024288        0.99757        0.99773        1.00017        1.66195        0.95084       -0.00402        0.13228       -0.21177        1.00021        0.99939
0.024683        0.99749        0.99766        1.00017        1.66204        0.95084       -0.00409        0.13443       -0.21521        1.00022        0.99937
0.025084        0.99740        0.99758        1.00018        1.66213        0.95083       -0.00415        0.13662       -0.21871        1.00022        0.99935
0.025492        0.99732        0.99750        1.00018        1.66222        0.95083       -0.00422        0.13885       -0.22227        1.00023        0.99933
0.025907        0.99724        0.99743        1.00019        1.66231        0.95082       -0.00429        0.14111       -0.22588        1.00024        0.99930
0.026328        0.99715        0.99735        1.00020        1.66241        0.95082       -0.00436        0.14341       -0.22955        1.00024        0.99928
0.026756        0.99706        0.99726        1.00020        1.66251        0.95081       -0.00443        0.14574       -0.23328        1.00025        0.99926
0.027192        0.99698        0.99718        1.00021        1.66260        0.95081       -0.00450        0.14811       -0.23708        1.00026        0.99924
0.027634        0.99689        0.99710        1.00021        1.66270        0.95080       -0.00458        0.15053       -0.24093        1.00027        0.99922
0.028083        0.99679        0.99701        1.00022        1.66280        0.95080       -0.00465        0.15298       -0.24485        1.00027        0.99920
0.028540        0.99670        0.99693        1.00023        1.66290        0.95079       -0.00473        0.15547       -0.24883        1.00028        0.99917
0.029004        0.99661        0.99684        1.00023        1.66301        0.95079       -0.00480        0.15800       -0.25287        1.00029        0.99915
0.029476        0.99651        0.99675        1.00024        1.66311        0.95078       -0.00488        0.16057       -0.25698        1.00030        0.99913
0.029955        0.99641        0.99666        1.00025        1.66322        0.95077       -0.00496        0.16319       -0.26116        1.00031        0.99910
0.030443        0.99628        0.99654        1.00025        1.66336        0.95077       -0.00504        0.16585       -0.26541        1.00032        0.99907
0.030938        0.99614        0.99641        1.00026        1.66352        0.95076       -0.00513        0.16856       -0.26972        1.00033        0.99904
0.031441        0.99600        0.99627        1.00027        1.66367        0.95075       -0.00521        0.17131       -0.27410        1.00034        0.99900
0.031952        0.99585        0.99614        1.00028        1.66383        0.95074       -0.00529        0.17410       -0.27855        1.00035        0.99896
0.032472        0.99571        0.99600        1.00029        1.66400        0.95073       -0.00538        0.17694       -0.28308        1.00036        0.99893
0.033000        0.99556        0.99586        1.00030        1.66416        0.95072       -0.00547        0.17983       -0.28768        1.00038        0.99889
0.033537        0.99540        0.99571        1.00031        1.66433        0.95071       -0.00556        0.18276       -0.29235        1.00039        0.99885
0.034083        0.99525        0.99557        1.00032        1.66450        0.95070       -0.00565        0.18575       -0.29710        1.00040        0.99882
0.034637        0.99509        0.99542        1.00033        1.66468        0.95069       -0.00574        0.18878       -0.30193        1.00042        0.99878
0.035200        0.99493        0.99527        1.00034        1.66485        0.95068       -0.00584        0.19186       -0.30684        1.00043        0.99874
0.035773        0.99477        0.99512        1.00036        1.66503        0.95067       -0.00593        0.19498       -0.31182        1.00044        0.99870
0.036355        0.99460        0.99496        1.00037        1.66521        0.95066       -0.00603        0.19817       -0.31689        1.00046        0.99866
0.036946        0.99443        0.99481        1.00038        1.66540        0.95065       -0.00613        0.20140       -0.32204        1.00047        0.99861
0.037547        0.99426        0.99465        1.00039        1.66559        0.95064       -0.00623        0.20468       -0.32727        1.00049        0.99857
0.038158        0.99409        0.99448        1.00040        1.66578        0.95063       -0.00633        0.20802       -0.33259        1.00050        0.99853
0.038778        0.99391        0.99432        1.00041        1.66597        0.95062       -0.00643        0.21141       -0.33799        1.00052        0.99849
0.039409        0.99373        0.99415        1.00042        1.66617        0.95061       -0.00654        0.21486       -0.34349        1.00053        0.99844
0.040050        0.99355        0.99398        1.00044        1.66637        0.95060       -0.00665        0.21836       -0.34907        1.00055        0.99840
0.040701        0.99331        0.99376        1.00045        1.66663        0.95059       -0.00676        0.22193       -0.35474        1.00057        0.99834
0.041363        0.99307        0.99353        1.00047        1.66690        0.95057       -0.00687        0.22556       -0.36049        1.00059        0.99828
0.042036        0.99282        0.99330        1.00049        1.66717        0.95056       -0.00698        0.22925       -0.36635        1.00061        0.99822
0.042720        0.99257        0.99307        1.00050        1.66745        0.95054       -0.00709        0.23300       -0.37230        1.00063        0.99816
0.043415        0.99232        0.99283        1.00052        1.66773        0.95053       -0.00721        0.23681       -0.37834        1.00065        0.99809
0.044121        0.99206        0.99259        1.00054        1.66801        0.95051       -0.00733        0.24068       -0.38448        1.00067        0.99803
0.044839        0.99180        0.99235        1.00055        1.66830        0.95049       -0.00745        0.24461       -0.39073        1.00069        0.99797
0.045568        0.99153        0.99210        1.00057        1.66860        0.95048       -0.00757        0.24861       -0.39707        1.00072        0.99790
0.046309        0.99126        0.99184        1.00059        1.66890        0.95046       -0.00770        0.25267       -0.40352        1.00074        0.99783
0.047062        0.99098        0.99159        1.00061        1.66920        0.95045       -0.00782        0.25680       -0.41007        1.00076        0.99777
0.047828        0.99070        0.99132        1.00063        1.66951        0.95043       -0.00795        0.26100       -0.41673        1.00079        0.99770
0.048606        0.99042        0.99106        1.00065        1.66983        0.95041       -0.00808        0.26526       -0.42350        1.00081        0.99763
0.049396        0.99013        0.99079        1.00067        1.67015        0.95039       -0.00822        0.26959       -0.43038        1.00083        0.99756
0.050200        0.98982        0.99050        1.00069        1.67048        0.95037       -0.00835        0.27400       -0.43736        1.00086        0.99748
0.051016        0.98946        0.99016        1.00071        1.67088        0.95035       -0.00849        0.27849       -0.44446        1.00089        0.99739
0.051846        0.98909        0.98982        1.00074        1.67130        0.95033       -0.00863        0.28305       -0.45167        1.00092        0.99730
0.052689        0.98871        0.98946        1.00076        1.67171        0.95031       -0.00877        0.28769       -0.45899        1.00095        0.99721
0.053546        0.98833        0.98911        1.00079        1.67214        0.95028       -0.00892        0.29241       -0.46644        1.00099        0.99711
0.054417        0.98794        0.98874        1.00081        1.67257        0.95026       -0.00906        0.29720       -0.47401        1.00102        0.99702
0.055302        0.98754        0.98837        1.00084        1.67301        0.95023       -0.00921        0.30207       -0.48170        1.00105        0.99692
0.056202        0.98714        0.98800        1.00087        1.67345        0.95021       -0.00937        0.30702       -0.48951        1.00109        0.99682
0.057116        0.98673        0.98761        1.00090        1.67391        0.95018       -0.00952        0.31204       -0.49745        1.00112        0.99672
0.058045        0.98631        0.98723        1.00092        1.67437        0.95016       -0.00968        0.31715       -0.50553        1.00116        0.99662
0.058989        0.98589        0.98683        1.00095        1.67484        0.95013       -0.00984        0.32235       -0.51373        1.00119        0.99652
0.059948        0.98546        0.98643        1.00098        1.67531        0.95011       -0.01000        0.32763       -0.52206        1.00123        0.99641
0.060923        0.98496        0.98596        1.00102        1.67587        0.95008       -0.01017        0.33301       -0.53053        1.00127        0.99629
0.061914        0.98444        0.98547        1.00105        1.67645        0.95004       -0.01034        0.33848       -0.53912        1.00131        0.99616
0.062921        0.98390        0.98497        1.00109        1.67705        0.95001       -0.01051        0.34405       -0.54786        1.00136        0.99603
0.063945        0.98336        0.98447        1.00112        1.67765        0.94998       -0.01068        0.34970       -0.55674        1.00141        0.99590
0.064985        0.98281        0.98395        1.00116        1.67826        0.94994       -0.01086        0.35545       -0.56576        1.00145        0.99576
0.066042        0.98226        0.98343        1.00120        1.67888        0.94991       -0.01104        0.36129       -0.57493        1.00150        0.99562
0.067116        0.98169        0.98290        1.00124        1.67951        0.94987       -0.01123        0.36722       -0.58425        1.00155        0.99548
0.068208        0.98111        0.98236        1.00128        1.68015        0.94984       -0.01141        0.37325       -0.59372        1.00160        0.99534
0.069317        0.98053        0.98181        1.00132        1.68081        0.94980       -0.01160        0.37938       -0.60334        1.00165        0.99520
0.070445        0.97990        0.98123        1.00136        1.68150        0.94976       -0.01180        0.38562       -0.61312        1.00170        0.99505
0.071590        0.97920        0.98058        1.00140        1.68228        0.94972       -0.01199        0.39198       -0.62304        1.00176        0.99488
0.072755        0.97849        0.97991        1.00145        1.68308        0.94967       -0.01220        0.39844       -0.63312        1.00182        0.99470
0.073938        0.97777        0.97924        1.00150        1.68389        0.94963       -0.01240        0.40501       -0.64337        1.00188        0.99452
0.075141        0.97704        0.97855        1.00155        1.68471        0.94958       -0.01261        0.41169       -0.65378        1.00194        0.99435
0.076363        0.97629        0.97786        1.00160        1.68554        0.94953       -0.01282        0.41848       -0.66436        1.00201        0.99416
0.077605        0.97554        0.97715        1.00165        1.68639        0.94949       -0.01303        0.42537       -0.67512        1.00207        0.99398
0.078867        0.97477        0.97643        1.00170        1.68725        0.94944       -0.01325        0.43238       -0.68605        1.00214        0.99379
0.080150        0.97398        0.97569        1.00176        1.68813        0.94939       -0.01347        0.43950       -0.69716        1.00220        0.99360
0.081454        0.97308        0.97485        1.00182        1.68914        0.94933       -0.01370        0.44678       -0.70842        1.00228        0.99338
0.082779        0.97217        0.97400        1.00188        1.69017        0.94927       -0.01393        0.45418       -0.71987        1.00236        0.99315
0.084125        0.97124        0.97313        1.00194        1.69122        0.94921       -0.01417        0.46170       -0.73150        1.00244        0.99292
0.085493        0.97029        0.97224        1.00201        1.69228        0.94915       -0.01441        0.46934       -0.74332        1.00252        0.99269
0.086884        0.96933        0.97134        1.00207        1.69336        0.94909       -0.01465        0.47710       -0.75534        1.00260        0.99246
0.088297        0.96836        0.97043        1.00214        1.69446        0.94903       -0.01490        0.48499       -0.76755        1.00268        0.99222
0.089733        0.96737        0.96950        1.00221        1.69558        0.94897       -0.01515        0.49301       -0.77996        1.00277        0.99198
0.091193        0.96627        0.96848        1.00228        1.69682        0.94890       -0.01541        0.50120       -0.79255        1.00286        0.99171
0.092676        0.96513        0.96740        1.00236        1.69811        0.94882       -0.01567        0.50953       -0.80533        1.00296        0.99143
0.094183        0.96397        0.96632        1.00244        1.69943        0.94875       -0.01594        0.51801       -0.81833        1.00306        0.99115
0.095715        0.96278        0.96521        1.00252        1.70077        0.94867       -0.01621        0.52661       -0.83153        1.00316        0.99086
0.097272        0.96158        0.96408        1.00260        1.70213        0.94859       -0.01649        0.53536       -0.84495        1.00327        0.99056
0.098854        0.96036        0.96294        1.00268        1.70352        0.94851       -0.01677        0.54425       -0.85859        1.00337        0.99026
0.100462        0.95910        0.96175        1.00277        1.70496        0.94843       -0.01706        0.55330       -0.87244        1.00348        0.98995
0.102096        0.95770        0.96045        1.00287        1.70655        0.94834       -0.01735        0.56255       -0.88648        1.00360        0.98962
0.103757        0.95629        0.95912        1.00296        1.70817        0.94824       -0.01765        0.57195       -0.90076        1.00373        0.98927
0.105444        0.95485        0.95777        1.00306        1.70981        0.94815       -0.01796        0.58150       -0.91527        1.00385        0.98892
0.107159        0.95339        0.95640        1.00316        1.71148        0.94805       -0.01826        0.59121       -0.93001        1.00398        0.98856
0.108902        0.95191        0.95501        1.00326        1.71318        0.94795       -0.01858        0.60107       -0.94499        1.00411        0.98820
0.110674        0.95035        0.95355        1.00337        1.71496        0.94785       -0.01890        0.61112       -0.96020        1.00424        0.98782
0.112474        0.94867        0.95198        1.00348        1.71689        0.94773       -0.01923        0.62139       -0.97563        1.00439        0.98741
0.114303        0.94697        0.95038        1.00360        1.71886        0.94762       -0.01957        0.63183       -0.99130        1.00454        0.98700
0.116162        0.94523        0.94875        1.00372        1.72086        0.94750       -0.01991        0.64243       -1.00723        1.00469        0.98657
0.118052        0.94347        0.94710        1.00384        1.72289        0.94738       -0.02025        0.65321       -1.02342        1.00484        0.98614
0.119972        0.94168        0.94542        1.00396        1.72495        0.94726       -0.02061        0.66416       -1.03988        1.00500        0.98571
0.121923        0.93972        0.94357        1.00410        1.72723        0.94713       -0.02097        0.67538       -1.05654        1.00517        0.98523
0.123906        0.93771        0.94168        1.00424        1.72957        0.94699       -0.02134        0.68679       -1.07348        1.00535        0.98474
0.125922        0.93567        0.93976        1.00438        1.73194        0.94684       -0.02172        0.69839       -1.09069        1.00553        0.98425
0.127970        0.93359        0.93782        1.00452        1.73436        0.94670       -0.02210        0.71017       -1.10818        1.00571        0.98374
0.130051        0.93149        0.93584        1.00467        1.73681        0.94655       -0.02249        0.72215       -1.12595        1.00590        0.98323
0.132166        0.92918        0.93366        1.00483        1.73952        0.94639       -0.02289        0.73443       -1.14394        1.00610        0.98267
0.134316        0.92683        0.93145        1.00499        1.74228        0.94622       -0.02330        0.74691       -1.16223        1.00631        0.98210
0.136501        0.92444        0.92921        1.00516        1.74508        0.94605       -0.02372        0.75960       -1.18081        1.00652        0.98152
0.138721        0.92202        0.92693        1.00532        1.74793        0.94588       -0.02415        0.77249       -1.19969        1.00674        0.98093
0.140977        0.91948        0.92454        1.00550        1.75092        0.94570       -0.02458        0.78564       -1.21885        1.00696        0.98031
0.143270        0.91679        0.92201        1.00569        1.75411        0.94550       -0.02503        0.79909       -1.23827        1.00720        0.97966
0.145601        0.91406        0.91943        1.00588        1.75735        0.94530       -0.02548        0.81276       -1.25801        1.00745        0.97900
0.147969        0.91128        0.91681        1.00607        1.76065        0.94510       -0.02594        0.82665       -1.27806        1.00770        0.97833
0.150376        0.90844        0.91413        1.00627        1.76402        0.94489       -0.02641        0.84079       -1.29844        1.00795        0.97764
0.152821        0.90537        0.91124        1.00649        1.76770        0.94466       -0.02690        0.85529       -1.31905        1.00823        0.97690
0.155307        0.90226        0.90831        1.00670        1.77143        0.94442       -0.02740        0.87003       -1.34000        1.00851        0.97615
0.157833        0.89910        0.90532        1.00693        1.77522        0.94418       -0.02790        0.88500       -1.36129        1.00880        0.97538
0.160400        0.89586        0.90227        1.00715        1.77911        0.94394       -0.02841        0.90024       -1.38291        1.00909        0.97460
0.163009        0.89238        0.89899        1.00740        1.78333        0.94367       -0.02895        0.91589       -1.40478        1.00941        0.97376
0.165661        0.88885        0.89565        1.00765        1.78761        0.94339       -0.02949        0.93179       -1.42701        1.00974        0.97291
0.168355        0.88526        0.89226        1.00790        1.79196        0.94311       -0.03004        0.94795       -1.44960        1.01007        0.97204
0.171093        0.88154        0.88874        1.00817        1.79649        0.94282       -0.03061        0.96445       -1.47251        1.01041        0.97114
0.173876        0.87761        0.88502        1.00845        1.80131        0.94250       -0.03119        0.98134       -1.49570        1.01077        0.97020
0.176704        0.87362        0.88125        1.00873        1.80620        0.94218       -0.03178        0.99851       -1.51927        1.01114        0.96924
0.179578        0.86957        0.87741        1.00902        1.81117        0.94185       -0.03238        1.01596       -1.54322        1.01152        0.96826
0.182499        0.86526        0.87333        1.00933        1.81651        0.94150       -0.03301        1.03388       -1.56744        1.01192        0.96723
0.185468        0.86084        0.86914        1.00964        1.82199        0.94113       -0.03365        1.05213       -1.59201        1.01234        0.96616
0.188484        0.85634        0.86488        1.00997        1.82757        0.94075       -0.03430        1.07068       -1.61699        1.01276        0.96509
0.191550        0.85166        0.86044        1.01030        1.83340        0.94035       -0.03497        1.08966       -1.64229        1.01320        0.96396
0.194666        0.84678        0.85580        1.01066        1.83953        0.93993       -0.03566        1.10908       -1.66790        1.01367        0.96279
0.197832        0.84182        0.85109        1.01101        1.84576        0.93949       -0.03636        1.12882       -1.69393        1.01414        0.96160
0.201050        0.83670        0.84622        1.01138        1.85220        0.93904       -0.03708        1.14896       -1.72032        1.01463        0.96038
0.204320        0.83132        0.84111        1.01178        1.85903        0.93855       -0.03782        1.16964       -1.74699        1.01515        0.95909
0.207643        0.82585        0.83590        1.01218        1.86597        0.93806       -0.03858        1.19066       -1.77409        1.01567        0.95778
0.211020        0.82022        0.83055        1.01259        1.87314        0.93754       -0.03935        1.21210       -1.80157        1.01622        0.95644
0.214453        0.81431        0.82491        1.01302        1.88072        0.93698       -0.04016        1.23414       -1.82932        1.01680        0.95503
0.217941        0.80831        0.81919        1.01346        1.88843        0.93641       -0.04098        1.25653       -1.85752        1.01739        0.95360
0.221486        0.80210        0.81326        1.01392        1.89643        0.93581       -0.04182        1.27942       -1.88607        1.01800        0.95212
0.225088        0.79562        0.80707        1.01440        1.90483        0.93517       -0.04269        1.30291       -1.91491        1.01865        0.95058
0.228749        0.78903        0.80078        1.01489        1.91336        0.93452       -0.04357        1.32679       -1.94422        1.01930        0.94901
0.232470        0.78216        0.79421        1.01541        1.92232        0.93381       -0.04449        1.35130       -1.97381        1.01999        0.94738
0.236251        0.77508        0.78742        1.01594        1.93159        0.93307       -0.04543        1.37636       -2.00376        1.02071        0.94569
0.240093        0.76788        0.78053        1.01648        1.94101        0.93232       -0.04639        1.40183       -2.03420        1.02144        0.94399
0.243999        0.76027        0.77323        1.01706        1.95104        0.93149       -0.04740        1.42815       -2.06476        1.02222        0.94218
0.247967        0.75254        0.76581        1.01764        1.96123        0.93064       -0.04842        1.45490       -2.09583        1.02302        0.94035
0.252000        0.74454        0.75813        1.01825        1.97180        0.92974       -0.04947        1.48232       -2.12720        1.02385        0.93846
0.256099        0.73626        0.75016        1.01889        1.98278        0.92878       -0.05055        1.51043       -2.15887        1.02472        0.93650
0.260265        0.72782        0.74204        1.01954        1.99396        0.92781       -0.05166        1.53902       -2.19103        1.02561        0.93450
0.264498        0.71896        0.73350        1.02023        2.00573        0.92672       -0.05281        1.56859       -2.22325        1.02656        0.93241
0.268800        0.70996        0.72481        1.02093        2.01769        0.92562       -0.05399        1.59863       -2.25601        1.02752        0.93029
0.273172        0.70059        0.71576        1.02167        2.03012        0.92443       -0.05520        1.62957       -2.28891        1.02854        0.92808
0.277615        0.69098        0.70647        1.02242        2.04287        0.92318       -0.05645        1.66117       -2.32219        1.02959        0.92581
0.282131        0.68107        0.69688        1.02321        2.05596        0.92186       -0.05774        1.69357       -2.35574        1.03068        0.92348
0.286720        0.67083        0.68695        1.02403        2.06945        0.92045       -0.05906        1.72683       -2.38949        1.03183        0.92106
0.291383        0.66034        0.67676        1.02487        2.08321        0.91898       -0.06041        1.76081       -2.42360        1.03301        0.91859
0.296123        0.64946        0.66618        1.02576        2.09735        0.91739       -0.06181        1.79582       -2.45776        1.03425        0.91603
0.300939        0.63834        0.65536        1.02667        2.11173        0.91574       -0.06324        1.83151       -2.49234        1.03552        0.91341
0.305834        0.62679        0.64409        1.02762        2.12637        0.91394       -0.06472        1.86837       -2.52682        1.03687        0.91069
0.310808        0.61501        0.63259        1.02860        2.14123        0.91208       -0.06622        1.90592       -2.56175        1.03826        0.90791
0.315864        0.60278        0.62063        1.02963        2.15617        0.91005       -0.06777        1.94470       -2.59646        1.03972        0.90503
0.321001        0.59030        0.60841        1.03069        2.17126        0.90794       -0.06935        1.98425       -2.63157        1.04122        0.90208
0.326222        0.57737        0.59572        1.03180        2.18618        0.90565       -0.07096        2.02506       -2.66642        1.04281        0.89903
0.331528        0.56417        0.58275        1.03294        2.20110        0.90325       -0.07260        2.06673       -2.70153        1.04445        0.89591
0.336921        0.55055        0.56934        1.03414        2.21556        0.90066       -0.07426        2.10963       -2.73637        1.04616        0.89268
0.342401        0.53661        0.55559        1.03538        2.22964        0.89794       -0.07594        2.15354       -2.77124        1.04794        0.88936
0.347970        0.52230        0.54144        1.03667        2.24307        0.89503       -0.07763        2.19861       -2.80593        1.04980        0.88595
0.353630        0.50762        0.52690        1.03801        2.25533        0.89192       -0.07932        2.24484       -2.84030        1.05174        0.88243
0.359381        0.49262        0.51203        1.03940        2.26694        0.88868       -0.08101        2.29211       -2.87468        1.05374        0.87883
0.365227        0.47723        0.49672        1.04086        2.27599        0.88515       -0.08264        2.34070       -2.90821        1.05584        0.87511
0.371167        0.46155        0.48110        1.04236        2.28402        0.88150       -0.08427        2.39026       -2.94178        1.05801        0.87130
0.377204        0.44552        0.46508        1.04393        2.28868        0.87758       -0.08580        2.44107       -2.97443        1.06028        0.86736
0.383340        0.42920        0.44875        1.04557        2.29050        0.87348       -0.08725        2.49290       -3.00658        1.06262        0.86332
0.389575        0.41260        0.43210        1.04726        2.28970        0.86920       -0.08862        2.54575       -3.03833        1.06505        0.85918
0.395911        0.39576        0.41515        1.04904        2.28244        0.86467       -0.08974        2.59961       -3.06865        1.06757        0.85491
0.402351        0.37870        0.39796        1.05088        2.27152        0.86002       -0.09074        2.65430       -3.09849        1.07017        0.85053
0.408895        0.36145        0.38053        1.05280        2.25483        0.85520       -0.09151        2.70981       -3.12732        1.07286        0.84603
0.415546        0.34414        0.36297        1.05480        2.22970        0.85027       -0.09191        2.76581       -3.15462        1.07562        0.84139
0.422304        0.32671        0.34527        1.05687        2.19872        0.84527       -0.09207        2.82233       -3.18111        1.07846        0.83665
0.429173        0.30925        0.32750        1.05903        2.15964        0.84025       -0.09186        2.87916       -3.20631        1.08136        0.83177
0.436154        0.29197        0.30985        1.06128        2.10961        0.83532       -0.09111        2.93570       -3.22966        1.08431        0.82676
0.443248        0.27478        0.29224        1.06362        2.05189        0.83050       -0.08999        2.99213       -3.25189        1.08731        0.82162
0.450457        0.25771        0.27473        1.06604        1.98598        0.82582       -0.08845        3.04828       -3.27289        1.09035        0.81635
0.457784        0.24114        0.25766        1.06858        1.90832        0.82155       -0.08625        3.10303       -3.29179        1.09340        0.81093
0.465230        0.22494        0.24094        1.07120        1.82279        0.81764       -0.08360        3.15665       -3.30931        1.09646        0.80537
0.472797        0.20914        0.22459        1.07392        1.73027        0.81412       -0.08052        3.20902       -3.32552        1.09951        0.79968
0.480487        0.19382        0.20869        1.07674        1.63129        0.81106       -0.07701        3.25988       -3.34039        1.10254        0.79384
0.488302        0.17932        0.19360        1.07967        1.52641        0.80871       -0.07303        3.30801       -3.35349        1.10552        0.78785
0.496244        0.16549        0.17917        1.08271        1.41865        0.80695       -0.06875        3.35387       -3.36534        1.10843        0.78171
0.504316        0.15234        0.16540        1.08585        1.30948        0.80576       -0.06424        3.39742       -3.37609        1.11128        0.77542
0.512519        0.13989        0.15235        1.08910        1.20029        0.80517       -0.05957        3.43849       -3.38578        1.11406        0.76898
0.520855        0.12820        0.14005        1.09245        1.09254        0.80517       -0.05480        3.47693       -3.39451        1.11676        0.76239
0.529327        0.11738        0.12863        1.09591        0.98832        0.80580       -0.05001        3.51228       -3.40227        1.11935        0.75564
0.537936        0.10739        0.11807        1.09950        0.88895        0.80701       -0.04528        3.54463       -3.40923        1.12183        0.74873
0.546686        0.09814        0.10826        1.10319        0.79467        0.80871       -0.04066        3.57434       -3.41558        1.12421        0.74165
0.555578        0.08960        0.09918        1.10699        0.70604        0.81086       -0.03618        3.60144       -3.42139        1.12650        0.73442
0.564614        0.08176        0.09081        1.11090        0.62346        0.81342       -0.03186        3.62601       -3.42676        1.12868        0.72702
0.573798        0.07457        0.08314        1.11493        0.54709        0.81637       -0.02773        3.64814       -3.43174        1.13077        0.71946
0.583131        0.06802        0.07611        1.11907        0.47695        0.81966       -0.02381        3.66793       -3.43642        1.13276        0.71174
0.592615        0.06205        0.06970        1.12333        0.41289        0.82326       -0.02008        3.68552       -3.44086        1.13466        0.70384
0.602254        0.05663        0.06386        1.12771        0.35462        0.82714       -0.01655        3.70105       -3.44509        1.13647        0.69578
0.612050        0.05172        0.05856        1.13221        0.30183        0.83127       -0.01322        3.71465       -3.44919        1.13819        0.68756
0.622005        0.04728        0.05375        1.13683        0.25410        0.83564       -0.01005        3.72647       -3.45317        1.13984        0.67916
0.632122        0.04327        0.04939        1.14157        0.21102        0.84023       -0.00705        3.73663       -3.45709        1.14141        0.67060
0.642403        0.03964        0.04545        1.14644        0.17217        0.84502       -0.00420        3.74528       -3.46095        1.14292        0.66187
0.652852        0.03638        0.04189        1.15144        0.13713        0.85000       -0.00148        3.75252       -3.46479        1.14436        0.65297
0.663471        0.03344        0.03867        1.15656        0.10550        0.85516        0.00113        3.75847       -3.46863        1.14574        0.64391
0.674262        0.03079        0.03577        1.16182        0.07693        0.86050        0.00365        3.76323       -3.47248        1.14706        0.63468
0.685229        0.02841        0.03315        1.16721        0.05107        0.86602        0.00607        3.76691       -3.47636        1.14833        0.62529
0.696374        0.02627        0.03080        1.17274        0.02760        0.87170        0.00843        3.76959       -3.48027        1.14956        0.61574
0.707701        0.02435        0.02869        1.17841        0.00626        0.87756        0.01072        3.77134       -3.48423        1.15074        0.60602
0.719212        0.02263        0.02680        1.18422       -0.01320        0.88359        0.01295        3.77223       -3.48824        1.15188        0.59615
0.730910        0.02110        0.02512        1.19018       -0.03089        0.88981        0.01512        3.77229       -3.49231        1.15298        0.58612
0.742798        0.01975        0.02363        1.19629       -0.04700        0.89621        0.01724        3.77156       -3.49644        1.15404        0.57594
0.754880        0.01855        0.02231        1.20255       -0.06181        0.90280        0.01931        3.77015       -3.50065        1.15506        0.56562
0.767158        0.01749        0.02114        1.20897       -0.07545        0.90958        0.02132        3.76810       -3.50492        1.15605        0.55514
0.779636        0.01655        0.02012        1.21556       -0.08802        0.91657        0.02326        3.76545       -3.50927        1.15701        0.54453
0.792317        0.01575        0.01925        1.22231       -0.09944        0.92379        0.02512        3.76214       -3.51370        1.15793        0.53379
0.805204        0.01506        0.01851        1.22923       -0.10992        0.93125        0.02688        3.75826       -3.51821        1.15883        0.52291
0.818301        0.01447        0.01789        1.23633       -0.11954        0.93894        0.02854        3.75384       -3.52281        1.15969        0.51191
0.831610        0.01399        0.01740        1.24360       -0.12824        0.94689        0.03006        3.74886       -3.52749        1.16051        0.50079
0.845137        0.01361        0.01703        1.25107       -0.13603        0.95513        0.03143        3.74331       -3.53226        1.16131        0.48956
0.858883        0.01333        0.01678        1.25872       -0.14304        0.96364        0.03264        3.73724       -3.53711        1.16206        0.47822
0.872853        0.01316        0.01666        1.26657       -0.14917        0.97248        0.03364        3.73057       -3.54205        1.16278        0.46680
0.887050        0.01308        0.01667        1.27462       -0.15452        0.98164        0.03445        3.72330       -3.54708        1.16345        0.45528
0.901478        0.01312        0.01683        1.28288       -0.15915        0.99113        0.03503        3.71542       -3.55220        1.16408        0.44368
0.916140        0.01327        0.01714        1.29135       -0.16309        1.00099        0.03538        3.70682       -3.55741        1.16464        0.43201
0.931041        0.01355        0.01762        1.30003       -0.16653        1.01120        0.03552        3.69750       -3.56270        1.16515        0.42028
0.946185        0.01399        0.01832        1.30894       -0.16958        1.02181        0.03543        3.68729       -3.56808        1.16558        0.40851
0.961575        0.01460        0.01924        1.31808       -0.17255        1.03279        0.03518        3.67613       -3.57354        1.16592        0.39668
0.977215        0.01541        0.02046        1.32745       -0.17575        1.04417        0.03478        3.66379       -3.57908        1.16614        0.38484
0.993109        0.01647        0.02202        1.33706       -0.17965        1.05594        0.03432        3.65009       -3.58469        1.16623        0.37297
1.009262        0.01783        0.02401        1.34691       -0.18480        1.06809        0.03387        3.63476       -3.59036        1.16616        0.36110
1.025678        0.01959        0.02658        1.35702       -0.19217        1.08063        0.03357        3.61723       -3.59607        1.16585        0.34924
1.042361        0.02182        0.02984        1.36736       -0.20258        1.09353        0.03355        3.59715       -3.60180        1.16526        0.33740
1.059315        0.02469        0.03403        1.37795       -0.21749        1.10678        0.03402        3.57370       -3.60751        1.16431        0.32558
1.076545        0.02845        0.03951        1.38879       -0.23917        1.12035        0.03529        3.54556       -3.61312        1.16282        0.31383
1.094055        0.03332        0.04665        1.39985       -0.26981        1.13418        0.03767        3.51147       -3.61854        1.16065        0.30212
1.111850        0.03971        0.05605        1.41113       -0.31289        1.14820        0.04162        3.46933       -3.62359        1.15754        0.29049
1.129934        0.04821        0.06858        1.42260       -0.37337        1.16231        0.04781        3.41599       -3.62799        1.15311        0.27894
1.148312        0.05978        0.08575        1.43421       -0.45940        1.17630        0.05730        3.34607       -3.63112        1.14668        0.26751
1.166990        0.07552        0.10920        1.44590       -0.57943        1.18985        0.07123        3.25338       -3.63205        1.13747        0.25619
1.185971        0.09705        0.14148        1.45755       -0.74524        1.20239        0.09120        3.12809       -3.62902        1.12422        0.24500
1.205261        0.12653        0.18590        1.46899       -0.96959        1.21304        0.11903        2.95631       -3.61878        1.10512        0.23396
1.224865        0.16640        0.24630        1.48000       -1.26082        1.22045        0.15609        2.71946       -3.59562        1.07770        0.22308
1.244787        0.21861        0.32582        1.49022       -1.61198        1.22310        0.20192        2.39538       -3.55028        1.03892        0.21237
1.265034        0.28288        0.42412        1.49918       -1.98834        1.22019        0.25251        1.96290       -3.46991        0.98572        0.20184
1.285610        0.35423        0.53360        1.50630       -2.32909        1.21296        0.30019        1.40964       -3.34133        0.91599        0.19153
1.306520        0.42170        0.63718        1.51096       -2.57189        1.20506        0.33663        0.73863       -3.15791        0.82956        0.18142
1.327771        0.46982        0.71063        1.51256       -2.67581        1.20099        0.35579       -0.03086       -2.92662        0.72839        0.17154
1.349367        0.48281        0.72935        1.51062       -2.61490        1.20388        0.35331       -0.86498       -2.67086        0.61652        0.16190
1.371315        0.44974        0.67677        1.50479       -2.35591        1.21382        0.32353       -1.71126       -2.42866        0.50069        0.15252
1.393619        0.37555        0.56156        1.49516       -1.89475        1.22546        0.26455       -2.49324       -2.23978        0.39142        0.14340
1.416287        0.28253        0.41885        1.48228       -1.32637        1.23005        0.18851       -3.13456       -2.12110        0.29978        0.13455
1.439323        0.19628        0.28795        1.46692       -0.81406        1.22308        0.11817       -3.59780       -2.06022        0.23178        0.12598
1.462733        0.13166        0.19092        1.44987       -0.46111        1.20687        0.06894       -3.89487       -2.03282        0.18652        0.11771
1.486525        0.08789        0.12587        1.43184       -0.24815        1.18619        0.03913       -4.07879       -2.01900        0.15706        0.10974
1.510703        0.05949        0.08409        1.41328       -0.12536        1.16366        0.02225       -4.19174       -2.01023        0.13768        0.10206
1.535275        0.04171        0.05817        1.39445       -0.05526        1.14041        0.01322       -4.26015       -2.00329        0.12469        0.09471
1.560246        0.03015        0.04147        1.37551       -0.01080        1.11696        0.00822       -4.30393       -1.99691        0.11527        0.08765
1.585624        0.02280        0.03093        1.35658        0.01947        1.09355        0.00557       -4.33177       -1.99073        0.10817        0.08094
1.611414        0.01791        0.02396        1.33770        0.04277        1.07028        0.00411       -4.35053       -1.98459        0.10240        0.07453
1.637624        0.01472        0.01942        1.31891        0.06149        1.04729        0.00331       -4.36324       -1.97843        0.09751        0.06844
1.664260        0.01265        0.01645        1.30024        0.07645        1.02465        0.00286       -4.37206       -1.97224        0.09317        0.06268
1.691330        0.01135        0.01455        1.28171        0.08751        1.00243        0.00255       -4.37819       -1.96601        0.08920        0.05724
1.718839        0.01067        0.01349        1.26332        0.09407        0.98070        0.00228       -4.38225       -1.95974        0.08552        0.05211
1.746796        0.01051        0.01309        1.24510        0.09580        0.95950        0.00201       -4.38459       -1.95343        0.08208        0.04730
1.775208        0.01083        0.01329        1.22704        0.09291        0.93883        0.00169       -4.38534       -1.94708        0.07886        0.04280
1.804082        0.01169        0.01414        1.20915        0.08601        0.91868        0.00133       -4.38435       -1.94069        0.07590        0.03860
1.833425        0.01321        0.01574        1.19145        0.07623        0.89900        0.00094       -4.38124       -1.93428        0.07328        0.03469
1.863246        0.01563        0.01835        1.17393        0.06492        0.87975        0.00052       -4.37530       -1.92784        0.07114        0.03107
1.893552        0.01935        0.02237        1.15662        0.05349        0.86087        0.00007       -4.36533       -1.92139        0.06973        0.02773
1.924351        0.02504        0.02853        1.13954        0.04318        0.84235       -0.00042       -4.34926       -1.91493        0.06947        0.02465
1.955651        0.03384        0.03799        1.12270        0.03492        0.82418       -0.00099       -4.32369       -1.90849        0.07107        0.02183
1.987460        0.04767        0.05272        1.10615        0.02940        0.80637       -0.00170       -4.28281       -1.90210        0.07574        0.01926
2.019786        0.06972        0.07599        1.08995        0.02709        0.78899       -0.00264       -4.21674       -1.89582        0.08558        0.01692
2.052638        0.10572        0.11356        1.07425        0.02849        0.77219       -0.00398       -4.10703       -1.88975        0.10455        0.01480
2.086024        0.16392        0.17361        1.05921        0.03397        0.75617       -0.00588       -3.92428       -1.88414        0.13906        0.01289
2.119953        0.25513        0.26666        1.04516        0.04373        0.74125       -0.00850       -3.62092       -1.87943        0.19971        0.01117
2.154435        0.38893        0.40161        1.03269        0.05699        0.72808       -0.01177       -3.11936       -1.87650        0.30411        0.00964
2.189477        0.55199        0.56441        1.02253        0.06986        0.71738       -0.01494       -2.34949       -1.87648        0.46899        0.00828
2.225089        0.68697        0.69781        1.01580        0.07467        0.71031       -0.01633       -1.28067       -1.88021        0.70341        0.00708
2.261280        0.71121        0.72067        1.01331        0.06564        0.70766       -0.01456       -0.03803       -1.88650        0.98155        0.00602
2.298060        0.59848        0.60773        1.01546        0.04606        0.70987       -0.01025        1.13630       -1.89298        1.24971        0.00509
2.335438        0.42230        0.43144        1.02170        0.02618        0.71637       -0.00564        2.03850       -1.89853        1.46011        0.00428
2.373424        0.26417        0.27236        1.03108        0.01181        0.72619       -0.00204        2.62882       -1.90362        1.60121        0.00358
2.412028        0.15466        0.16125        1.04266        0.00252        0.73835        0.00069        2.97425       -1.90886        1.68648        0.00297
2.451260        0.08826        0.09318        1.05579       -0.00457        0.75215        0.00340        3.16256       -1.91445        1.73522        0.00246
2.491130        0.05037        0.05390        1.07006       -0.01239        0.76711        0.00707        3.26008       -1.92038        1.76247        0.00202
2.531648        0.02920        0.03169        1.08522       -0.02365        0.78290        0.01287        3.30754       -1.92660        1.77768        0.00165
2.572826        0.01735        0.01911        1.10117       -0.04122        0.79929        0.02219        3.32388       -1.93306        1.78522        0.00098
2.614673        0.01065        0.01190        1.11780       -0.06814        0.81598        0.03670        3.31885       -1.93972        1.78737        0.00000
2.657201        0.00676        0.00767        1.13512       -0.10837        0.83281        0.05850        3.31602       -1.94658        1.79012        0.00000
2.700421        0.00445        0.00513        1.15316       -0.16596        0.84955        0.08987        3.30846       -1.95365        1.79164        0.00000
2.744343        0.00304        0.00356        1.17195       -0.24540        0.86597        0.13337        3.29807       -1.96095        1.79241        0.00000
2.788980        0.00214        0.00255        1.19149       -0.35107        0.88182        0.19153        3.28596       -1.96848        1.79270        0.00000
2.834343        0.00154        0.00187        1.21183       -0.49248        0.89655        0.26977        3.27273       -1.97625        1.79267        0.00000
2.880444        0.00107        0.00132        1.23293       -0.71651        0.90732        0.39410        3.25886       -1.98436        1.79244        0.00000
2.927295        0.00098        0.00123        1.25292       -0.79337        0.92574        0.43801        3.25534       -1.99154        1.79657        0.00000
2.974908        0.00091        0.00116        1.27317       -0.85997        0.94509        0.47631        3.25216       -1.99878        1.80093        0.00000
3.023295        0.00078        0.00101        1.29635       -1.01335        0.96251        0.56346        3.24057       -2.00707        1.80185        0.00000
3.072469        0.00065        0.00086        1.32185       -1.22519        0.97906        0.68429        3.22434       -2.01606        1.80084        0.00000
3.122443        0.00055        0.00074        1.34854       -1.45685        0.99581        0.81737        3.20769       -2.02533        1.79967        0.00000
3.173230        0.00048        0.00066        1.37649       -1.70815        1.01285        0.96277        3.19062       -2.03487        1.79832        0.00000
3.224842        0.00042        0.00058        1.40579       -1.97907        1.03028        1.12066        3.17315       -2.04471        1.79680        0.00000
3.277295        0.00037        0.00053        1.43653       -2.26982        1.04817        1.29136        3.15527       -2.05485        1.79511        0.00000
3.330600        0.00033        0.00048        1.46881       -2.58082        1.06660        1.47530        3.13698       -2.06529        1.79322        0.00000
3.384773        0.00029        0.00044        1.50274       -2.91288        1.08568        1.67317        3.11827       -2.07606        1.79114        0.00000
3.439826        0.00026        0.00040        1.53842       -3.26669        1.10545        1.88557        3.09914       -2.08717        1.78886        0.00000
3.495776        0.00024        0.00038        1.57600       -3.64346        1.12603        2.11345        3.07958       -2.09862        1.78636        0.00000
3.552635        0.00022        0.00035        1.61560       -4.04432        1.14747        2.35771        3.05957       -2.11043        1.78363        0.00000
3.610419        0.00020        0.00033        1.65739       -4.47083        1.16988        2.61955        3.03910       -2.12261        1.78067        0.00000
3.669142        0.00018        0.00031        1.70152       -4.92472        1.19334        2.90028        3.01815       -2.13518        1.77745        0.00000
3.728821        0.00017        0.00030        1.74820       -5.40786        1.21794        3.20131        2.99672       -2.14816        1.77397        0.00000
3.789471        0.00016        0.00028        1.79761       -5.92245        1.24381        3.52430        2.97478       -2.16156        1.77022        0.00000
3.851107        0.00014        0.00027        1.84998       -6.47093        1.27103        3.87110        2.95232       -2.17540        1.76616        0.00000
3.913746        0.00013        0.00026        1.90557       -7.05623        1.29975        4.24389        2.92932       -2.18969        1.76180        0.00000
3.977403        0.00013        0.00025        1.96464       -7.68134        1.33009        4.64491        2.90575       -2.20445        1.75711        0.00000
4.042096        0.00012        0.00024        2.02751       -8.34974        1.36219        5.07679        2.88161       -2.21971        1.75207        0.00000
4.107841        0.00011        0.00023        2.09452       -9.06562        1.39624        5.54265        2.85686       -2.23547        1.74666        0.00000
4.174655        0.00010        0.00022        2.16605       -9.83329        1.43238        6.04574        2.83148       -2.25177        1.74086        0.00000
4.242556        0.00010        0.00022        2.24252      -10.65783        1.47084        6.58989        2.80545       -2.26861        1.73465        0.00000
4.311562        0.00009        0.00021        2.32441      -11.54507        1.51183        7.17947        2.77874       -2.28603        1.72800        0.00000
4.381690        0.00009        0.00021        2.41228      -12.50159        1.55559        7.81946        2.75133       -2.30403        1.72089        0.00000
4.452959        0.00008        0.00020        2.50673      -13.53489        1.60243        8.51552        2.72318       -2.32264        1.71329        0.00000
4.525386        0.00008        0.00020        2.60845      -14.65346        1.65264        9.27407        2.69427       -2.34187        1.70518        0.00000
4.598992        0.00007        0.00019        2.71821      -15.86700        1.70659       10.10246        2.66456       -2.36175        1.69651        0.00000
4.673795        0.00007        0.00019        2.83693      -17.18702        1.76470       11.00944        2.63404       -2.38227        1.68728        0.00000
4.749815        0.00006        0.00019        2.96562      -18.62652        1.82743       12.00487        2.60266       -2.40345        1.67743        0.00000
4.827071        0.00006        0.00018        3.10549      -20.20108        1.89536       13.10061        2.57041       -2.42529        1.66694        0.00000
4.905584        0.00006        0.00018        3.25787      -21.92835        1.96911       14.31010        2.53727       -2.44778        1.65578        0.00000
4.985373        0.00005        0.00018        3.42435      -23.82964        2.04945       15.64954        2.50321       -2.47091        1.64392        0.00000
5.066461        0.00005        0.00018        3.60678      -25.93019        2.13730       17.13814        2.46824       -2.49464        1.63134        0.00000
5.148867        0.00005        0.00018        3.80731      -28.26018        2.23377       18.79885        2.43237       -2.51891        1.61803        0.00000
5.232614        0.00004        0.00018        4.02851      -30.85663        2.34025       20.65970        2.39564       -2.54362        1.60397        0.00000
5.317723        0.00004        0.00018        4.27344      -33.76517        2.45850       22.75518        2.35813       -2.56865        1.58920        0.00000
5.404216        0.00004        0.00018        4.54572      -37.04227        2.59077       25.12772        2.31998       -2.59377        1.57376        0.00000
5.492116        0.00004        0.00018        4.84976      -40.76067        2.74015       27.83163        2.28144       -2.61868        1.55778        0.00000
5.581446        0.00003        0.00018        5.19106      -45.01683        2.91096       30.93821        2.24289       -2.64290        1.54145        0.00000
5.672229        0.00003        0.00018        5.57643      -49.94227        3.10957       34.54352        2.20502       -2.66566        1.52514        0.00000
5.764488        0.00003        0.00018        6.01459      -55.72491        3.34597       38.78281        2.16896       -2.68572        1.50952        0.00000
5.858248        0.00003        0.00018        6.51696      -62.65129        3.63705       43.85861        2.13675       -2.70089        1.49581        0.00000
5.953533        0.00003        0.00018        7.09944      -71.20461        4.01482       50.10583        2.11232       -2.70697        1.48641        0.00000
6.050368        0.00002        0.00019        7.78552      -82.30767        4.54906       58.15060        2.10412       -2.69464        1.48657        0.00000
6.148778        0.00002        0.00019        8.61493      -98.15905        5.43466       69.45443        2.13445       -2.63762        1.51027        0.00000
6.248788        0.00002        0.00019        9.67213     -126.47484        7.54166       89.05164        2.28901       -2.41698        1.61171        0.00000
6.350425        0.00002        0.00019       10.82848     -186.77660       16.30876      130.10433        2.72651       -1.25122        1.89740        0.00000
6.453715        0.00001        0.00017       11.43397     -185.78771       13.66575      133.23714        2.22817       -1.58010        1.59787        0.00000
6.558686        0.00001        0.00017       12.95972     -160.21130        7.44833      119.84595        1.58094       -2.45672        1.18231        0.00000
6.665363        0.00001        0.00018       14.47206     -161.14716        6.29802      123.55254        1.33883       -2.64937        1.02624        0.00000
6.773776        0.00001        0.00018       16.08921     -168.18764        5.82985      131.49598        1.18587       -2.74537        0.92691        0.00000
6.883952        0.00001        0.00019       17.84796     -178.00092        5.58221      141.60177        1.06810       -2.80757        0.84967        0.00000
6.995920        0.00001        0.00019       19.80305     -189.84755        5.44183      153.51956        0.97150       -2.85080        0.78542        0.00000
7.109709        0.00001        0.00019       21.96475     -203.12173        5.34615      166.86951        0.88624       -2.88418        0.72794        0.00000
7.225349        0.00001        0.00020       24.36962     -217.72463        5.27587      181.66699        0.80975       -2.91018        0.67557        0.00000
7.342870        0.00001        0.00020       27.06123     -233.60515        5.21772      197.96950        0.74033       -2.93049        0.62725        0.00000
7.462303        0.00001        0.00021       30.04857     -250.62844        5.16359      215.69692        0.67621       -2.94667        0.58192        0.00000
7.583678        0.00001        0.00021       33.40022     -268.87360        5.10918      235.04171        0.61741       -2.95900        0.53961        0.00000
7.707027        0.00001        0.00022       37.13295     -288.25399        5.05151      255.96551        0.56297       -2.96833        0.49981        0.00000
7.832383        0.00001        0.00022       41.28321     -308.75726        4.98912      278.52146        0.51257       -2.97509        0.46234        0.00000
7.959777        0.00000        0.00023       45.93576     -330.45009        4.92067      302.90779        0.46636       -2.97937        0.42738        0.00000
8.089243        0.00000        0.00023       51.08858     -353.22951        4.84644      329.02853        0.42357       -2.98176        0.39450        0.00000
8.220816        0.00000        0.00024       56.83369     -377.15576        4.76607      357.08075        0.38438       -2.98229        0.36386        0.00000
8.354528        0.00000        0.00024       63.21648     -402.19546        4.68011      387.09923        0.34847       -2.98125        0.33530        0.00000
8.490415        0.00000        0.00025       70.25945     -428.29823        4.58926      419.06495        0.31543       -2.97889        0.30863        0.00000
8.628513        0.00000        0.00026       78.11920     -455.54472        4.49376      453.27993        0.28557       -2.97518        0.28408        0.00000
8.768856        0.00000        0.00026       86.76905     -483.82171        4.39475      489.58542        0.25820       -2.97043        0.26123        0.00000
8.911482        0.00000        0.00027       96.32110     -513.15028        4.29279      528.15244        0.23335       -2.96468        0.24014        0.00000
9.056428        0.00000        0.00027      106.87395     -543.51543        4.18866      569.09143        0.21087       -2.95803        0.22074        0.00000
9.203732        0.00000        0.00028      118.43183     -574.84843        4.08304      612.32490        0.19038       -2.95060        0.20277        0.00000
9.353432        0.00000        0.00029      131.19267     -607.17657        3.97666      658.13407        0.17198       -2.94239        0.18637        0.00000
9.505566        0.00000        0.00029      145.15159     -640.41987        3.87005      706.40982        0.15529       -2.93352        0.17126        0.00000
9.660175        0.00000        0.00030      160.40652     -674.55016        3.76372      757.23438        0.14020       -2.92402        0.15737        0.00000
9.817298        0.00000        0.00030      177.14150     -709.54590        3.65835      810.80019        0.12667       -2.91391        0.14471        0.00000
9.976978        0.00000        0.00031      195.32147     -745.33308        3.55404      866.96064        0.11439       -2.90324        0.13304        0.00000
10.139254        0.00000        0.00032      215.17049     -781.88449        3.45146      925.94414        0.10338       -2.89203        0.12241        0.00000
10.304170        0.00000        0.00032      236.73530     -819.13787        3.35075      987.71187        0.09346       -2.88029        0.11267        0.00000
10.471768        0.00000        0.00033      260.06054     -857.04143        3.25199     1052.23591        0.08448       -2.86806        0.10372        0.00000
10.642092        0.00000        0.00034      285.44924     -895.52907        3.15589     1119.77586        0.07648       -2.85531        0.09560        0.00000
10.815187        0.00000        0.00034      312.80105     -934.54836        3.06204     1190.12320        0.06922       -2.84210        0.08813        0.00000
10.991097        0.00000        0.00035      342.34359     -974.02822        2.97087     1263.43182        0.06269       -2.82840        0.08131        0.00000
11.169868        0.00000        0.00035      374.20409    -1013.89492        2.88248     1339.72897        0.05683       -2.81422        0.07508        0.00000
11.351547        0.00000        0.00036      408.35280    -1054.10372        2.79659     1418.89871        0.05152       -2.79959        0.06934        0.00000
11.536181        0.00000        0.00036      445.16381    -1094.53135        2.71381     1501.17750        0.04677       -2.78447        0.06413        0.00000
11.723818        0.00000        0.00037      484.51994    -1135.14880        2.63365     1586.36748        0.04247       -2.76890        0.05934        0.00000
11.914507        0.00000        0.00038      526.59642    -1175.87050        2.55622     1674.52561        0.03859       -2.75287        0.05495        0.00000
12.108298        0.00000        0.00038      571.62783    -1216.57979        2.48173     1765.72325        0.03511       -2.73636        0.05094        0.00000
12.305240        0.00000        0.00039      619.49777    -1257.26440        2.40975     1859.78718        0.03194       -2.71941        0.04724        0.00000
12.505386        0.00000        0.00039      670.55910    -1297.76253        2.34063     1956.85918        0.02910       -2.70198        0.04387        0.00000
12.708787        0.00000        0.00040      724.76129    -1338.04163        2.27408     2056.80548        0.02652       -2.68410        0.04076        0.00000
12.915497        0.00000        0.00040      782.15740    -1378.04571        2.20995     2159.57972        0.02418       -2.66577        0.03790        0.00000
13.125568        0.00000        0.00041      843.09927    -1417.57735        2.14857     2265.25565        0.02209       -2.64697        0.03528        0.00000
13.339057        0.00000        0.00041      907.36403    -1456.68688        2.08941     2373.63982        0.02017       -2.62773        0.03287        0.00000
13.556018        0.00000        0.00041      975.24044    -1495.20094        2.03270     2484.76871        0.01844       -2.60803        0.03065        0.00000
13.776508        0.00000        0.00042     1046.76106    -1533.04929        1.97828     2598.55122        0.01688       -2.58787        0.02860        0.00000
14.000584        0.00000        0.00042     1121.83365    -1570.24230        1.92590     2714.88243        0.01545       -2.56728        0.02671        0.00000
14.228305        0.00000        0.00043     1200.87373    -1606.49407        1.87589     2833.76940        0.01416       -2.54623        0.02497        0.00000
14.459729        0.00000        0.00043     1283.58704    -1641.92147        1.82779     2955.05140        0.01298       -2.52475        0.02336        0.00000
14.694918        0.00000        0.00043     1370.14296    -1676.37219        1.78167     3078.66889        0.01191       -2.50282        0.02188        0.00000
14.933932        0.00000        0.00044     1460.66022    -1709.70619        1.73753     3204.53314        0.01094       -2.48046        0.02051        0.00000
15.176834        0.00000        0.00044     1554.93578    -1742.00021        1.69509     3332.53236        0.01005       -2.45768        0.01923        0.00000
15.423686        0.00000        0.00044     1653.25680    -1772.98079        1.65456     3462.55855        0.00925       -2.43446        0.01806        0.00000
15.674554        0.00000        0.00044     1755.41349    -1802.72074        1.61566     3594.50343        0.00851       -2.41083        0.01697        0.00000
15.929502        0.00000        0.00045     1861.39828    -1831.15821        1.57833     3728.26542        0.00784       -2.38677        0.01595        0.00000
16.188597        0.00000        0.00045     1971.36656    -1858.05817        1.54269     3863.68059        0.00722       -2.36231        0.01502        0.00000
16.451906        0.00000        0.00045     2085.02900    -1883.57836        1.50843     4000.68129        0.00666       -2.33744        0.01414        0.00000
16.719498        0.00000        0.00045     2202.51316    -1907.48048        1.47569     4139.07742        0.00614       -2.31216        0.01333        0.00000
16.991442        0.00000        0.00045     2323.67990    -1929.77272        1.44433     4278.76150        0.00567       -2.28649        0.01258        0.00000
17.267809        0.00000        0.00045     2448.36641    -1950.50113        1.41420     4419.65674        0.00524       -2.26042        0.01187        0.00000
17.548671        0.00000        0.00045     2576.67911    -1969.33073        1.38551     4561.44772        0.00484       -2.23397        0.01122        0.00000
17.834102        0.00000        0.00045     2708.29772    -1986.50111        1.35794     4704.17521        0.00448       -2.20713        0.01061        0.00000
18.124175        0.00000        0.00045     2843.19631    -2001.82887        1.33157     4847.61038        0.00414       -2.17992        0.01004        0.00000
18.418967        0.00000        0.00045     2981.23072    -2015.23448        1.30636     4991.55978        0.00384       -2.15232        0.00950        0.00000
18.718553        0.00000        0.00045     3122.18280    -2026.84496        1.28216     5136.02600        0.00355       -2.12435        0.00900        0.00000
19.023012        0.00000        0.00045     3265.96477    -2036.35176        1.25911     5280.60713        0.00329       -2.09601        0.00854        0.00000
19.332423        0.00000        0.00045     3412.32854    -2043.94094        1.23701     5425.36103        0.00305       -2.06729        0.00810        0.00000
19.646866        0.00000        0.00045     3561.09838    -2049.53345        1.21586     5570.09792        0.00283       -2.03821        0.00769        0.00000
19.966425        0.00000        0.00045     3712.04106    -2052.95136        1.19570     5714.48668        0.00263       -2.00875        0.00731        0.00000
20.291180        0.00000        0.00044     3864.96470    -2054.39025        1.17638     5858.64823        0.00244       -1.97891        0.00695        0.00000
20.621218        0.00000        0.00044     4019.57569    -2053.59966        1.15797     6002.14857        0.00226       -1.94870        0.00661        0.00000
20.956624        0.00000        0.00044     4175.64420    -2050.66486        1.14038     6144.97565        0.00210       -1.91810        0.00629        0.00000
21.297485        0.00000        0.00043     4332.96743    -2045.61946        1.12356     6287.08264        0.00195       -1.88709        0.00599        0.00000
21.643891        0.00000        0.00043     4491.06806    -2038.17784        1.10761     6427.91641        0.00181       -1.85568        0.00571        0.00000
21.995931        0.00000        0.00043     4649.87643    -2028.58591        1.09235     6567.76025        0.00168       -1.82384        0.00544        0.00000
22.353696        0.00000        0.00042     4808.94565    -2016.64065        1.07784     6706.20161        0.00156       -1.79155        0.00519        0.00000
22.717281        0.00000        0.00042     4967.93319    -2002.30343        1.06406     6843.07960        0.00145       -1.75879        0.00495        0.00000
23.086780        0.00000        0.00041     5126.73270    -1985.67418        1.05093     6978.52719        0.00134       -1.72550        0.00472        0.00000
23.462288        0.00000        0.00041     5284.54788    -1966.38923        1.03855     7111.84102        0.00125       -1.69166        0.00451        0.00000
23.843905        0.00000        0.00040     5441.42430    -1944.64303        1.02679     7243.37163        0.00116       -1.65720        0.00431        0.00000
24.231728        0.00000        0.00040     5596.85576    -1920.24984        1.01568     7372.81077        0.00107       -1.62206        0.00411        0.00000
24.625859        0.00000        0.00039     5750.20480    -1892.95724        1.00526     7499.79666        0.00099       -1.58611        0.00393        0.00000
25.026401        0.00000        0.00039     5901.50402    -1862.83299        0.99543     7624.61938        0.00092       -1.54927        0.00375        0.00000
25.433458        0.00000        0.00038     6049.73194    -1829.34621        0.98629     7746.63840        0.00085       -1.51132        0.00358        0.00000
25.847135        0.00000        0.00037     6194.75556    -1792.35651        0.97779     7866.06285        0.00078       -1.47205        0.00342        0.00000
26.267541        0.00000        0.00036     6336.14167    -1751.45311        0.96993     7982.85182        0.00072       -1.43115        0.00326        0.00000
26.694785        0.00000        0.00035     6472.56378    -1705.46864        0.96284     8096.47268        0.00065       -1.38794        0.00311        0.00000
27.128978        0.00000        0.00034     6604.12490    -1653.70904        0.95646     8207.53648        0.00060       -1.34177        0.00295        0.00000
27.570233        0.00000        0.00033     6729.21933    -1593.42852        0.95100     8315.90799        0.00054       -1.29085        0.00280        0.00000
28.018666        0.00000        0.00032     6847.05818    -1520.15388        0.94664     8422.82066        0.00048       -1.23198        0.00264        0.00000
