x               rho            P              T              ur             uphi           uz             Br             Bphi           Bz             m
0.010000        0.99962        0.99965        1.00003        1.57053        0.95656       -0.00156        0.05869       -0.10758        1.00004        0.99990
0.010163        0.99961        0.99964        1.00003        1.57054        0.95655       -0.00159        0.05964       -0.10933        1.00004        0.99990
0.010328        0.99959        0.99962        1.00003        1.57057        0.95655       -0.00162        0.06061       -0.11111        1.00004        0.99989
0.010496        0.99956        0.99960        1.00003        1.57059        0.95655       -0.00164        0.06160       -0.11291        1.00004        0.99989
0.010667        0.99954        0.99957        1.00004        1.57062        0.95655       -0.00167        0.06260       -0.11475        1.00004        0.99988
0.010840        0.99951        0.99955        1.00004        1.57065        0.95655       -0.00170        0.06362       -0.11661        1.00005        0.99988
0.011016        0.99949        0.99953        1.00004        1.57067        0.95655       -0.00172        0.06466       -0.11851        1.00005        0.99987
0.011196        0.99947        0.99950        1.00004        1.57070        0.95655       -0.00175        0.06571       -0.12044        1.00005        0.99986
0.011378        0.99944        0.99948        1.00004        1.57073        0.95655       -0.00178        0.06678       -0.12240        1.00005        0.99986
0.011563        0.99941        0.99946        1.00004        1.57076        0.95654       -0.00181        0.06787       -0.12439        1.00005        0.99985
0.011751        0.99939        0.99943        1.00004        1.57079        0.95654       -0.00184        0.06897       -0.12641        1.00006        0.99985
0.011942        0.99936        0.99941        1.00005        1.57082        0.95654       -0.00187        0.07009       -0.12847        1.00006        0.99984
0.012136        0.99934        0.99938        1.00005        1.57085        0.95654       -0.00190        0.07123       -0.13055        1.00006        0.99984
0.012334        0.99931        0.99936        1.00005        1.57088        0.95654       -0.00193        0.07239       -0.13268        1.00006        0.99983
0.012534        0.99928        0.99933        1.00005        1.57091        0.95654       -0.00196        0.07357       -0.13484        1.00006        0.99982
0.012738        0.99925        0.99931        1.00005        1.57094        0.95654       -0.00199        0.07477       -0.13703        1.00007        0.99982
0.012945        0.99922        0.99928        1.00006        1.57097        0.95653       -0.00203        0.07599       -0.13926        1.00007        0.99981
0.013156        0.99919        0.99925        1.00006        1.57100        0.95653       -0.00206        0.07722       -0.14152        1.00007        0.99981
0.013370        0.99916        0.99922        1.00006        1.57104        0.95653       -0.00209        0.07848       -0.14382        1.00007        0.99980
0.013587        0.99913        0.99920        1.00006        1.57107        0.95653       -0.00213        0.07976       -0.14616        1.00008        0.99979
0.013808        0.99910        0.99917        1.00006        1.57111        0.95653       -0.00216        0.08105       -0.14854        1.00008        0.99979
0.014033        0.99907        0.99914        1.00007        1.57114        0.95653       -0.00220        0.08237       -0.15095        1.00008        0.99978
0.014261        0.99904        0.99911        1.00007        1.57118        0.95653       -0.00223        0.08371       -0.15341        1.00008        0.99977
0.014493        0.99901        0.99908        1.00007        1.57121        0.95652       -0.00227        0.08508       -0.15590        1.00009        0.99977
0.014729        0.99898        0.99905        1.00007        1.57125        0.95652       -0.00231        0.08646       -0.15844        1.00009        0.99976
0.014968        0.99894        0.99902        1.00007        1.57129        0.95652       -0.00234        0.08787       -0.16102        1.00009        0.99975
0.015212        0.99891        0.99898        1.00008        1.57132        0.95652       -0.00238        0.08930       -0.16363        1.00009        0.99974
0.015459        0.99888        0.99895        1.00008        1.57136        0.95652       -0.00242        0.09075       -0.16630        1.00010        0.99974
0.015711        0.99884        0.99892        1.00008        1.57140        0.95651       -0.00246        0.09223       -0.16900        1.00010        0.99973
0.015966        0.99881        0.99889        1.00008        1.57144        0.95651       -0.00250        0.09373       -0.17175        1.00010        0.99972
0.016226        0.99877        0.99885        1.00008        1.57148        0.95651       -0.00254        0.09525       -0.17454        1.00010        0.99971
0.016490        0.99873        0.99882        1.00009        1.57152        0.95651       -0.00258        0.09680       -0.17738        1.00011        0.99971
0.016758        0.99870        0.99878        1.00009        1.57156        0.95651       -0.00262        0.09838       -0.18026        1.00011        0.99970
0.017031        0.99866        0.99875        1.00009        1.57161        0.95651       -0.00267        0.09998       -0.18320        1.00011        0.99969
0.017308        0.99862        0.99871        1.00009        1.57165        0.95650       -0.00271        0.10161       -0.18618        1.00012        0.99968
0.017589        0.99858        0.99868        1.00010        1.57169        0.95650       -0.00275        0.10326       -0.18920        1.00012        0.99967
0.017875        0.99854        0.99864        1.00010        1.57174        0.95650       -0.00280        0.10494       -0.19228        1.00012        0.99966
0.018166        0.99850        0.99860        1.00010        1.57178        0.95650       -0.00284        0.10665       -0.19541        1.00013        0.99965
0.018461        0.99846        0.99856        1.00010        1.57183        0.95649       -0.00289        0.10838       -0.19859        1.00013        0.99965
0.018762        0.99842        0.99853        1.00011        1.57187        0.95649       -0.00294        0.11015       -0.20181        1.00013        0.99964
0.019067        0.99838        0.99849        1.00011        1.57192        0.95649       -0.00299        0.11194       -0.20510        1.00014        0.99963
0.019377        0.99833        0.99845        1.00011        1.57197        0.95649       -0.00303        0.11376       -0.20843        1.00014        0.99962
0.019692        0.99829        0.99840        1.00012        1.57202        0.95649       -0.00308        0.11561       -0.21182        1.00014        0.99961
0.020012        0.99825        0.99836        1.00012        1.57207        0.95648       -0.00313        0.11749       -0.21527        1.00015        0.99960
0.020338        0.99818        0.99830        1.00012        1.57214        0.95648       -0.00319        0.11941       -0.21877        1.00015        0.99958
0.020669        0.99810        0.99823        1.00013        1.57223        0.95648       -0.00324        0.12136       -0.22232        1.00016        0.99957
0.021005        0.99803        0.99816        1.00013        1.57231        0.95647       -0.00329        0.12333       -0.22594        1.00016        0.99955
0.021347        0.99795        0.99808        1.00014        1.57240        0.95647       -0.00334        0.12534       -0.22961        1.00017        0.99953
0.021694        0.99787        0.99801        1.00014        1.57249        0.95646       -0.00340        0.12739       -0.23334        1.00018        0.99952
0.022047        0.99779        0.99793        1.00015        1.57258        0.95646       -0.00345        0.12946       -0.23714        1.00018        0.99950
0.022405        0.99770        0.99786        1.00015        1.57268        0.95646       -0.00351        0.13157       -0.24099        1.00019        0.99948
0.022770        0.99762        0.99778        1.00016        1.57277        0.95645       -0.00357        0.13372       -0.24491        1.00020        0.99946
0.023140        0.99753        0.99770        1.00016        1.57287        0.95645       -0.00363        0.13589       -0.24889        1.00020        0.99944
0.023516        0.99745        0.99762        1.00017        1.57296        0.95644       -0.00369        0.13811       -0.25294        1.00021        0.99942
0.023899        0.99736        0.99753        1.00017        1.57306        0.95644       -0.00375        0.14036       -0.25705        1.00022        0.99941
0.024288        0.99727        0.99745        1.00018        1.57316        0.95643       -0.00381        0.14265       -0.26123        1.00023        0.99939
0.024683        0.99718        0.99737        1.00019        1.57326        0.95643       -0.00387        0.14497       -0.26547        1.00023        0.99937
0.025084        0.99709        0.99728        1.00019        1.57337        0.95642       -0.00393        0.14733       -0.26979        1.00024        0.99935
0.025492        0.99699        0.99719        1.00020        1.57347        0.95642       -0.00400        0.14973       -0.27418        1.00025        0.99933
0.025907        0.99690        0.99710        1.00020        1.57358        0.95641       -0.00406        0.15217       -0.27863        1.00025        0.99930
0.026328        0.99680        0.99701        1.00021        1.57369        0.95641       -0.00413        0.15465       -0.28316        1.00026        0.99928
0.026756        0.99670        0.99692        1.00022        1.57380        0.95640       -0.00420        0.15717       -0.28777        1.00027        0.99926
0.027192        0.99660        0.99683        1.00022        1.57391        0.95640       -0.00426        0.15973       -0.29245        1.00028        0.99924
0.027634        0.99650        0.99673        1.00023        1.57403        0.95639       -0.00433        0.16233       -0.29720        1.00029        0.99922
0.028083        0.99640        0.99663        1.00024        1.57414        0.95639       -0.00440        0.16498       -0.30203        1.00029        0.99920
0.028540        0.99629        0.99654        1.00024        1.57426        0.95638       -0.00448        0.16766       -0.30694        1.00030        0.99917
0.029004        0.99619        0.99644        1.00025        1.57438        0.95638       -0.00455        0.17039       -0.31193        1.00031        0.99915
0.029476        0.99608        0.99633        1.00026        1.57450        0.95637       -0.00462        0.17317       -0.31701        1.00032        0.99913
0.029955        0.99597        0.99623        1.00026        1.57462        0.95636       -0.00470        0.17599       -0.32216        1.00033        0.99910
0.030443        0.99582        0.99610        1.00027        1.57479        0.95636       -0.00478        0.17886       -0.32740        1.00034        0.99907
0.030938        0.99567        0.99595        1.00028        1.57497        0.95635       -0.00485        0.18178       -0.33271        1.00035        0.99904
0.031441        0.99550        0.99580        1.00029        1.57515        0.95634       -0.00493        0.18475       -0.33812        1.00037        0.99900
0.031952        0.99534        0.99564        1.00030        1.57533        0.95633       -0.00501        0.18777       -0.34361        1.00038        0.99896
0.032472        0.99517        0.99549        1.00032        1.57552        0.95632       -0.00510        0.19083       -0.34920        1.00039        0.99893
0.033000        0.99500        0.99533        1.00033        1.57571        0.95631       -0.00518        0.19395       -0.35487        1.00041        0.99889
0.033537        0.99483        0.99516        1.00034        1.57591        0.95631       -0.00527        0.19711       -0.36064        1.00042        0.99885
0.034083        0.99465        0.99500        1.00035        1.57610        0.95630       -0.00535        0.20033       -0.36650        1.00043        0.99882
0.034637        0.99448        0.99483        1.00036        1.57630        0.95629       -0.00544        0.20360       -0.37245        1.00045        0.99878
0.035200        0.99429        0.99466        1.00037        1.57651        0.95628       -0.00553        0.20692       -0.37851        1.00046        0.99874
0.035773        0.99411        0.99449        1.00038        1.57672        0.95627       -0.00562        0.21030       -0.38466        1.00048        0.99870
0.036355        0.99392        0.99432        1.00040        1.57693        0.95626       -0.00571        0.21373       -0.39091        1.00049        0.99866
0.036946        0.99373        0.99414        1.00041        1.57714        0.95625       -0.00581        0.21722       -0.39726        1.00051        0.99861
0.037547        0.99354        0.99396        1.00042        1.57736        0.95624       -0.00590        0.22076       -0.40372        1.00052        0.99857
0.038158        0.99334        0.99377        1.00043        1.57758        0.95623       -0.00600        0.22436       -0.41028        1.00054        0.99853
0.038778        0.99314        0.99359        1.00045        1.57780        0.95622       -0.00610        0.22802       -0.41695        1.00056        0.99849
0.039409        0.99294        0.99340        1.00046        1.57803        0.95621       -0.00620        0.23174       -0.42372        1.00057        0.99844
0.040050        0.99274        0.99320        1.00047        1.57826        0.95619       -0.00630        0.23552       -0.43061        1.00059        0.99840
0.040701        0.99247        0.99296        1.00049        1.57856        0.95618       -0.00640        0.23938       -0.43760        1.00061        0.99834
0.041363        0.99220        0.99270        1.00051        1.57887        0.95617       -0.00651        0.24329       -0.44471        1.00063        0.99828
0.042036        0.99192        0.99244        1.00052        1.57919        0.95615       -0.00661        0.24728       -0.45193        1.00065        0.99822
0.042720        0.99164        0.99218        1.00054        1.57951        0.95614       -0.00672        0.25132       -0.45927        1.00068        0.99816
0.043415        0.99135        0.99191        1.00056        1.57983        0.95612       -0.00683        0.25543       -0.46672        1.00070        0.99809
0.044121        0.99106        0.99163        1.00058        1.58016        0.95611       -0.00695        0.25961       -0.47430        1.00072        0.99803
0.044839        0.99076        0.99136        1.00060        1.58050        0.95609       -0.00706        0.26386       -0.48200        1.00075        0.99797
0.045568        0.99046        0.99107        1.00062        1.58084        0.95607       -0.00718        0.26817       -0.48983        1.00077        0.99790
0.046309        0.99016        0.99079        1.00064        1.58118        0.95606       -0.00730        0.27256       -0.49779        1.00080        0.99783
0.047062        0.98985        0.99050        1.00066        1.58154        0.95604       -0.00742        0.27702       -0.50587        1.00082        0.99777
0.047828        0.98953        0.99020        1.00068        1.58189        0.95602       -0.00754        0.28155       -0.51409        1.00085        0.99770
0.048606        0.98921        0.98990        1.00070        1.58226        0.95601       -0.00766        0.28615       -0.52244        1.00087        0.99763
0.049396        0.98888        0.98959        1.00072        1.58263        0.95599       -0.00779        0.29083       -0.53092        1.00090        0.99756
0.050200        0.98854        0.98927        1.00074        1.58301        0.95597       -0.00792        0.29558       -0.53955        1.00093        0.99748
0.051016        0.98813        0.98889        1.00077        1.58348        0.95595       -0.00805        0.30044       -0.54830        1.00096        0.99739
0.051846        0.98771        0.98850        1.00079        1.58396        0.95593       -0.00818        0.30537       -0.55719        1.00099        0.99730
0.052689        0.98728        0.98810        1.00082        1.58444        0.95590       -0.00832        0.31038       -0.56624        1.00103        0.99721
0.053546        0.98685        0.98769        1.00085        1.58494        0.95588       -0.00846        0.31547       -0.57542        1.00106        0.99711
0.054417        0.98641        0.98728        1.00088        1.58544        0.95586       -0.00860        0.32064       -0.58476        1.00110        0.99702
0.055302        0.98597        0.98686        1.00091        1.58594        0.95583       -0.00874        0.32590       -0.59425        1.00114        0.99692
0.056202        0.98551        0.98644        1.00094        1.58646        0.95581       -0.00888        0.33125       -0.60389        1.00117        0.99682
0.057116        0.98505        0.98600        1.00097        1.58698        0.95579       -0.00903        0.33668       -0.61369        1.00121        0.99672
0.058045        0.98458        0.98557        1.00100        1.58752        0.95576       -0.00918        0.34220       -0.62365        1.00125        0.99662
0.058989        0.98411        0.98512        1.00103        1.58806        0.95573       -0.00933        0.34781       -0.63377        1.00129        0.99652
0.059948        0.98362        0.98467        1.00106        1.58861        0.95571       -0.00949        0.35351       -0.64406        1.00132        0.99641
0.060923        0.98306        0.98413        1.00109        1.58926        0.95568       -0.00965        0.35933       -0.65450        1.00137        0.99629
0.061914        0.98247        0.98358        1.00113        1.58994        0.95565       -0.00981        0.36524       -0.66511        1.00142        0.99616
0.062921        0.98187        0.98302        1.00117        1.59062        0.95561       -0.00997        0.37126       -0.67589        1.00147        0.99603
0.063945        0.98126        0.98245        1.00121        1.59132        0.95558       -0.01014        0.37737       -0.68685        1.00152        0.99590
0.064985        0.98064        0.98187        1.00125        1.59203        0.95555       -0.01031        0.38358       -0.69798        1.00157        0.99576
0.066042        0.98001        0.98127        1.00129        1.59275        0.95551       -0.01048        0.38989       -0.70930        1.00162        0.99562
0.067116        0.97937        0.98067        1.00133        1.59349        0.95548       -0.01066        0.39631       -0.72080        1.00167        0.99548
0.068208        0.97872        0.98006        1.00138        1.59423        0.95544       -0.01083        0.40283       -0.73248        1.00172        0.99534
0.069317        0.97806        0.97945        1.00142        1.59499        0.95541       -0.01101        0.40945       -0.74436        1.00178        0.99520
0.070445        0.97736        0.97879        1.00146        1.59580        0.95537       -0.01120        0.41619       -0.75642        1.00183        0.99505
0.071590        0.97657        0.97805        1.00152        1.59670        0.95532       -0.01139        0.42308       -0.76867        1.00190        0.99488
0.072755        0.97577        0.97730        1.00157        1.59763        0.95528       -0.01158        0.43007       -0.78111        1.00196        0.99470
0.073938        0.97496        0.97653        1.00162        1.59857        0.95523       -0.01178        0.43718       -0.79376        1.00203        0.99452
0.075141        0.97413        0.97576        1.00167        1.59952        0.95519       -0.01198        0.44440       -0.80661        1.00210        0.99435
0.076363        0.97329        0.97497        1.00173        1.60049        0.95514       -0.01218        0.45174       -0.81967        1.00217        0.99416
0.077605        0.97244        0.97417        1.00178        1.60148        0.95510       -0.01238        0.45920       -0.83295        1.00224        0.99398
0.078867        0.97157        0.97336        1.00184        1.60248        0.95505       -0.01259        0.46678       -0.84644        1.00231        0.99379
0.080150        0.97069        0.97253        1.00190        1.60350        0.95500       -0.01280        0.47449       -0.86015        1.00238        0.99360
0.081454        0.96967        0.97157        1.00196        1.60468        0.95494       -0.01302        0.48237       -0.87405        1.00246        0.99338
0.082779        0.96864        0.97061        1.00203        1.60588        0.95488       -0.01324        0.49038       -0.88819        1.00255        0.99315
0.084125        0.96759        0.96962        1.00210        1.60710        0.95482       -0.01347        0.49852       -0.90255        1.00263        0.99292
0.085493        0.96653        0.96862        1.00217        1.60835        0.95476       -0.01370        0.50680       -0.91714        1.00272        0.99269
0.086884        0.96545        0.96761        1.00224        1.60961        0.95470       -0.01393        0.51520       -0.93197        1.00281        0.99246
0.088297        0.96435        0.96658        1.00231        1.61089        0.95464       -0.01417        0.52375       -0.94705        1.00290        0.99222
0.089733        0.96323        0.96553        1.00238        1.61219        0.95458       -0.01441        0.53243       -0.96237        1.00299        0.99198
0.091193        0.96200        0.96437        1.00246        1.61364        0.95451       -0.01466        0.54131       -0.97791        1.00309        0.99171
0.092676        0.96071        0.96316        1.00255        1.61516        0.95443       -0.01491        0.55034       -0.99369        1.00320        0.99143
0.094183        0.95940        0.96193        1.00263        1.61670        0.95436       -0.01517        0.55953       -1.00974        1.00331        0.99115
0.095715        0.95807        0.96067        1.00272        1.61827        0.95428       -0.01543        0.56886       -1.02604        1.00342        0.99086
0.097272        0.95672        0.95940        1.00281        1.61986        0.95420       -0.01570        0.57834       -1.04261        1.00353        0.99056
0.098854        0.95534        0.95811        1.00290        1.62148        0.95413       -0.01597        0.58798       -1.05945        1.00365        0.99026
0.100462        0.95391        0.95677        1.00299        1.62316        0.95404       -0.01624        0.59779       -1.07655        1.00376        0.98995
0.102096        0.95235        0.95529        1.00309        1.62503        0.95395       -0.01653        0.60783       -1.09389        1.00390        0.98962
0.103757        0.95075        0.95379        1.00320        1.62693        0.95386       -0.01682        0.61803       -1.11152        1.00403        0.98927
0.105444        0.94914        0.95227        1.00330        1.62886        0.95376       -0.01711        0.62840       -1.12944        1.00416        0.98892
0.107159        0.94749        0.95072        1.00341        1.63082        0.95367       -0.01741        0.63893       -1.14764        1.00430        0.98856
0.108902        0.94582        0.94915        1.00352        1.63281        0.95357       -0.01771        0.64964       -1.16614        1.00444        0.98820
0.110674        0.94407        0.94750        1.00364        1.63490        0.95346       -0.01803        0.66055       -1.18493        1.00459        0.98782
0.112474        0.94218        0.94572        1.00376        1.63718        0.95335       -0.01835        0.67171       -1.20398        1.00475        0.98741
0.114303        0.94026        0.94391        1.00389        1.63950        0.95323       -0.01867        0.68306       -1.22334        1.00491        0.98700
0.116162        0.93831        0.94208        1.00402        1.64185        0.95312       -0.01900        0.69458       -1.24302        1.00507        0.98657
0.118052        0.93633        0.94021        1.00415        1.64424        0.95300       -0.01934        0.70630       -1.26302        1.00524        0.98614
0.119972        0.93431        0.93831        1.00428        1.64667        0.95287       -0.01968        0.71820       -1.28334        1.00541        0.98571
0.121923        0.93210        0.93622        1.00443        1.64937        0.95274       -0.02003        0.73041       -1.30393        1.00560        0.98523
0.123906        0.92984        0.93409        1.00458        1.65213        0.95260       -0.02040        0.74283       -1.32486        1.00579        0.98474
0.125922        0.92754        0.93193        1.00473        1.65494        0.95245       -0.02076        0.75545       -1.34612        1.00599        0.98425
0.127970        0.92521        0.92973        1.00489        1.65780        0.95231       -0.02114        0.76828       -1.36772        1.00618        0.98374
0.130051        0.92283        0.92749        1.00504        1.66070        0.95216       -0.02151        0.78132       -1.38968        1.00639        0.98323
0.132166        0.92024        0.92504        1.00522        1.66392        0.95200       -0.02191        0.79471       -1.41192        1.00661        0.98267
0.134316        0.91760        0.92254        1.00539        1.66719        0.95183       -0.02231        0.80832       -1.43452        1.00684        0.98210
0.136501        0.91491        0.92001        1.00557        1.67053        0.95165       -0.02272        0.82215       -1.45748        1.00707        0.98152
0.138721        0.91218        0.91743        1.00575        1.67391        0.95148       -0.02313        0.83621       -1.48082        1.00730        0.98093
0.140977        0.90933        0.91473        1.00595        1.67747        0.95129       -0.02356        0.85056       -1.50450        1.00755        0.98031
0.143270        0.90630        0.91187        1.00615        1.68128        0.95109       -0.02400        0.86525       -1.52850        1.00781        0.97966
0.145601        0.90323        0.90897        1.00636        1.68516        0.95089       -0.02444        0.88018       -1.55290        1.00808        0.97900
0.147969        0.90011        0.90601        1.00657        1.68909        0.95068       -0.02490        0.89536       -1.57769        1.00835        0.97833
0.150376        0.89691        0.90299        1.00678        1.69313        0.95047       -0.02536        0.91080       -1.60287        1.00863        0.97764
0.152821        0.89346        0.89973        1.00701        1.69754        0.95024       -0.02584        0.92667       -1.62836        1.00893        0.97690
0.155307        0.88996        0.89641        1.00725        1.70202        0.95000       -0.02634        0.94280       -1.65426        1.00924        0.97615
0.157833        0.88641        0.89305        1.00749        1.70658        0.94975       -0.02683        0.95920       -1.68059        1.00955        0.97538
0.160400        0.88277        0.88960        1.00774        1.71126        0.94950       -0.02734        0.97588       -1.70732        1.00988        0.97460
0.163009        0.87886        0.88590        1.00801        1.71635        0.94922       -0.02787        0.99304       -1.73437        1.01022        0.97376
0.165661        0.87489        0.88213        1.00828        1.72152        0.94894       -0.02841        1.01049       -1.76186        1.01058        0.97291
0.168355        0.87086        0.87831        1.00855        1.72678        0.94865       -0.02896        1.02821       -1.78980        1.01094        0.97204
0.171093        0.86668        0.87433        1.00884        1.73227        0.94835       -0.02952        1.04632       -1.81814        1.01131        0.97114
0.173876        0.86227        0.87014        1.00914        1.73813        0.94802       -0.03011        1.06490       -1.84683        1.01171        0.97020
0.176704        0.85778        0.86589        1.00945        1.74408        0.94769       -0.03070        1.08377       -1.87599        1.01212        0.96924
0.179578        0.85323        0.86156        1.00976        1.75013        0.94735       -0.03131        1.10296       -1.90562        1.01253        0.96826
0.182499        0.84839        0.85696        1.01010        1.75666        0.94697       -0.03194        1.12270       -1.93559        1.01298        0.96723
0.185468        0.84343        0.85223        1.01044        1.76338        0.94659       -0.03258        1.14283       -1.96600        1.01343        0.96616
0.188484        0.83838        0.84743        1.01079        1.77021        0.94619       -0.03324        1.16328       -1.99691        1.01390        0.96509
0.191550        0.83313        0.84243        1.01116        1.77740        0.94578       -0.03391        1.18422       -2.02822        1.01438        0.96396
0.194666        0.82765        0.83720        1.01154        1.78497        0.94533       -0.03462        1.20569       -2.05992        1.01490        0.96279
0.197832        0.82208        0.83189        1.01193        1.79266        0.94487       -0.03533        1.22751       -2.09214        1.01542        0.96160
0.201050        0.81634        0.82641        1.01234        1.80064        0.94440       -0.03606        1.24979       -2.12481        1.01596        0.96038
0.204320        0.81030        0.82064        1.01277        1.80915        0.94388       -0.03682        1.27272       -2.15783        1.01653        0.95909
0.207643        0.80417        0.81478        1.01320        1.81780        0.94335       -0.03760        1.29602       -2.19139        1.01711        0.95778
0.211020        0.79786        0.80875        1.01365        1.82675        0.94280       -0.03840        1.31982       -2.22542        1.01772        0.95644
0.214453        0.79123        0.80240        1.01412        1.83629        0.94220       -0.03923        1.34432       -2.25978        1.01836        0.95503
0.217941        0.78450        0.79595        1.01461        1.84598        0.94159       -0.04007        1.36923       -2.29470        1.01901        0.95360
0.221486        0.77754        0.78928        1.01511        1.85609        0.94095       -0.04095        1.39473       -2.33006        1.01969        0.95212
0.225088        0.77028        0.78231        1.01563        1.86676        0.94025       -0.04186        1.42094       -2.36578        1.02041        0.95058
0.228749        0.76290        0.77523        1.01617        1.87760        0.93954       -0.04278        1.44759       -2.40209        1.02114        0.94901
0.232470        0.75521        0.76784        1.01673        1.88907        0.93878       -0.04374        1.47501       -2.43874        1.02191        0.94738
0.236251        0.74728        0.76020        1.01731        1.90098        0.93797       -0.04473        1.50308       -2.47584        1.02271        0.94569
0.240093        0.73921        0.75245        1.01790        1.91308        0.93715       -0.04574        1.53161       -2.51354        1.02352        0.94399
0.243999        0.73070        0.74424        1.01853        1.92612        0.93622       -0.04681        1.56122       -2.55140        1.02440        0.94218
0.247967        0.72205        0.73589        1.01918        1.93937        0.93529       -0.04790        1.59130       -2.58988        1.02529        0.94035
0.252000        0.71310        0.72725        1.01985        1.95319        0.93428       -0.04902        1.62219       -2.62874        1.02622        0.93846
0.256099        0.70384        0.71829        1.02055        1.96765        0.93321       -0.05019        1.65395       -2.66796        1.02720        0.93650
0.260265        0.69441        0.70917        1.02126        1.98238        0.93211       -0.05138        1.68625       -2.70779        1.02820        0.93450
0.264498        0.68451        0.69957        1.02202        1.99810        0.93088       -0.05264        1.71979       -2.74769        1.02927        0.93241
0.268800        0.67445        0.68981        1.02279        2.01407        0.92963       -0.05391        1.75388       -2.78824        1.03035        0.93029
0.273172        0.66399        0.67965        1.02360        2.03085        0.92825       -0.05525        1.78909       -2.82897        1.03151        0.92808
0.277615        0.65326        0.66921        1.02443        2.04813        0.92682       -0.05662        1.82512       -2.87015        1.03270        0.92581
0.282131        0.64220        0.65844        1.02530        2.06601        0.92528       -0.05804        1.86213       -2.91164        1.03394        0.92348
0.286720        0.63078        0.64730        1.02621        2.08459        0.92363       -0.05952        1.90023       -2.95337        1.03524        0.92106
0.291383        0.61908        0.63588        1.02714        2.10363        0.92190       -0.06103        1.93922       -2.99553        1.03658        0.91859
0.296123        0.60695        0.62401        1.02812        2.12344        0.92000       -0.06261        1.97954       -3.03770        1.03800        0.91603
0.300939        0.59457        0.61188        1.02912        2.14364        0.91803       -0.06423        2.02069       -3.08039        1.03946        0.91341
0.305834        0.58171        0.59926        1.03019        2.16452        0.91584       -0.06591        2.06337       -3.12289        1.04101        0.91069
0.310808        0.56861        0.58638        1.03127        2.18577        0.91359       -0.06763        2.10689       -3.16591        1.04260        0.90791
0.315864        0.55501        0.57299        1.03242        2.20747        0.91107       -0.06942        2.15206       -3.20860        1.04430        0.90503
0.321001        0.54115        0.55933        1.03359        2.22948        0.90846       -0.07124        2.19816       -3.25173        1.04603        0.90208
0.326222        0.52682        0.54516        1.03483        2.25157        0.90557       -0.07312        2.24595       -3.29442        1.04788        0.89903
0.331528        0.51219        0.53067        1.03610        2.27377        0.90255       -0.07503        2.29482       -3.33738        1.04978        0.89591
0.336921        0.49712        0.51572        1.03744        2.29560        0.89923       -0.07698        2.34535       -3.37987        1.05178        0.89268
0.342401        0.48171        0.50040        1.03883        2.31699        0.89571       -0.07895        2.39718       -3.42229        1.05386        0.88936
0.347970        0.46592        0.48467        1.04027        2.33762        0.89191       -0.08094        2.45052       -3.46434        1.05604        0.88595
0.353630        0.44977        0.46854        1.04178        2.35661        0.88782       -0.08291        2.50541       -3.50579        1.05831        0.88243
0.359381        0.43329        0.45206        1.04334        2.37471        0.88351       -0.08489        2.56162       -3.54712        1.06067        0.87883
0.365227        0.41645        0.43516        1.04498        2.38887        0.87877       -0.08678        2.61960       -3.58708        1.06316        0.87511
0.371167        0.39932        0.41795        1.04667        2.40143        0.87384       -0.08863        2.67878       -3.62694        1.06572        0.87130
0.377204        0.38191        0.40040        1.04846        2.40852        0.86851       -0.09032        2.73955       -3.66528        1.06841        0.86736
0.383340        0.36426        0.38257        1.05031        2.41083        0.86292       -0.09185        2.80156       -3.70273        1.07119        0.86332
0.389575        0.34638        0.36447        1.05222        2.40873        0.85707       -0.09324        2.86479       -3.73940        1.07406        0.85918
0.395911        0.32843        0.34622        1.05425        2.39561        0.85089       -0.09420        2.92907       -3.77377        1.07705        0.85491
0.402351        0.31034        0.32781        1.05634        2.37621        0.84457       -0.09492        2.99421       -3.80726        1.08012        0.85053
0.408895        0.29222        0.30931        1.05852        2.34696        0.83807       -0.09523        3.06004       -3.83908        1.08328        0.84603
0.415546        0.27428        0.29093        1.06080        2.30364        0.83155       -0.09493        3.12592       -3.86851        1.08651        0.84139
0.422304        0.25640        0.27259        1.06317        2.25085        0.82505       -0.09420        3.19198       -3.89661        1.08980        0.83665
0.429173        0.23876        0.25442        1.06564        2.18521        0.81867       -0.09287        3.25773       -3.92272        1.09314        0.83177
0.436154        0.22166        0.23676        1.06822        2.10354        0.81269       -0.09073        3.32203       -3.94616        1.09650        0.82676
0.443248        0.20491        0.21941        1.07089        2.01152        0.80706       -0.08806        3.38535       -3.96799        1.09988        0.82162
0.450457        0.18858        0.20247        1.07367        1.90893        0.80185       -0.08481        3.44739       -3.98811        1.10325        0.81635
0.457784        0.17320        0.18644        1.07657        1.79365        0.79750       -0.08080        3.50620       -4.00552        1.10656        0.81093
0.465230        0.15851        0.17110        1.07957        1.67172        0.79384       -0.07632        3.56253       -4.02126        1.10981        0.80537
0.472797        0.14451        0.15644        1.08268        1.54494        0.79086       -0.07146        3.61628       -4.03548        1.11300        0.79968
0.480487        0.13128        0.14255        1.08590        1.41494        0.78862       -0.06628        3.66715       -4.04821        1.11612        0.79384
0.488302        0.11918        0.12981        1.08925        1.28536        0.78738       -0.06086        3.71356       -4.05914        1.11909        0.78785
0.496244        0.10796        0.11796        1.09271        1.15864        0.78689       -0.05537        3.75648       -4.06889        1.12194        0.78171
0.504316        0.09756        0.10694        1.09628        1.03609        0.78708       -0.04990        3.79606       -4.07766        1.12467        0.77542
0.512519        0.08799        0.09678        1.09996        0.91910        0.78791       -0.04452        3.83225       -4.08555        1.12728        0.76898
0.520855        0.07923        0.08745        1.10376        0.80889        0.78933       -0.03928        3.86505       -4.09268        1.12977        0.76239
0.529327        0.07135        0.07903        1.10768        0.70737        0.79135       -0.03427        3.89412       -4.09912        1.13211        0.75564
0.537936        0.06427        0.07145        1.11172        0.61469        0.79387       -0.02953        3.91979       -4.10502        1.13432        0.74873
0.546686        0.05786        0.06456        1.11588        0.52984        0.79679       -0.02503        3.94258       -4.11055        1.13641        0.74165
0.555578        0.05207        0.05832        1.12015        0.45270        0.80006       -0.02078        3.96266       -4.11578        1.13838        0.73442
0.564614        0.04686        0.05269        1.12454        0.38295        0.80365       -0.01677        3.98018       -4.12078        1.14025        0.72702
0.573798        0.04218        0.04762        1.12905        0.32016        0.80752       -0.01298        3.99532       -4.12561        1.14202        0.71946
0.583131        0.03799        0.04307        1.13369        0.26381        0.81164       -0.00941        4.00826       -4.13031        1.14370        0.71174
0.592615        0.03425        0.03899        1.13845        0.21334        0.81598       -0.00602        4.01919       -4.13494        1.14529        0.70384
0.602254        0.03091        0.03533        1.14333        0.16816        0.82052       -0.00279        4.02827       -4.13952        1.14679        0.69578
0.612050        0.02793        0.03207        1.14834        0.12770        0.82524        0.00030        4.03567       -4.14409        1.14822        0.68756
0.622005        0.02527        0.02915        1.15348        0.09139        0.83014        0.00328        4.04153       -4.14867        1.14958        0.67916
0.632122        0.02290        0.02654        1.15876        0.05873        0.83519        0.00618        4.04601       -4.15327        1.15087        0.67060
0.642403        0.02080        0.02421        1.16416        0.02924        0.84040        0.00901        4.04921       -4.15792        1.15211        0.66187
0.652852        0.01892        0.02213        1.16971        0.00250        0.84575        0.01181        4.05127       -4.16262        1.15329        0.65297
0.663471        0.01726        0.02028        1.17539       -0.02188        0.85125        0.01458        4.05228       -4.16739        1.15443        0.64391
0.674262        0.01578        0.01863        1.18122       -0.04423        0.85689        0.01734        4.05233       -4.17223        1.15551        0.63468
0.685229        0.01446        0.01716        1.18719       -0.06484        0.86268        0.02011        4.05151       -4.17716        1.15656        0.62529
0.696374        0.01329        0.01586        1.19332       -0.08396        0.86862        0.02289        4.04989       -4.18217        1.15757        0.61574
0.707701        0.01225        0.01470        1.19959       -0.10179        0.87471        0.02568        4.04754       -4.18727        1.15854        0.60602
0.719212        0.01133        0.01367        1.20602       -0.11850        0.88096        0.02848        4.04449       -4.19247        1.15948        0.59615
0.730910        0.01053        0.01277        1.21262       -0.13414        0.88739        0.03129        4.04079       -4.19777        1.16038        0.58612
0.742798        0.00982        0.01198        1.21938       -0.14881        0.89400        0.03409        4.03645       -4.20317        1.16125        0.57594
0.754880        0.00920        0.01129        1.22631       -0.16263        0.90082        0.03686        4.03157       -4.20868        1.16210        0.56562
0.767158        0.00866        0.01069        1.23342       -0.17563        0.90785        0.03958        4.02616       -4.21429        1.16291        0.55514
0.779636        0.00820        0.01017        1.24070       -0.18779        0.91511        0.04223        4.02024       -4.22001        1.16370        0.54453
0.792317        0.00780        0.00974        1.24817       -0.19893        0.92264        0.04474        4.01379       -4.22584        1.16446        0.53379
0.805204        0.00748        0.00939        1.25583       -0.20908        0.93046        0.04709        4.00687       -4.23179        1.16519        0.52291
0.818301        0.00721        0.00911        1.26368       -0.21822        0.93858        0.04923        3.99948       -4.23784        1.16589        0.51191
0.831610        0.00700        0.00890        1.27174       -0.22612        0.94704        0.05111        3.99160       -4.24402        1.16656        0.50079
0.845137        0.00685        0.00877        1.28001       -0.23267        0.95589        0.05266        3.98322       -4.25031        1.16719        0.48956
0.858883        0.00676        0.00871        1.28848       -0.23791        0.96512        0.05387        3.97437       -4.25671        1.16780        0.47822
0.872853        0.00674        0.00874        1.29718       -0.24156        0.97479        0.05464        3.96498       -4.26323        1.16836        0.46680
0.887050        0.00678        0.00885        1.30610       -0.24373        0.98492        0.05498        3.95504       -4.26987        1.16888        0.45528
0.901478        0.00689        0.00906        1.31526       -0.24441        0.99551        0.05486        3.94451       -4.27662        1.16935        0.44368
0.916140        0.00708        0.00938        1.32466       -0.24360        1.00662        0.05425        3.93331       -4.28349        1.16977        0.43201
0.931041        0.00736        0.00982        1.33429       -0.24161        1.01821        0.05321        3.92141       -4.29048        1.17012        0.42028
0.946185        0.00775        0.01042        1.34419       -0.23858        1.03033        0.05174        3.90862       -4.29759        1.17039        0.40851
0.961575        0.00827        0.01120        1.35434       -0.23500        1.04294        0.04994        3.89488       -4.30481        1.17057        0.39668
0.977215        0.00895        0.01221        1.36476       -0.23138        1.05606        0.04788        3.87993       -4.31214        1.17063        0.38484
0.993109        0.00983        0.01352        1.37545       -0.22845        1.06966        0.04570        3.86354       -4.31957        1.17054        0.37297
1.009262        0.01095        0.01519        1.38642       -0.22701        1.08370        0.04355        3.84539       -4.32710        1.17027        0.36110
1.025678        0.01243        0.01738        1.39767       -0.22852        1.09818        0.04164        3.82481       -4.33470        1.16973        0.34924
1.042361        0.01435        0.02022        1.40919       -0.23420        1.11304        0.04018        3.80129       -4.34236        1.16888        0.33740
1.059315        0.01686        0.02395        1.42099       -0.24617        1.12826        0.03949        3.77378       -4.35001        1.16758        0.32558
1.076545        0.02024        0.02902        1.43307       -0.26785        1.14377        0.04003        3.74047       -4.35756        1.16563        0.31383
1.094055        0.02480        0.03585        1.44541       -0.30271        1.15949        0.04226        3.69948       -4.36489        1.16279        0.30212
1.111850        0.03100        0.04520        1.45797       -0.35643        1.17532        0.04694        3.64761       -4.37172        1.15869        0.29049
1.129934        0.03960        0.05825        1.47073       -0.43749        1.19108        0.05513        3.57989       -4.37758        1.15272        0.27894
1.148312        0.05193        0.07705        1.48361       -0.56046        1.20637        0.06873        3.48740       -4.38139        1.14379        0.26751
1.166990        0.06956        0.10410        1.49648       -0.74138        1.22055        0.08980        3.35899       -4.38126        1.13050        0.25619
1.185971        0.09491        0.14326        1.50916       -1.00182        1.23240        0.12123        3.17672       -4.37328        1.11058        0.24500
1.205261        0.13113        0.19953        1.52136       -1.36040        1.23987        0.16573        2.91502       -4.34979        1.08072        0.23396
1.224865        0.18124        0.27781        1.53263       -1.81290        1.24025        0.22335        2.54178       -4.29698        1.03667        0.22308
1.244787        0.24585        0.37922        1.54234       -2.30488        1.23188        0.28786        2.02617       -4.19405        0.97409        0.21237
1.265034        0.31950        0.49517        1.54974       -2.73516        1.21710        0.34672        1.35336       -4.01906        0.89047        0.20184
1.285610        0.38881        0.60421        1.55398       -3.01536        1.20259        0.38821        0.53445       -3.76226        0.78649        0.19153
1.306520        0.43518        0.67641        1.55432       -3.11177        1.19550        0.40701       -0.39838       -3.43748        0.66561        0.18142
1.327771        0.44066        0.68313        1.55023       -3.00924        1.20012        0.39996       -1.39933       -3.08387        0.53330        0.17154
1.349367        0.39553        0.60970        1.54146       -2.66171        1.21612        0.35959       -2.40169       -2.75952        0.39815        0.16190
1.371315        0.30809        0.47083        1.52813       -2.03382        1.23467        0.27941       -3.29835       -2.52526        0.27465        0.15252
1.393619        0.21071        0.31847        1.51110       -1.29223        1.24031        0.18080       -3.97849       -2.39861        0.17864        0.14340
1.416287        0.13282        0.19817        1.49162       -0.70562        1.22879        0.10112       -4.41859       -2.34370        0.11450        0.13455
1.439323        0.08149        0.11986        1.47072       -0.35180        1.20720        0.05261       -4.67561       -2.32050        0.07525        0.12598
1.462733        0.05117        0.07417        1.44912       -0.16681        1.18167        0.02756       -4.81725       -2.30825        0.05195        0.11771
1.486525        0.03330        0.04754        1.42725       -0.06698        1.15498        0.01482       -4.89800       -2.29907        0.03719        0.10974
1.510703        0.02263        0.03180        1.40533       -0.00757        1.12803        0.00827       -4.94572       -2.29079        0.02709        0.10206
1.535275        0.01629        0.02254        1.38350        0.03258        1.10116        0.00491       -4.97438       -2.28277        0.01971        0.09471
1.560246        0.01232        0.01677        1.36179        0.06435        1.07454        0.00303       -4.99300       -2.27479        0.01374        0.08765
1.585624        0.00989        0.01325        1.34030        0.09053        1.04836        0.00195       -5.00520       -2.26680        0.00867        0.08094
1.611414        0.00837        0.01104        1.31899        0.11170        1.02270        0.00125       -5.01369       -2.25878        0.00411        0.07453
1.637624        0.00751        0.00975        1.29793        0.12642        0.99773        0.00075       -5.01957       -2.25071       -0.00011        0.06844
1.664260        0.00713        0.00911        1.27710        0.13351        0.97353        0.00036       -5.02357       -2.24260       -0.00408        0.06268
1.691330        0.00717        0.00901        1.25651        0.13253        0.95012        0.00004       -5.02597       -2.23444       -0.00786        0.05724
1.718839        0.00764        0.00945        1.23617        0.12395        0.92751       -0.00023       -5.02677       -2.22625       -0.01143        0.05211
1.746796        0.00862        0.01049        1.21610        0.10962        0.90561       -0.00046       -5.02568       -2.21802       -0.01472        0.04730
1.775208        0.01029        0.01231        1.19629        0.09213        0.88433       -0.00068       -5.02214       -2.20977       -0.01764        0.04280
1.804082        0.01297        0.01526        1.17675        0.07408        0.86354       -0.00092       -5.01501       -2.20150       -0.01996        0.03860
1.833425        0.01727        0.01999        1.15749        0.05782        0.84319       -0.00125       -5.00229       -2.19323       -0.02129        0.03469
1.863246        0.02425        0.02761        1.13854        0.04510        0.82321       -0.00174       -4.98038       -2.18498       -0.02093        0.03107
1.893552        0.03587        0.04017        1.11994        0.03715        0.80363       -0.00252       -4.94277       -2.17680       -0.01759        0.02773
1.924351        0.05568        0.06134        1.10176        0.03491        0.78452       -0.00381       -4.87737       -2.16876       -0.00885        0.02465
1.955651        0.09015        0.09771        1.08412        0.03948        0.76602       -0.00592       -4.76158       -2.16104        0.00989        0.02183
1.987460        0.15035        0.16044        1.06725        0.05248        0.74838       -0.00935       -4.55347       -2.15406        0.04727        0.01926
2.019786        0.25254        0.26556        1.05157        0.07570        0.73205       -0.01465       -4.17877       -2.14882        0.11889        0.01692
2.052638        0.41175        0.42729        1.03785        0.10862        0.71785       -0.02190       -3.51243       -2.14762        0.25154        0.01480
2.086024        0.60598        0.62245        1.02723        0.14087        0.70691       -0.02912       -2.43008       -2.15382        0.47318        0.01289
2.119953        0.74096        0.75662        1.02114        0.15043        0.70061       -0.03167       -0.92839       -2.16869        0.78759        0.01117
2.154435        0.69947        0.71406        1.02086        0.12222        0.70021       -0.02609        0.72345       -2.18676        1.14057        0.00964
2.189477        0.51483        0.52828        1.02614        0.07577        0.70551       -0.01627        2.11271       -2.20071        1.44338        0.00828
2.225089        0.31529        0.32659        1.03597        0.03755        0.71556       -0.00782        3.02826       -2.21004        1.64765        0.00708
2.261280        0.17411        0.18261        1.04886        0.01423        0.72884       -0.00226        3.54904       -2.21773        1.76732        0.00602
2.298060        0.09271        0.09862        1.06383        0.00041        0.74430        0.00171        3.81493       -2.22534        1.83124        0.00509
2.335438        0.04933        0.05328        1.08023       -0.01103        0.76121        0.00597        3.94393       -2.23331        1.86470        0.00428
2.373424        0.02675        0.02936        1.09774       -0.02557        0.77914        0.01233        4.00291       -2.24165        1.88231        0.00358
2.412028        0.01499        0.01674        1.11623       -0.04821        0.79777        0.02277        4.02634       -2.25032        1.89176        0.00297
2.451260        0.00876        0.00995        1.13561       -0.08428        0.81678        0.03969        4.03099       -2.25930        1.89681        0.00218
2.491130        0.00536        0.00620        1.15588       -0.13941        0.83585        0.06581        4.02178       -2.26858        1.89852        0.00000
2.531648        0.00344        0.00405        1.17705       -0.21980        0.85469        0.10409        4.01263       -2.27816        1.90026        0.00000
2.572826        0.00231        0.00277        1.19915       -0.33173        0.87299        0.15766        4.00062       -2.28808        1.90128        0.00000
2.614673        0.00160        0.00195        1.22224       -0.48474        0.89022        0.23124        3.98688       -2.29834        1.90186        0.00000
2.657201        0.00108        0.00135        1.24628       -0.72512        0.90375        0.34725        3.97216       -2.30904        1.90218        0.00000
2.700421        0.00095        0.00121        1.26953       -0.83840        0.92363        0.40309        3.96645       -2.31877        1.90627        0.00000
2.744343        0.00086        0.00112        1.29302       -0.92778        0.94515        0.44754        3.96159       -2.32852        1.91080        0.00000
2.788980        0.00071        0.00094        1.32074       -1.13588        0.96461        0.55011        3.94604       -2.33995        1.91108        0.00000
2.834343        0.00059        0.00080        1.35041       -1.39220        0.98360        0.67709        3.92840       -2.35198        1.91055        0.00000
2.880444        0.00050        0.00068        1.38164       -1.67452        1.00291        0.81787        3.91022       -2.36442        1.90984        0.00000
2.927295        0.00042        0.00060        1.41454       -1.98289        1.02271        0.97269        3.89153       -2.37727        1.90894        0.00000
2.974908        0.00037        0.00053        1.44924       -2.31731        1.04313        1.14173        3.87232       -2.39056        1.90786        0.00000
3.023295        0.00032        0.00048        1.48586       -2.67848        1.06428        1.32554        3.85259       -2.40429        1.90658        0.00000
3.072469        0.00029        0.00044        1.52457       -3.06745        1.08628        1.52487        3.83233       -2.41850        1.90509        0.00000
3.122443        0.00025        0.00040        1.56553       -3.48562        1.10928        1.74064        3.81153       -2.43319        1.90339        0.00000
3.173230        0.00023        0.00037        1.60893       -3.93471        1.13337        1.97397        3.79017       -2.44840        1.90145        0.00000
3.224842        0.00021        0.00034        1.65497       -4.41679        1.15871        2.22617        3.76824       -2.46414        1.89927        0.00000
3.277295        0.00019        0.00032        1.70388       -4.93427        1.18541        2.49874        3.74570       -2.48043        1.89684        0.00000
3.330600        0.00017        0.00030        1.75590       -5.48998        1.21364        2.79344        3.72253       -2.49731        1.89412        0.00000
3.384773        0.00016        0.00029        1.81134       -6.08747        1.24357        3.11246        3.69872       -2.51480        1.89111        0.00000
3.439826        0.00015        0.00027        1.87049       -6.73007        1.27535        3.45786        3.67423       -2.53293        1.88779        0.00000
3.495776        0.00013        0.00026        1.93374       -7.42265        1.30920        3.83262        3.64902       -2.55173        1.88413        0.00000
3.552635        0.00012        0.00025        2.00145       -8.16973        1.34533        4.23952        3.62308       -2.57123        1.88012        0.00000
3.610419        0.00012        0.00024        2.07408       -8.97711        1.38399        4.68212        3.59636       -2.59145        1.87572        0.00000
3.669142        0.00011        0.00023        2.15216       -9.85159        1.42545        5.16461        3.56882       -2.61244        1.87092        0.00000
3.728821        0.00010        0.00022        2.23625      -10.80056        1.47004        5.69151        3.54043       -2.63423        1.86568        0.00000
3.789471        0.00009        0.00022        2.32702      -11.83268        1.51810        6.26819        3.51114       -2.65684        1.85998        0.00000
3.851107        0.00009        0.00021        2.42523      -12.95828        1.57007        6.90098        3.48092       -2.68032        1.85377        0.00000
3.913746        0.00008        0.00021        2.53175      -14.18921        1.62640        7.59721        3.44970       -2.70469        1.84704        0.00000
3.977403        0.00008        0.00020        2.64757      -15.53898        1.68764        8.36522        3.41746       -2.72998        1.83974        0.00000
4.042096        0.00007        0.00020        2.77385      -17.02409        1.75445        9.21519        3.38413       -2.75622        1.83184        0.00000
4.107841        0.00007        0.00019        2.91197      -18.66391        1.82759       10.15912        3.34968       -2.78342        1.82329        0.00000
4.174655        0.00006        0.00019        3.06350      -20.48156        1.90797       11.21129        3.31407       -2.81160        1.81406        0.00000
4.242556        0.00006        0.00019        3.23029      -22.50432        1.99666       12.38862        3.27725       -2.84073        1.80412        0.00000
4.311562        0.00005        0.00019        3.41459      -24.76603        2.09499       13.71204        3.23921       -2.87080        1.79343        0.00000
4.381690        0.00005        0.00019        3.61904      -27.30805        2.20462       15.20713        3.19996       -2.90173        1.78197        0.00000
4.452959        0.00005        0.00018        3.84685      -30.18157        2.32761       16.90550        3.15953       -2.93342        1.76973        0.00000
4.525386        0.00004        0.00018        4.10187      -33.45068        2.46661       18.84667        3.11801       -2.96568        1.75673        0.00000
4.598992        0.00004        0.00018        4.38881      -37.19708        2.62509       21.08079        3.07561       -2.99819        1.74304        0.00000
4.673795        0.00004        0.00018        4.71374      -41.53114        2.80793       23.67535        3.03265       -3.03050        1.72880        0.00000
4.749815        0.00004        0.00018        5.08393      -46.59537        3.02180       26.71684        2.98976       -3.06182        1.71427        0.00000
4.827071        0.00003        0.00018        5.50931      -52.59897        3.27714       30.33126        2.94798       -3.09088        1.69995        0.00000
4.905584        0.00003        0.00019        6.00242      -59.83927        3.59019       34.69558        2.90920       -3.11550        1.68679        0.00000
4.985373        0.00003        0.00019        6.58077      -68.79154        3.98963       40.08903        2.87695       -3.13167        1.67657        0.00000
5.066461        0.00003        0.00019        7.26959      -80.28253        4.53196       46.98973        2.85835       -3.13114        1.67300        0.00000
5.148867        0.00002        0.00019        8.10832      -95.98042        5.34982       56.34572        2.86982       -3.09410        1.68474        0.00000
5.232614        0.00002        0.00020        9.16934     -120.26076        6.86872       70.60036        2.95960       -2.95571        1.73747        0.00000
5.317723        0.00002        0.00020       10.63254     -172.34418       11.86372      100.30847        3.36155       -2.28517        1.95652        0.00000
5.404216        0.00002        0.00018       11.52896     -223.50795       23.01710      131.22990        3.44511       -0.57280        2.01910        0.00000
5.492116        0.00001        0.00017       12.58316     -198.15056       12.71739      120.97223        2.43832       -2.11294        1.48744        0.00000
5.581446        0.00001        0.00017       14.34821     -185.01456        7.68802      116.78562        1.84998       -2.91368        1.16724        0.00000
5.672229        0.00001        0.00018       16.16700     -190.01916        6.65451      122.64393        1.57682       -3.11390        1.01766        0.00000
5.764488        0.00001        0.00018       18.15685     -200.99479        6.21807      132.14771        1.39676       -3.21799        0.91808        0.00000
5.858248        0.00001        0.00019       20.35725     -214.86938        5.96471      143.68234        1.25271       -3.28904        0.83750        0.00000
5.953533        0.00001        0.00019       22.81205     -230.99716        5.80334      156.97405        1.13091       -3.34076        0.76843        0.00000
6.050368        0.00001        0.00020       25.58274     -249.14358        5.68899      172.00658        1.02462       -3.37965        0.70720        0.00000
6.148778        0.00001        0.00020       28.68316     -269.00143        5.59566      188.62529        0.92858       -3.41036        0.65106        0.00000
6.248788        0.00001        0.00021       32.19272     -290.65749        5.51285      207.01742        0.84190       -3.43407        0.59951        0.00000
6.350425        0.00001        0.00021       36.14593     -314.00506        5.43220      227.17100        0.76263       -3.45257        0.55160        0.00000
6.453715        0.00001        0.00022       40.58166     -339.00181        5.34975      249.11624        0.68977       -3.46683        0.50686        0.00000
6.558686        0.00000        0.00023       45.61908     -365.80325        5.26258      273.12956        0.62359       -3.47712        0.46548        0.00000
6.665363        0.00000        0.00023       51.25813     -394.24756        5.16988      299.09465        0.56267       -3.48446        0.42680        0.00000
6.773776        0.00000        0.00024       57.61141     -424.44354        5.07088      327.23679        0.50717       -3.48903        0.39095        0.00000
6.883952        0.00000        0.00024       64.75983     -456.39408        4.96572      357.65666        0.45667       -3.49126        0.35778        0.00000
6.995920        0.00000        0.00025       72.73207     -490.02150        4.85513      390.32601        0.41048       -3.49157        0.32696        0.00000
7.109709        0.00000        0.00026       81.73216     -525.49828        4.73938      425.61742        0.36898       -3.48999        0.29877        0.00000
7.225349        0.00000        0.00026       91.75434     -562.67504        4.61971      463.39678        0.33123       -3.48695        0.27273        0.00000
7.342870        0.00000        0.00027      102.93529     -601.60100        4.49687      503.85157        0.29713       -3.48257        0.24882        0.00000
7.462303        0.00000        0.00028      115.44544     -642.32216        4.37182      547.19746        0.26655       -3.47695        0.22701        0.00000
7.583678        0.00000        0.00029      129.29227     -684.72495        4.24539      593.33475        0.23885       -3.47032        0.20695        0.00000
7.707027        0.00000        0.00029      144.74489     -728.91303        4.11852      642.62508        0.21415       -3.46268        0.18876        0.00000
7.832383        0.00000        0.00030      161.84706     -774.78773        3.99188      695.01125        0.19194       -3.45418        0.17213        0.00000
7.959777        0.00000        0.00031      180.71685     -822.31889        3.86603      750.57136        0.17196       -3.44488        0.15695        0.00000
8.089243        0.00000        0.00031      201.67429     -871.56023        3.74192      809.65503        0.15423       -3.43479        0.14323        0.00000
8.220816        0.00000        0.00032      224.67122     -922.36996        3.61958      872.06417        0.13825       -3.42400        0.13069        0.00000
8.354528        0.00000        0.00033      250.03177     -974.77638        3.49977      938.11761        0.12402       -3.41249        0.11933        0.00000
8.490415        0.00000        0.00034      277.89602    -1028.70614        3.38275     1007.85432        0.11130       -3.40032        0.10902        0.00000
8.628513        0.00000        0.00034      308.30402    -1084.07318        3.26846     1081.20675        0.09987       -3.38751        0.09960        0.00000
8.768856        0.00000        0.00035      341.79457    -1140.88898        3.15786     1158.65466        0.08976       -3.37401        0.09114        0.00000
8.911482        0.00000        0.00036      378.21889    -1199.01174        3.05036     1239.89460        0.08067       -3.35988        0.08340        0.00000
9.056428        0.00000        0.00037      417.92332    -1258.39765        2.94638     1325.16524        0.07255       -3.34511        0.07639        0.00000
9.203732        0.00000        0.00037      461.20506    -1318.96125        2.84611     1414.61252        0.06531       -3.32967        0.07003        0.00000
9.353432        0.00000        0.00038      508.01816    -1380.60761        2.74915     1508.06789        0.05880       -3.31360        0.06423        0.00000
9.505566        0.00000        0.00039      558.95768    -1443.24517        2.65610     1605.91856        0.05302       -3.29685        0.05899        0.00000
9.660175        0.00000        0.00040      613.94996    -1506.76949        2.56647     1707.95707        0.04783       -3.27944        0.05420        0.00000
9.817298        0.00000        0.00040      673.23429    -1571.08501        2.48026     1814.25334        0.04317       -3.26136        0.04984        0.00000
9.976978        0.00000        0.00041      737.32492    -1636.04421        2.39779     1925.04300        0.03902       -3.24258        0.04590        0.00000
10.139254        0.00000        0.00042      806.02888    -1701.57843        2.31844     2040.06000        0.03527       -3.22312        0.04228        0.00000
10.304170        0.00000        0.00042      879.93315    -1767.51101        2.24258     2159.56303        0.03193       -3.20294        0.03900        0.00000
10.471768        0.00000        0.00043      959.09591    -1833.73620        2.16990     2283.44420        0.02892       -3.18205        0.03601        0.00000
10.642092        0.00000        0.00043     1043.54254    -1900.16598        2.10016     2411.59876        0.02621       -3.16045        0.03326        0.00000
10.815187        0.00000        0.00044     1134.04549    -1966.52830        2.03376     2544.31457        0.02379       -3.13808        0.03077        0.00000
10.991097        0.00000        0.00045     1230.19997    -2032.82708        1.97006     2681.23834        0.02160       -3.11499        0.02848        0.00000
11.169868        0.00000        0.00045     1332.51381    -2098.84041        1.90922     2822.50076        0.01963       -3.09114        0.02639        0.00000
11.351547        0.00000        0.00046     1441.19935    -2164.39260        1.85116     2968.04350        0.01786       -3.06651        0.02448        0.00000
11.536181        0.00000        0.00046     1556.06718    -2229.46586        1.79550     3117.67708        0.01625       -3.04113        0.02272        0.00000
11.723818        0.00000        0.00047     1677.88854    -2293.67140        1.74260     3271.54891        0.01481       -3.01493        0.02112        0.00000
11.914507        0.00000        0.00047     1806.24796    -2357.05162        1.69196     3429.36610        0.01350       -2.98795        0.01964        0.00000
12.108298        0.00000        0.00047     1941.40707    -2419.40835        1.64359     3591.10078        0.01232       -2.96016        0.01828        0.00000
12.305240        0.00000        0.00048     2083.73588    -2480.44267        1.59757     3756.69732        0.01125       -2.93155        0.01704        0.00000
12.505386        0.00000        0.00048     2232.81247    -2540.22451        1.55350     3925.91565        0.01028       -2.90212        0.01589        0.00000
12.708787        0.00000        0.00048     2389.18343    -2598.33753        1.51159     4098.72054        0.00940       -2.87184        0.01483        0.00000
12.915497        0.00000        0.00049     2552.57408    -2654.76934        1.47157     4274.90957        0.00861       -2.84071        0.01386        0.00000
13.125568        0.00000        0.00049     2722.86960    -2709.42625        1.43333     4454.31196        0.00788       -2.80874        0.01295        0.00000
13.339057        0.00000        0.00049     2900.50939    -2761.82060        1.39704     4636.78591        0.00722       -2.77586        0.01212        0.00000
13.556018        0.00000        0.00049     3084.86720    -2812.16523        1.36232     4822.12336        0.00662       -2.74211        0.01135        0.00000
13.776508        0.00000        0.00049     3276.17183    -2860.05075        1.32928     5010.13304        0.00608       -2.70744        0.01064        0.00000
14.000584        0.00000        0.00050     3474.20019    -2905.33554        1.29783     5200.57983        0.00558       -2.67184        0.00998        0.00000
14.228305        0.00000        0.00050     3678.56640    -2948.09037        1.26778     5393.32240        0.00512       -2.63532        0.00937        0.00000
14.459729        0.00000        0.00050     3889.46536    -2987.64088        1.23932     5587.97218        0.00471       -2.59779        0.00880        0.00000
14.694918        0.00000        0.00049     4106.23022    -3024.29500        1.21216     5784.44057        0.00433       -2.55927        0.00828        0.00000
14.933932        0.00000        0.00049     4328.69925    -3057.70815        1.18632     5982.42782        0.00398       -2.51972        0.00779        0.00000
15.176834        0.00000        0.00049     4556.54993    -3087.53554        1.16182     6181.57821        0.00366       -2.47907        0.00733        0.00000
15.423686        0.00000        0.00049     4789.25132    -3113.97000        1.13846     6381.82631        0.00337       -2.43731        0.00690        0.00000
15.674554        0.00000        0.00049     5026.44899    -3136.33299        1.11638     6582.61391        0.00310       -2.39434        0.00651        0.00000
15.929502        0.00000        0.00048     5267.56096    -3154.76149        1.09542     6783.86596        0.00285       -2.35011        0.00613        0.00000
16.188597        0.00000        0.00048     5512.06072    -3169.05640        1.07553     6985.31471        0.00263       -2.30455        0.00579        0.00000
16.451906        0.00000        0.00047     5759.18579    -3178.53551        1.05682     7186.34781        0.00242       -2.25747        0.00546        0.00000
16.719498        0.00000        0.00047     6008.41854    -3183.47954        1.03909     7387.09051        0.00222       -2.20881        0.00515        0.00000
16.991442        0.00000        0.00046     6258.80494    -3183.10651        1.02245     7586.90504        0.00204       -2.15832        0.00486        0.00000
17.267809        0.00000        0.00046     6509.49726    -3177.14503        1.00683     7785.59832        0.00187       -2.10575        0.00459        0.00000
17.548671        0.00000        0.00045     6759.87089    -3165.43020        0.99217     7983.16974        0.00172       -2.05087        0.00433        0.00000
17.834102        0.00000        0.00044     7008.00755    -3146.33148        0.97865     8178.67342        0.00157       -1.99292        0.00409        0.00000
18.124175        0.00000        0.00043     7253.51480    -3119.82142        0.96612     8372.63768        0.00144       -1.93148        0.00385        0.00000
18.418967        0.00000        0.00042     7494.53873    -3083.98448        0.95471     8564.69410        0.00130       -1.86530        0.00362        0.00000
18.718553        0.00000        0.00040     7728.91463    -3035.84834        0.94457     8755.06483        0.00118       -1.79214        0.00340        0.00000
19.023012        0.00000        0.00039     7955.27022    -2971.67361        0.93581     8945.24394        0.00105       -1.70876        0.00317        0.00000
19.332423        0.00000        0.00037     8168.72338    -2876.45223        0.92919     9139.59836        0.00092       -1.60329        0.00292        0.00000
