x               rho            P              T            ur           uphi        uz         Br           Bphi        Bz
0.010000        0.99986        0.99988        1.000        1.000        1.00       -0.0       -0.010       -0.01       -0.0
0.010163        0.99986        0.99987        1.000        1.000        1.00       -0.0       -0.010       -0.01       -0.0
0.010328        0.99985        0.99987        1.000        1.000        1.00       -0.0       -0.010       -0.01       -0.0
0.010496        0.99984        0.99986        1.000        1.000        1.00       -0.0       -0.010       -0.01       -0.0
0.010667        0.99984        0.99985        1.000        1.000        1.00       -0.0       -0.011       -0.01       -0.0
0.010840        0.99983        0.99985        1.000        1.000        1.00       -0.0       -0.011       -0.01       -0.0
0.011016        0.99982        0.99984        1.000        1.000        1.00       -0.0       -0.011       -0.01       -0.0
0.011196        0.99981        0.99983        1.000        1.000        1.00       -0.0       -0.011       -0.01       -0.0
0.011378        0.99981        0.99983        1.000        1.000        1.00       -0.0       -0.011       -0.01       -0.0
0.011563        0.99980        0.99982        1.000        1.000        1.00       -0.0       -0.012       -0.01       -0.0
0.011751        0.99979        0.99981        1.000        1.000        1.00       -0.0       -0.012       -0.01       -0.0
0.011942        0.99978        0.99980        1.000        1.000        1.00       -0.0       -0.012       -0.01       -0.0
0.012136        0.99977        0.99980        1.000        1.000        1.00       -0.0       -0.012       -0.01       -0.0
0.012334        0.99976        0.99979        1.000        1.000        1.00       -0.0       -0.012       -0.01       -0.0
0.012534        0.99976        0.99978        1.000        1.000        1.00       -0.0       -0.013       -0.01       -0.0
0.012738        0.99975        0.99977        1.000        1.000        1.00       -0.0       -0.013       -0.01       -0.0
0.012945        0.99974        0.99977        1.000        1.000        1.00       -0.0       -0.013       -0.01       -0.0
0.013156        0.99973        0.99976        1.000        1.000        1.00       -0.0       -0.013       -0.01       -0.0
0.013370        0.99972        0.99975        1.000        1.000        1.00       -0.0       -0.013       -0.01       -0.0
0.013587        0.99971        0.99974        1.000        1.000        1.00       -0.0       -0.014       -0.01       -0.0
0.013808        0.99970        0.99973        1.000        1.000        1.00       -0.0       -0.014       -0.01       -0.0
0.014033        0.99969        0.99973        1.000        1.000        1.00       -0.0       -0.014       -0.01       -0.0
0.014261        0.99968        0.99972        1.000        1.000        1.00       -0.0       -0.014       -0.01       -0.0
0.014493        0.99967        0.99971        1.000        1.000        1.00       -0.0       -0.014       -0.01       -0.0
0.014729        0.99966        0.99970        1.000        1.000        1.00       -0.0       -0.015       -0.01       -0.0
0.014968        0.99965        0.99969        1.000        1.000        1.00       -0.0       -0.015       -0.01       -0.0
0.015212        0.99964        0.99968        1.000        1.000        1.00       -0.0       -0.015       -0.02       -0.0
0.015459        0.99963        0.99967        1.000        1.000        1.00       -0.0       -0.015       -0.02       -0.0
0.015711        0.99962        0.99966        1.000        1.000        1.00       -0.0       -0.016       -0.02       -0.0
0.015966        0.99961        0.99965        1.000        1.000        1.00       -0.0       -0.016       -0.02       -0.0
0.016226        0.99960        0.99964        1.000        1.000        1.00       -0.0       -0.016       -0.02       -0.0
0.016490        0.99959        0.99963        1.000        1.000        1.00       -0.0       -0.016       -0.02       -0.0
0.016758        0.99958        0.99962        1.000        1.000        1.00       -0.0       -0.017       -0.02       -0.0
0.017031        0.99957        0.99961        1.000        1.000        1.00       -0.0       -0.017       -0.02       -0.0
0.017308        0.99955        0.99960        1.000        1.000        1.00       -0.0       -0.017       -0.02       -0.0
0.017589        0.99954        0.99959        1.000        1.000        1.00       -0.0       -0.018       -0.02       -0.0
0.017875        0.99953        0.99958        1.000        1.000        1.00       -0.0       -0.018       -0.02       -0.0
0.018166        0.99952        0.99957        1.000        1.000        1.00       -0.0       -0.018       -0.02       -0.0
0.018461        0.99951        0.99956        1.000        1.000        1.00       -0.0       -0.018       -0.02       -0.0
0.018762        0.99949        0.99955        1.000        1.000        1.00       -0.0       -0.019       -0.02       -0.0
0.019067        0.99948        0.99953        1.000        1.000        1.00       -0.0       -0.019       -0.02       -0.0
0.019377        0.99947        0.99952        1.000        1.000        1.00       -0.0       -0.019       -0.02       -0.0
0.019692        0.99945        0.99951        1.000        1.000        1.00       -0.0       -0.020       -0.02       -0.0
0.020012        0.99944        0.99950        1.000        1.000        1.00       -0.0       -0.020       -0.02       -0.0
0.020338        0.99942        0.99948        1.000        1.000        1.00       -0.0       -0.020       -0.02       -0.0
0.020669        0.99940        0.99946        1.000        1.000        1.00       -0.0       -0.021       -0.02       -0.0
0.021005        0.99937        0.99944        1.000        1.000        1.00       -0.0       -0.021       -0.02       -0.0
0.021347        0.99935        0.99942        1.000        1.000        1.00       -0.0       -0.021       -0.02       -0.0
0.021694        0.99932        0.99940        1.000        1.000        1.00       -0.0       -0.022       -0.02       -0.0
0.022047        0.99930        0.99937        1.000        1.000        1.00       -0.0       -0.022       -0.02       -0.0
0.022405        0.99927        0.99935        1.000        1.000        1.00       -0.0       -0.022       -0.02       -0.0
0.022770        0.99925        0.99933        1.000        1.000        1.00       -0.0       -0.023       -0.02       -0.0
0.023140        0.99922        0.99930        1.000        1.000        1.00       -0.0       -0.023       -0.02       -0.0
0.023516        0.99920        0.99928        1.000        1.000        1.00       -0.0       -0.024       -0.02       -0.0
0.023899        0.99917        0.99926        1.000        1.000        1.00       -0.0       -0.024       -0.02       -0.0
0.024288        0.99914        0.99923        1.000        1.000        1.00       -0.0       -0.024       -0.02       -0.0
0.024683        0.99911        0.99921        1.000        1.000        1.00       -0.0       -0.025       -0.02       -0.0
0.025084        0.99909        0.99918        1.000        1.000        1.00       -0.0       -0.025       -0.03       -0.0
0.025492        0.99906        0.99916        1.000        1.000        1.00       -0.0       -0.025       -0.03       -0.0
0.025907        0.99903        0.99913        1.000        1.000        1.00       -0.0       -0.026       -0.03       -0.0
0.026328        0.99900        0.99910        1.000        1.000        1.00       -0.0       -0.026       -0.03       -0.0
0.026756        0.99897        0.99908        1.000        1.000        1.00       -0.0       -0.027       -0.03       -0.0
0.027192        0.99894        0.99905        1.000        1.000        1.00       -0.0       -0.027       -0.03       -0.0
0.027634        0.99891        0.99902        1.000        1.000        1.00       -0.0       -0.028       -0.03       -0.0
0.028083        0.99888        0.99899        1.000        1.000        1.00       -0.0       -0.028       -0.03       -0.0
0.028540        0.99884        0.99896        1.000        1.000        1.00       -0.0       -0.029       -0.03       -0.0
0.029004        0.99881        0.99894        1.000        1.000        1.00       -0.0       -0.029       -0.03       -0.0
0.029476        0.99878        0.99891        1.000        1.000        1.00       -0.0       -0.029       -0.03       -0.0
0.029955        0.99874        0.99888        1.000        1.000        1.00       -0.0       -0.030       -0.03       -0.0
0.030443        0.99870        0.99884        1.000        1.000        1.00       -0.0       -0.030       -0.03       -0.0
0.030938        0.99865        0.99879        1.000        1.000        1.00       -0.0       -0.031       -0.03       -0.0
0.031441        0.99860        0.99875        1.000        1.000        1.00       -0.0       -0.031       -0.03       -0.0
0.031952        0.99855        0.99870        1.000        1.000        1.00       -0.0       -0.032       -0.03       -0.0
0.032472        0.99850        0.99866        1.000        1.001        1.00       -0.0       -0.032       -0.03       -0.0
0.033000        0.99845        0.99861        1.000        1.001        1.00       -0.0       -0.033       -0.03       -0.0
0.033537        0.99840        0.99856        1.000        1.001        1.00       -0.0       -0.034       -0.03       -0.0
0.034083        0.99834        0.99852        1.000        1.001        1.00       -0.0       -0.034       -0.03       -0.0
0.034637        0.99829        0.99847        1.000        1.001        1.00       -0.0       -0.035       -0.03       -0.0
0.035200        0.99823        0.99842        1.000        1.001        1.00       -0.0       -0.035       -0.04       -0.0
0.035773        0.99818        0.99837        1.000        1.001        1.00       -0.0       -0.036       -0.04       -0.0
0.036355        0.99812        0.99832        1.000        1.001        1.00       -0.0       -0.036       -0.04       -0.0
0.036946        0.99806        0.99826        1.000        1.001        1.00       -0.0       -0.037       -0.04       -0.0
0.037547        0.99800        0.99821        1.000        1.001        1.00       -0.0       -0.038       -0.04       -0.0
0.038158        0.99794        0.99816        1.000        1.001        1.00       -0.0       -0.038       -0.04       -0.0
0.038778        0.99788        0.99810        1.000        1.001        1.00       -0.0       -0.039       -0.04       -0.0
0.039409        0.99782        0.99805        1.000        1.001        1.00       -0.0       -0.039       -0.04       -0.0
0.040050        0.99776        0.99799        1.000        1.001        1.00       -0.0       -0.040       -0.04       -0.0
0.040701        0.99767        0.99792        1.000        1.001        1.00       -0.0       -0.041       -0.04       -0.0
0.041363        0.99759        0.99784        1.000        1.001        1.00       -0.0       -0.041       -0.04       -0.0
0.042036        0.99751        0.99777        1.000        1.001        1.00       -0.0       -0.042       -0.04       -0.0
0.042720        0.99742        0.99769        1.000        1.001        1.00       -0.0       -0.043       -0.04       -0.0
0.043415        0.99733        0.99761        1.000        1.001        1.00       -0.0       -0.043       -0.04       -0.0
0.044121        0.99724        0.99753        1.000        1.001        1.00       -0.0       -0.044       -0.04       -0.0
0.044839        0.99715        0.99745        1.000        1.001        1.00       -0.0       -0.045       -0.04       -0.0
0.045568        0.99706        0.99737        1.000        1.001        1.00       -0.0       -0.046       -0.05       -0.0
0.046309        0.99697        0.99728        1.000        1.001        1.00       -0.0       -0.046       -0.05       -0.0
0.047062        0.99687        0.99720        1.000        1.001        1.00       -0.0       -0.047       -0.05       -0.0
0.047828        0.99678        0.99711        1.000        1.001        1.00       -0.0       -0.048       -0.05       -0.0
0.048606        0.99668        0.99702        1.000        1.001        1.00       -0.0       -0.049       -0.05       -0.0
0.049396        0.99658        0.99693        1.000        1.001        1.00       -0.0       -0.049       -0.05       -0.0
0.050200        0.99647        0.99684        1.000        1.001        1.00       -0.0       -0.050       -0.05       -0.1
0.051016        0.99635        0.99673        1.000        1.001        1.00       -0.0       -0.051       -0.05       -0.1
0.051846        0.99622        0.99661        1.000        1.001        1.00       -0.0       -0.052       -0.05       -0.1
0.052689        0.99609        0.99650        1.000        1.001        1.00       -0.0       -0.053       -0.05       -0.1
0.053546        0.99596        0.99638        1.000        1.001        1.00       -0.1       -0.054       -0.05       -0.1
0.054417        0.99582        0.99626        1.000        1.001        1.00       -0.1       -0.054       -0.05       -0.1
0.055302        0.99569        0.99614        1.000        1.001        1.00       -0.1       -0.055       -0.06       -0.1
0.056202        0.99555        0.99601        1.000        1.001        1.00       -0.1       -0.056       -0.06       -0.1
0.057116        0.99541        0.99589        1.000        1.002        1.00       -0.1       -0.057       -0.06       -0.1
0.058045        0.99526        0.99576        1.000        1.002        1.00       -0.1       -0.058       -0.06       -0.1
0.058989        0.99512        0.99563        1.001        1.002        1.00       -0.1       -0.059       -0.06       -0.1
0.059948        0.99497        0.99549        1.001        1.002        1.00       -0.1       -0.060       -0.06       -0.1
0.060923        0.99480        0.99534        1.001        1.002        1.00       -0.1       -0.061       -0.06       -0.1
0.061914        0.99462        0.99518        1.001        1.002        1.00       -0.1       -0.062       -0.06       -0.1
0.062921        0.99443        0.99501        1.001        1.002        1.00       -0.1       -0.063       -0.06       -0.1
0.063945        0.99425        0.99485        1.001        1.002        1.00       -0.1       -0.064       -0.06       -0.1
0.064985        0.99406        0.99468        1.001        1.002        1.00       -0.1       -0.065       -0.06       -0.1
0.066042        0.99386        0.99450        1.001        1.002        1.00       -0.1       -0.066       -0.07       -0.1
0.067116        0.99367        0.99433        1.001        1.002        1.00       -0.1       -0.067       -0.07       -0.1
0.068208        0.99347        0.99415        1.001        1.002        1.00       -0.1       -0.068       -0.07       -0.1
0.069317        0.99327        0.99397        1.001        1.002        1.00       -0.1       -0.069       -0.07       -0.1
0.070445        0.99305        0.99377        1.001        1.002        1.00       -0.1       -0.070       -0.07       -0.1
0.071590        0.99281        0.99356        1.001        1.002        1.00       -0.1       -0.071       -0.07       -0.1
0.072755        0.99257        0.99334        1.001        1.002        1.00       -0.1       -0.073       -0.07       -0.1
0.073938        0.99232        0.99312        1.001        1.003        1.00       -0.1       -0.074       -0.07       -0.1
0.075141        0.99206        0.99289        1.001        1.003        1.00       -0.1       -0.075       -0.08       -0.1
0.076363        0.99181        0.99266        1.001        1.003        1.00       -0.1       -0.076       -0.08       -0.1
0.077605        0.99155        0.99243        1.001        1.003        1.00       -0.1       -0.077       -0.08       -0.1
0.078867        0.99128        0.99219        1.001        1.003        1.00       -0.1       -0.079       -0.08       -0.1
0.080150        0.99101        0.99194        1.001        1.003        1.00       -0.1       -0.080       -0.08       -0.1
0.081454        0.99070        0.99167        1.001        1.003        1.00       -0.1       -0.081       -0.08       -0.1
0.082779        0.99038        0.99138        1.001        1.003        1.00       -0.1       -0.083       -0.08       -0.1
0.084125        0.99006        0.99110        1.001        1.003        1.00       -0.1       -0.084       -0.08       -0.1
0.085493        0.98974        0.99080        1.001        1.003        1.00       -0.1       -0.085       -0.09       -0.1
0.086884        0.98941        0.99051        1.001        1.004        1.00       -0.1       -0.087       -0.09       -0.1
0.088297        0.98907        0.99020        1.001        1.004        1.00       -0.1       -0.088       -0.09       -0.1
0.089733        0.98873        0.98990        1.001        1.004        1.00       -0.1       -0.090       -0.09       -0.1
0.091193        0.98835        0.98956        1.001        1.004        1.00       -0.1       -0.091       -0.09       -0.1
0.092676        0.98795        0.98920        1.001        1.004        1.00       -0.1       -0.092       -0.09       -0.1
0.094183        0.98755        0.98884        1.001        1.004        1.00       -0.1       -0.094       -0.09       -0.1
0.095715        0.98714        0.98848        1.001        1.004        1.00       -0.1       -0.095       -0.10       -0.1
0.097272        0.98673        0.98811        1.001        1.004        1.00       -0.1       -0.097       -0.10       -0.1
0.098854        0.98631        0.98773        1.001        1.005        1.00       -0.1       -0.099       -0.10       -0.1
0.100462        0.98587        0.98733        1.001        1.005        1.00       -0.1       -0.100       -0.10       -0.1
0.102096        0.98539        0.98690        1.002        1.005        1.00       -0.1       -0.102       -0.10       -0.1
0.103757        0.98490        0.98646        1.002        1.005        1.00       -0.1       -0.103       -0.10       -0.1
0.105444        0.98441        0.98602        1.002        1.005        1.00       -0.1       -0.105       -0.11       -0.1
0.107159        0.98390        0.98557        1.002        1.005        1.00       -0.1       -0.107       -0.11       -0.1
0.108902        0.98339        0.98511        1.002        1.005        1.00       -0.1       -0.109       -0.11       -0.1
0.110674        0.98285        0.98462        1.002        1.006        1.00       -0.1       -0.110       -0.11       -0.1
0.112474        0.98227        0.98410        1.002        1.006        1.00       -0.1       -0.112       -0.11       -0.1
0.114303        0.98168        0.98357        1.002        1.006        1.00       -0.1       -0.114       -0.11       -0.1
0.116162        0.98108        0.98304        1.002        1.006        1.00       -0.1       -0.116       -0.12       -0.1
0.118052        0.98048        0.98249        1.002        1.006        1.00       -0.1       -0.118       -0.12       -0.1
0.119972        0.97986        0.98193        1.002        1.007        1.00       -0.1       -0.120       -0.12       -0.1
0.121923        0.97918        0.98132        1.002        1.007        1.00       -0.1       -0.121       -0.12       -0.1
0.123906        0.97848        0.98070        1.002        1.007        1.00       -0.1       -0.123       -0.12       -0.1
0.125922        0.97778        0.98007        1.002        1.007        1.00       -0.1       -0.125       -0.13       -0.1
0.127970        0.97706        0.97942        1.002        1.007        1.00       -0.1       -0.127       -0.13       -0.1
0.130051        0.97633        0.97877        1.002        1.008        1.00       -0.1       -0.129       -0.13       -0.1
0.132166        0.97554        0.97805        1.003        1.008        1.00       -0.1       -0.132       -0.13       -0.1
0.134316        0.97472        0.97732        1.003        1.008        1.00       -0.1       -0.134       -0.13       -0.1
0.136501        0.97390        0.97658        1.003        1.008        1.00       -0.1       -0.136       -0.14       -0.1
0.138721        0.97306        0.97582        1.003        1.009        1.00       -0.1       -0.138       -0.14       -0.1
0.140977        0.97218        0.97503        1.003        1.009        1.00       -0.1       -0.140       -0.14       -0.1
0.143270        0.97125        0.97420        1.003        1.009        1.00       -0.1       -0.143       -0.14       -0.1
0.145601        0.97031        0.97335        1.003        1.009        1.00       -0.1       -0.145       -0.14       -0.1
0.147969        0.96934        0.97248        1.003        1.010        1.00       -0.1       -0.147       -0.15       -0.1
0.150376        0.96836        0.97160        1.003        1.010        1.00       -0.1       -0.150       -0.15       -0.1
0.152821        0.96730        0.97064        1.003        1.010        1.00       -0.1       -0.152       -0.15       -0.2
0.155307        0.96622        0.96967        1.004        1.011        1.00       -0.1       -0.154       -0.15       -0.2
0.157833        0.96513        0.96868        1.004        1.011        1.00       -0.2       -0.157       -0.16       -0.2
0.160400        0.96401        0.96767        1.004        1.011        1.00       -0.2       -0.159       -0.16       -0.2
0.163009        0.96280        0.96659        1.004        1.012        1.00       -0.2       -0.162       -0.16       -0.2
0.165661        0.96158        0.96549        1.004        1.012        1.00       -0.2       -0.164       -0.16       -0.2
0.168355        0.96034        0.96437        1.004        1.012        1.00       -0.2       -0.167       -0.17       -0.2
0.171093        0.95905        0.96320        1.004        1.013        1.00       -0.2       -0.170       -0.17       -0.2
0.173876        0.95768        0.96198        1.004        1.013        1.00       -0.2       -0.173       -0.17       -0.2
0.176704        0.95630        0.96073        1.005        1.014        1.00       -0.2       -0.175       -0.18       -0.2
0.179578        0.95490        0.95946        1.005        1.014        1.00       -0.2       -0.178       -0.18       -0.2
0.182499        0.95340        0.95811        1.005        1.014        1.00       -0.2       -0.181       -0.18       -0.2
0.185468        0.95187        0.95673        1.005        1.015        1.00       -0.2       -0.184       -0.18       -0.2
0.188484        0.95031        0.95532        1.005        1.015        1.00       -0.2       -0.187       -0.19       -0.2
0.191550        0.94868        0.95385        1.005        1.016        1.00       -0.2       -0.190       -0.19       -0.2
0.194666        0.94699        0.95232        1.006        1.016        1.00       -0.2       -0.193       -0.19       -0.2
0.197832        0.94526        0.95076        1.006        1.017        1.00       -0.2       -0.196       -0.20       -0.2
0.201050        0.94349        0.94916        1.006        1.017        1.00       -0.2       -0.199       -0.20       -0.2
0.204320        0.94161        0.94747        1.006        1.018        1.00       -0.2       -0.202       -0.20       -0.2
0.207643        0.93971        0.94575        1.006        1.018        1.00       -0.2       -0.205       -0.21       -0.2
0.211020        0.93776        0.94398        1.007        1.019        1.00       -0.2       -0.209       -0.21       -0.2
0.214453        0.93570        0.94211        1.007        1.019        1.00       -0.2       -0.212       -0.21       -0.2
0.217941        0.93361        0.94022        1.007        1.020        1.00       -0.2       -0.215       -0.22       -0.2
0.221486        0.93145        0.93826        1.007        1.020        1.00       -0.2       -0.219       -0.22       -0.2
0.225088        0.92919        0.93622        1.008        1.021        1.00       -0.2       -0.222       -0.22       -0.2
0.228749        0.92689        0.93414        1.008        1.021        1.00       -0.2       -0.226       -0.23       -0.2
0.232470        0.92450        0.93197        1.008        1.022        1.00       -0.2       -0.229       -0.23       -0.2
0.236251        0.92202        0.92972        1.008        1.022        1.00       -0.2       -0.233       -0.23       -0.2
0.240093        0.91951        0.92744        1.009        1.023        1.00       -0.2       -0.236       -0.24       -0.2
0.243999        0.91685        0.92503        1.009        1.023        1.00       -0.2       -0.240       -0.24       -0.2
0.247967        0.91415        0.92257        1.009        1.024        1.00       -0.2       -0.244       -0.24       -0.2
0.252000        0.91135        0.92003        1.010        1.025        1.00       -0.2       -0.248       -0.25       -0.2
0.256099        0.90845        0.91739        1.010        1.025        1.00       -0.2       -0.252       -0.25       -0.3
0.260265        0.90550        0.91471        1.010        1.026        1.00       -0.3       -0.255       -0.26       -0.3
0.264498        0.90238        0.91188        1.011        1.026        1.00       -0.3       -0.259       -0.26       -0.3
0.268800        0.89922        0.90900        1.011        1.027        1.00       -0.3       -0.263       -0.26       -0.3
0.273172        0.89593        0.90600        1.011        1.028        1.00       -0.3       -0.268       -0.27       -0.3
0.277615        0.89255        0.90291        1.012        1.028        1.00       -0.3       -0.272       -0.27       -0.3
0.282131        0.88906        0.89973        1.012        1.029        1.00       -0.3       -0.276       -0.28       -0.3
0.286720        0.88544        0.89643        1.012        1.029        1.00       -0.3       -0.280       -0.28       -0.3
0.291383        0.88173        0.89305        1.013        1.030        1.00       -0.3       -0.284       -0.28       -0.3
0.296123        0.87788        0.88952        1.013        1.031        0.99       -0.3       -0.289       -0.29       -0.3
0.300939        0.87393        0.88592        1.014        1.031        0.99       -0.3       -0.293       -0.29       -0.3
0.305834        0.86982        0.88216        1.014        1.032        0.99       -0.3       -0.298       -0.30       -0.3
0.310808        0.86563        0.87832        1.015        1.032        0.99       -0.3       -0.302       -0.30       -0.3
0.315864        0.86126        0.87431        1.015        1.033        0.99       -0.3       -0.307       -0.31       -0.3
0.321001        0.85679        0.87022        1.016        1.033        0.99       -0.3       -0.311       -0.31       -0.3
0.326222        0.85214        0.86595        1.016        1.034        0.99       -0.3       -0.316       -0.32       -0.3
0.331528        0.84738        0.86158        1.017        1.034        0.99       -0.3       -0.321       -0.32       -0.3
0.336921        0.84244        0.85705        1.017        1.034        0.99       -0.3       -0.326       -0.33       -0.3
0.342401        0.83737        0.85238        1.018        1.034        0.99       -0.3       -0.331       -0.33       -0.3
0.347970        0.83214        0.84756        1.019        1.035        0.99       -0.3       -0.336       -0.34       -0.3
0.353630        0.82674        0.84259        1.019        1.035        0.99       -0.3       -0.341       -0.34       -0.3
0.359381        0.82119        0.83748        1.020        1.035        0.99       -0.3       -0.346       -0.35       -0.3
0.365227        0.81544        0.83217        1.021        1.035        0.99       -0.4       -0.351       -0.35       -0.4
0.371167        0.80955        0.82673        1.021        1.035        0.99       -0.4       -0.356       -0.36       -0.4
0.377204        0.80345        0.82109        1.022        1.034        0.99       -0.4       -0.361       -0.36       -0.4
0.383340        0.79719        0.81529        1.023        1.034        0.99       -0.4       -0.366       -0.37       -0.4
0.389575        0.79075        0.80932        1.023        1.033        0.99       -0.4       -0.371       -0.37       -0.4
0.395911        0.78408        0.80314        1.024        1.033        0.99       -0.4       -0.377       -0.38       -0.4
0.402351        0.77725        0.79679        1.025        1.032        0.99       -0.4       -0.382       -0.38       -0.4
0.408895        0.77022        0.79025        1.026        1.031        0.99       -0.4       -0.387       -0.39       -0.4
0.415546        0.76296        0.78350        1.027        1.029        0.99       -0.4       -0.393       -0.39       -0.4
0.422304        0.75552        0.77656        1.028        1.028        0.99       -0.4       -0.398       -0.40       -0.4
0.429173        0.74786        0.76942        1.029        1.026        0.99       -0.4       -0.404       -0.40       -0.4
0.436154        0.73998        0.76205        1.030        1.023        0.99       -0.4       -0.409       -0.41       -0.4
0.443248        0.73189        0.75449        1.031        1.021        0.99       -0.4       -0.415       -0.41       -0.4
0.450457        0.72359        0.74672        1.032        1.018        0.99       -0.4       -0.420       -0.42       -0.4
0.457784        0.71505        0.73871        1.033        1.015        0.99       -0.4       -0.426       -0.43       -0.4
0.465230        0.70629        0.73048        1.034        1.011        0.99       -0.4       -0.432       -0.43       -0.4
0.472797        0.69732        0.72204        1.035        1.006        0.99       -0.4       -0.437       -0.44       -0.4
0.480487        0.68812        0.71339        1.037        1.002        0.99       -0.4       -0.443       -0.44       -0.4
0.488302        0.67869        0.70449        1.038        0.996        0.99       -0.4       -0.448       -0.45       -0.4
0.496244        0.66904        0.69537        1.039        0.990        0.98       -0.5       -0.454       -0.45       -0.5
0.504316        0.65916        0.68603        1.041        0.983        0.98       -0.5       -0.460       -0.46       -0.5
0.512519        0.64908        0.67647        1.042        0.975        0.98       -0.5       -0.465       -0.47       -0.5
0.520855        0.63878        0.66670        1.044        0.967        0.98       -0.5       -0.471       -0.47       -0.5
0.529327        0.62826        0.65671        1.045        0.957        0.98       -0.5       -0.476       -0.48       -0.5
0.537936        0.61755        0.64650        1.047        0.946        0.98       -0.5       -0.481       -0.48       -0.5
0.546686        0.60664        0.63610        1.049        0.935        0.98       -0.5       -0.487       -0.49       -0.5
0.555578        0.59555        0.62551        1.050        0.922        0.98       -0.5       -0.492       -0.49       -0.5
0.564614        0.58429        0.61474        1.052        0.907        0.98       -0.5       -0.497       -0.50       -0.5
0.573798        0.57287        0.60381        1.054        0.892        0.98       -0.5       -0.502       -0.50       -0.5
0.583131        0.56132        0.59272        1.056        0.874        0.98       -0.5       -0.508       -0.51       -0.5
0.592615        0.54964        0.58150        1.058        0.856        0.98       -0.5       -0.512       -0.51       -0.5
0.602254        0.53786        0.57016        1.060        0.835        0.98       -0.4       -0.517       -0.52       -0.5
0.612050        0.52601        0.55874        1.062        0.813        0.98       -0.4       -0.522       -0.52       -0.5
0.622005        0.51411        0.54726        1.064        0.789        0.98       -0.4       -0.526       -0.53       -0.5
0.632122        0.50219        0.53574        1.067        0.763        0.98       -0.4       -0.531       -0.53       -0.5
0.642403        0.49029        0.52423        1.069        0.736        0.98       -0.4       -0.535       -0.54       -0.5
0.652852        0.47844        0.51276        1.072        0.706        0.98       -0.4       -0.539       -0.54       -0.5
0.663471        0.46668        0.50137        1.074        0.674        0.98       -0.4       -0.543       -0.54       -0.5
0.674262        0.45505        0.49010        1.077        0.640        0.98       -0.4       -0.547       -0.55       -0.5
0.685229        0.44360        0.47900        1.080        0.605        0.98       -0.3       -0.550       -0.55       -0.6
0.696374        0.43236        0.46811        1.083        0.568        0.98       -0.3       -0.553       -0.55       -0.6
0.707701        0.42138        0.45748        1.086        0.529        0.98       -0.3       -0.556       -0.56       -0.6
0.719212        0.41071        0.44717        1.089        0.488        0.99       -0.3       -0.559       -0.56       -0.6
0.730910        0.40043        0.43725        1.092        0.446        0.99       -0.2       -0.562       -0.56       -0.6
0.742798        0.39059        0.42779        1.095        0.402        0.99       -0.2       -0.564       -0.56       -0.6
0.754880        0.38122        0.41882        1.099        0.357        0.99       -0.2       -0.566       -0.57       -0.6
0.767158        0.37236        0.41038        1.102        0.312        0.99       -0.2       -0.568       -0.57       -0.6
0.779636        0.36404        0.40253        1.106        0.265        1.00       -0.1       -0.570       -0.57       -0.6
0.792317        0.35642        0.39543        1.109        0.218        1.00       -0.1       -0.571       -0.57       -0.6
0.805204        0.34948        0.38906        1.113        0.171        1.00       -0.0       -0.572       -0.57       -0.6
0.818301        0.34323        0.38345        1.117        0.123        1.01       -0.0       -0.573       -0.57       -0.6
0.831610        0.33779        0.37874        1.121        0.075        1.01        0.0       -0.574       -0.57       -0.6
0.845137        0.33323        0.37499        1.125        0.027        1.01        0.1       -0.574       -0.57       -0.6
0.858883        0.32949        0.37218        1.130       -0.021        1.02        0.1       -0.574       -0.57       -0.6
0.872853        0.32677        0.37051        1.134       -0.068        1.02        0.2       -0.574       -0.57       -0.6
0.887050        0.32503        0.36998        1.138       -0.117        1.03        0.2       -0.573       -0.57       -0.6
0.901478        0.32433        0.37064        1.143       -0.165        1.03        0.2       -0.573       -0.57       -0.6
0.916140        0.32482        0.37269        1.147       -0.213        1.04        0.3       -0.572       -0.57       -0.6
0.931041        0.32644        0.37606        1.152       -0.262        1.04        0.3       -0.570       -0.57       -0.6
0.946185        0.32941        0.38103        1.157       -0.311        1.05        0.4       -0.569       -0.57       -0.6
0.961575        0.33366        0.38753        1.161       -0.361        1.05        0.4       -0.567       -0.57       -0.6
0.977215        0.33938        0.39580        1.166       -0.412        1.06        0.5       -0.564       -0.56       -0.6
0.993109        0.34658        0.40587        1.171       -0.463        1.06        0.6       -0.561       -0.56       -0.6
1.009262        0.35531        0.41780        1.176       -0.516        1.07        0.6       -0.558       -0.56       -0.6
1.025678        0.36577        0.43185        1.181       -0.570        1.07        0.7       -0.554       -0.55       -0.6
1.042361        0.37782        0.44787        1.185       -0.624        1.08        0.7       -0.549       -0.55       -0.5
1.059315        0.39156        0.46599        1.190       -0.680        1.08        0.8       -0.544       -0.54       -0.5
1.076545        0.40701        0.48622        1.195       -0.735        1.09        0.9       -0.537       -0.54       -0.5
1.094055        0.42396        0.50834        1.199       -0.790        1.09        0.9       -0.530       -0.53       -0.5
1.111850        0.44225        0.53213        1.203       -0.844        1.10        1.0       -0.522       -0.52       -0.5
1.129934        0.46160        0.55722        1.207       -0.895        1.10        1.1       -0.513       -0.51       -0.5
1.148312        0.48154        0.58305        1.211       -0.942        1.11        1.1       -0.502       -0.50       -0.5
1.166990        0.50144        0.60878        1.214       -0.984        1.11        1.2       -0.490       -0.49       -0.5
1.185971        0.52050        0.63339        1.217       -1.018        1.11        1.3       -0.477       -0.48       -0.5
1.205261        0.53774        0.65562        1.219       -1.042        1.12        1.3       -0.463       -0.46       -0.5
1.224865        0.55201        0.67398        1.221       -1.054        1.12        1.3       -0.448       -0.45       -0.4
1.244787        0.56204        0.68684        1.222       -1.052        1.12        1.4       -0.432       -0.43       -0.4
1.265034        0.56656        0.69257        1.222       -1.033        1.12        1.4       -0.415       -0.42       -0.4
1.285610        0.56445        0.68974        1.222       -0.995        1.13        1.3       -0.399       -0.40       -0.4
1.306520        0.55490        0.67737        1.221       -0.938        1.13        1.3       -0.383       -0.38       -0.4
1.327771        0.53766        0.65519        1.219       -0.862        1.13        1.2       -0.369       -0.37       -0.4
1.349367        0.51320        0.62383        1.216       -0.769        1.13        1.1       -0.356       -0.36       -0.4
1.371315        0.48259        0.58474        1.212       -0.665        1.13        1.0       -0.345       -0.34       -0.3
1.393619        0.44776        0.54044        1.207       -0.555        1.12        0.8       -0.336       -0.34       -0.3
1.416287        0.41093        0.49373        1.201       -0.448        1.12        0.7       -0.330       -0.33       -0.3
1.439323        0.37413        0.44720        1.195       -0.349        1.11        0.6       -0.325       -0.32       -0.3
1.462733        0.33918        0.40313        1.189       -0.262        1.10        0.4       -0.321       -0.32       -0.3
1.486525        0.30723        0.36292        1.181       -0.189        1.09        0.4       -0.319       -0.32       -0.3
1.510703        0.27892        0.32732        1.174       -0.130        1.08        0.3       -0.318       -0.32       -0.3
1.535275        0.25471        0.29687        1.165       -0.083        1.07        0.2       -0.317       -0.32       -0.3
1.560246        0.23432        0.27114        1.157       -0.046        1.06        0.2       -0.316       -0.32       -0.3
1.585624        0.21783        0.25021        1.149       -0.018        1.05        0.1       -0.316       -0.32       -0.3
1.611414        0.20473        0.23338        1.140        0.004        1.04        0.1       -0.316       -0.32       -0.3
1.637624        0.19492        0.22047        1.131        0.021        1.03        0.1       -0.316       -0.32       -0.3
1.664260        0.18807        0.21106        1.122        0.033        1.01        0.1       -0.316       -0.32       -0.3
1.691330        0.18398        0.20484        1.113        0.042        1.00        0.0       -0.317       -0.32       -0.3
1.718839        0.18259        0.20166        1.104        0.048        0.99        0.0       -0.317       -0.32       -0.3
1.746796        0.18380        0.20138        1.096        0.052        0.98        0.0       -0.317       -0.32       -0.3
1.775208        0.18759        0.20389        1.087        0.055        0.97        0.0       -0.317       -0.32       -0.3
1.804082        0.19399        0.20918        1.078        0.057        0.96        0.0       -0.318       -0.32       -0.3
1.833425        0.20307        0.21726        1.070        0.057        0.94       -0.0       -0.318       -0.32       -0.3
1.863246        0.21491        0.22815        1.062        0.057        0.93       -0.0       -0.318       -0.32       -0.3
1.893552        0.22952        0.24183        1.054        0.056        0.92       -0.0       -0.319       -0.32       -0.3
1.924351        0.24678        0.25813        1.046        0.055        0.91       -0.0       -0.319       -0.32       -0.3
1.955651        0.26637        0.27670        1.039        0.053        0.90       -0.0       -0.319       -0.32       -0.3
1.987460        0.28766        0.29686        1.032        0.051        0.90       -0.0       -0.320       -0.32       -0.3
2.019786        0.30955        0.31753        1.026        0.049        0.89       -0.0       -0.320       -0.32       -0.3
2.052638        0.33040        0.33707        1.020        0.045        0.88       -0.0       -0.320       -0.32       -0.3
2.086024        0.34810        0.35344        1.015        0.042        0.87       -0.0       -0.321       -0.32       -0.3
2.119953        0.36034        0.36442        1.011        0.037        0.87       -0.0       -0.321       -0.32       -0.3
2.154435        0.36458        0.36759        1.008        0.032        0.86       -0.0       -0.322       -0.32       -0.3
2.189477        0.35954        0.36174        1.006        0.026        0.86        0.0       -0.322       -0.32       -0.3
2.225089        0.34449        0.34622        1.005        0.020        0.86        0.0       -0.322       -0.32       -0.3
2.261280        0.32067        0.32224        1.005        0.015        0.86        0.0       -0.322       -0.32       -0.3
2.298060        0.29009        0.29175        1.006        0.009        0.86        0.1       -0.322       -0.32       -0.3
2.335438        0.25565        0.25758        1.008        0.004        0.86        0.1       -0.323       -0.32       -0.3
2.373424        0.22022        0.22246        1.010       -0.002        0.87        0.1       -0.323       -0.32       -0.3
2.412028        0.18613        0.18865        1.014       -0.007        0.87        0.1       -0.323       -0.32       -0.3
2.451260        0.15499        0.15772        1.018       -0.012        0.88        0.2       -0.323       -0.32       -0.3
2.491130        0.12766        0.13050        1.022       -0.018        0.88        0.2       -0.323       -0.32       -0.3
2.531648        0.10440        0.10726        1.027       -0.025        0.89        0.3       -0.323       -0.32       -0.3
2.572826        0.08502        0.08783        1.033       -0.034        0.89        0.3       -0.323       -0.32       -0.3
2.614673        0.06914        0.07184        1.039       -0.043        0.90        0.4       -0.323       -0.32       -0.3
2.657201        0.05626        0.05881        1.045       -0.055        0.91        0.5       -0.323       -0.32       -0.3
2.700421        0.04590        0.04828        1.052       -0.069        0.92        0.7       -0.323       -0.32       -0.3
2.744343        0.03761        0.03983        1.059       -0.086        0.92        0.8       -0.322       -0.32       -0.3
2.788980        0.03096        0.03301        1.066       -0.106        0.93        1.0       -0.322       -0.32       -0.3
2.834343        0.02564        0.02752        1.074       -0.129        0.94        1.2       -0.322       -0.32       -0.3
2.880444        0.02135        0.02309        1.081       -0.156        0.95        1.5       -0.322       -0.32       -0.3
2.927295        0.01790        0.01949        1.089       -0.187        0.95        1.7       -0.322       -0.32       -0.3
2.974908        0.01509        0.01656        1.097       -0.222        0.96        2.1       -0.322       -0.32       -0.3
3.023295        0.01280        0.01415        1.106       -0.263        0.97        2.5       -0.323       -0.32       -0.3
3.072469        0.01090        0.01214        1.114       -0.309        0.97        2.9       -0.323       -0.32       -0.3
3.122443        0.00930        0.01044        1.123       -0.362        0.98        3.4       -0.323       -0.32       -0.3
3.173230        0.00790        0.00894        1.132       -0.427        0.99        4.1       -0.323       -0.32       -0.3
3.224842        0.00653        0.00746        1.141       -0.516        0.99        4.9       -0.323       -0.32       -0.3
3.277295        0.00619        0.00710        1.150       -0.556        1.00        5.3       -0.323       -0.32       -0.3
3.330600        0.00584        0.00676        1.159       -0.595        1.01        5.7       -0.323       -0.32       -0.3
3.384773        0.00549        0.00640        1.168       -0.636        1.01        6.1       -0.323       -0.32       -0.3
3.439826        0.00515        0.00607        1.178       -0.674        1.02        6.5       -0.323       -0.32       -0.3
3.495776        0.00481        0.00571        1.188       -0.721        1.03        7.0       -0.323       -0.32       -0.3
3.552635        0.00438        0.00525        1.199       -0.790        1.04        7.7       -0.323       -0.32       -0.3
3.610419        0.00399        0.00483        1.211       -0.865        1.05        8.5       -0.323       -0.32       -0.3
3.669142        0.00365        0.00446        1.222       -0.944        1.06        9.3       -0.323       -0.32       -0.3
3.728821        0.00335        0.00414        1.234       -1.026        1.06       10.2       -0.323       -0.32       -0.3
3.789471        0.00309        0.00385        1.246       -1.112        1.07       11.1       -0.323       -0.32       -0.3
3.851107        0.00285        0.00359        1.259       -1.200        1.08       12.1       -0.323       -0.32       -0.3
3.913746        0.00265        0.00336        1.272       -1.292        1.08       13.1       -0.323       -0.32       -0.3
3.977403        0.00246        0.00316        1.285       -1.386        1.09       14.2       -0.323       -0.32       -0.3
4.042096        0.00229        0.00297        1.298       -1.483        1.10       15.3       -0.323       -0.32       -0.3
4.107841        0.00214        0.00281        1.312       -1.583        1.11       16.4       -0.323       -0.32       -0.3
4.174655        0.00201        0.00266        1.326       -1.686        1.11       17.6       -0.323       -0.32       -0.3
4.242556        0.00188        0.00252        1.340       -1.791        1.12       18.9       -0.323       -0.32       -0.3
4.311562        0.00177        0.00240        1.355       -1.898        1.13       20.1       -0.323       -0.32       -0.3
4.381690        0.00167        0.00229        1.370       -2.008        1.13       21.5       -0.323       -0.32       -0.3
4.452959        0.00157        0.00218        1.386       -2.121        1.14       22.9       -0.323       -0.32       -0.3
4.525386        0.00149        0.00209        1.402       -2.236        1.15       24.3       -0.323       -0.32       -0.3
4.598992        0.00141        0.00200        1.418       -2.353        1.16       25.8       -0.323       -0.32       -0.3
4.673795        0.00134        0.00192        1.435       -2.473        1.16       27.3       -0.323       -0.32       -0.3
4.749815        0.00127        0.00184        1.452       -2.595        1.17       28.9       -0.323       -0.32       -0.3
4.827071        0.00121        0.00177        1.469       -2.719        1.18       30.6       -0.323       -0.32       -0.3
4.905584        0.00115        0.00171        1.487       -2.845        1.19       32.3       -0.323       -0.32       -0.3
4.985373        0.00109        0.00165        1.506       -2.974        1.19       34.1       -0.323       -0.32       -0.3
5.066461        0.00104        0.00159        1.525       -3.105        1.20       35.9       -0.323       -0.32       -0.3
5.148867        0.00100        0.00154        1.544       -3.238        1.21       37.8       -0.323       -0.32       -0.3
5.232614        0.00095        0.00149        1.564       -3.373        1.22       39.7       -0.323       -0.32       -0.3
5.317723        0.00091        0.00144        1.585       -3.510        1.22       41.7       -0.323       -0.32       -0.3
5.404216        0.00087        0.00140        1.606       -3.649        1.23       43.8       -0.323       -0.32       -0.3
5.492116        0.00084        0.00136        1.627       -3.790        1.24       45.9       -0.323       -0.32       -0.3
5.581446        0.00080        0.00132        1.649       -3.933        1.25       48.1       -0.323       -0.32       -0.3
5.672229        0.00077        0.00128        1.672       -4.077        1.26       50.4       -0.323       -0.32       -0.3
5.764488        0.00074        0.00125        1.695       -4.224        1.26       52.7       -0.323       -0.32       -0.3
5.858248        0.00071        0.00122        1.719       -4.372        1.27       55.1       -0.323       -0.32       -0.3
5.953533        0.00068        0.00119        1.743       -4.522        1.28       57.6       -0.323       -0.32       -0.3
6.050368        0.00065        0.00116        1.768       -4.673        1.29       60.1       -0.323       -0.32       -0.3
6.148778        0.00063        0.00113        1.794       -4.826        1.30       62.7       -0.322       -0.32       -0.3
6.248788        0.00061        0.00110        1.820       -4.980        1.30       65.4       -0.322       -0.32       -0.3
6.350425        0.00058        0.00108        1.847       -5.135        1.31       68.2       -0.322       -0.32       -0.3
6.453715        0.00056        0.00106        1.875       -5.292        1.32       71.1       -0.322       -0.32       -0.3
6.558686        0.00054        0.00103        1.903       -5.449        1.33       74.0       -0.322       -0.32       -0.3
6.665363        0.00052        0.00101        1.932       -5.608        1.34       77.0       -0.321       -0.32       -0.3
6.773776        0.00051        0.00099        1.962       -5.767        1.34       80.1       -0.321       -0.32       -0.3
6.883952        0.00049        0.00097        1.993       -5.927        1.35       83.3       -0.321       -0.32       -0.3
6.995920        0.00047        0.00095        2.024       -6.087        1.36       86.5       -0.321       -0.32       -0.3
7.109709        0.00045        0.00094        2.056       -6.248        1.37       89.9       -0.320       -0.32       -0.3
7.225349        0.00044        0.00092        2.089       -6.408        1.38       93.3       -0.320       -0.32       -0.3
7.342870        0.00043        0.00090        2.122       -6.569        1.38       96.8       -0.320       -0.32       -0.3
7.462303        0.00041        0.00089        2.157       -6.729        1.39      100.4       -0.320       -0.32       -0.3
7.583678        0.00040        0.00087        2.192       -6.888        1.40      104.0       -0.319       -0.32       -0.3
7.707027        0.00038        0.00086        2.228       -7.046        1.41      107.8       -0.319       -0.32       -0.3
7.832383        0.00037        0.00084        2.265       -7.203        1.42      111.6       -0.318       -0.32       -0.3
7.959777        0.00036        0.00083        2.303       -7.358        1.42      115.5       -0.318       -0.32       -0.3
8.089243        0.00035        0.00082        2.341       -7.510        1.43      119.5       -0.318       -0.32       -0.3
8.220816        0.00034        0.00081        2.381       -7.660        1.44      123.6       -0.317       -0.32       -0.3
8.354528        0.00033        0.00079        2.421       -7.806        1.44      127.7       -0.317       -0.32       -0.3
8.490415        0.00032        0.00078        2.462       -7.947        1.45      131.9       -0.317       -0.32       -0.3
8.628513        0.00031        0.00077        2.504       -8.083        1.45      136.1       -0.316       -0.32       -0.3
8.768856        0.00030        0.00076        2.547       -8.210        1.46      140.3       -0.316       -0.32       -0.3
8.911482        0.00029        0.00075        2.591       -8.329        1.46      144.6       -0.316       -0.32       -0.3
9.056428        0.00028        0.00074        2.636       -8.434        1.47      148.8       -0.316       -0.32       -0.3
9.203732        0.00027        0.00073        2.681       -8.523        1.47      153.0       -0.316       -0.32       -0.3
9.353432        0.00027        0.00072        2.727       -8.588        1.46      157.0       -0.316       -0.32       -0.3
9.505566        0.00026        0.00071        2.773       -8.618        1.46      160.7       -0.316       -0.32       -0.3
9.660175        0.00025        0.00071        2.819       -8.594        1.45      164.0       -0.317       -0.32       -0.3
9.817298        0.00024        0.00070        2.866       -8.478        1.43      166.4       -0.319       -0.32       -0.3
9.976978        0.00024        0.00069        2.912       -8.190        1.40      167.0       -0.322       -0.32       -0.3
10.139254        0.00023        0.00068        2.955       -7.528        1.34      163.7       -0.328       -0.33       -0.3
10.304170        0.00023        0.00068        3.001       -5.903        1.25      148.9       -0.338       -0.34       -0.3
10.471768        0.00022        0.00068        3.049       -4.108        1.15      131.9       -0.347       -0.35       -0.3
10.642092        0.00022        0.00068        3.097       -2.283        1.06      114.7       -0.357       -0.36       -0.4
10.815187        0.00022        0.00068        3.146       -0.429        0.96       97.2       -0.367       -0.37       -0.4
10.991097        0.00021        0.00067        3.196        1.455        0.87       79.5       -0.377       -0.38       -0.4
11.169868        0.00021        0.00067        3.201       -1.708        0.96      115.1       -0.367       -0.37       -0.4
11.351547        0.00021        0.00067        3.220       -4.519        1.10      148.3       -0.353       -0.35       -0.4
11.536181        0.00020        0.00066        3.254       -6.277        1.23      171.0       -0.340       -0.34       -0.3
11.723818        0.00020        0.00066        3.296       -7.388        1.31      187.2       -0.331       -0.33       -0.3
11.914507        0.00020        0.00065        3.345       -8.130        1.38      199.7       -0.324       -0.32       -0.3
12.108298        0.00019        0.00065        3.397       -8.646        1.42      209.9       -0.320       -0.32       -0.3
12.305240        0.00019        0.00064        3.453       -9.046        1.46      219.1       -0.316       -0.32       -0.3
12.505386        0.00018        0.00064        3.512       -9.365        1.49      227.7       -0.312       -0.31       -0.3
12.708787        0.00018        0.00063        3.573       -9.630        1.51      235.8       -0.309       -0.31       -0.3
12.915497        0.00017        0.00063        3.637       -9.861        1.53      243.6       -0.307       -0.31       -0.3
13.125568        0.00017        0.00062        3.702      -10.062        1.55      251.4       -0.305       -0.30       -0.3
13.339057        0.00016        0.00061        3.769      -10.243        1.56      259.1       -0.303       -0.30       -0.3
13.556018        0.00016        0.00061        3.838      -10.407        1.57      266.7       -0.301       -0.30       -0.3
13.776508        0.00015        0.00060        3.908      -10.556        1.59      274.3       -0.299       -0.30       -0.3
14.000584        0.00015        0.00060        3.980      -10.694        1.60      282.0       -0.297       -0.30       -0.3
14.228305        0.00015        0.00059        4.053      -10.820        1.61      289.7       -0.295       -0.29       -0.3
14.459729        0.00014        0.00059        4.128      -10.937        1.62      297.4       -0.293       -0.29       -0.3
14.694918        0.00014        0.00058        4.205      -11.045        1.63      305.1       -0.291       -0.29       -0.3
14.933932        0.00014        0.00058        4.282      -11.144        1.63      312.9       -0.290       -0.29       -0.3
15.176834        0.00013        0.00057        4.362      -11.236        1.64      320.8       -0.288       -0.29       -0.3
15.423686        0.00013        0.00057        4.442      -11.319        1.65      328.7       -0.286       -0.29       -0.3
15.674554        0.00012        0.00057        4.524      -11.396        1.65      336.7       -0.285       -0.28       -0.3
15.929502        0.00012        0.00056        4.607      -11.465        1.66      344.7       -0.283       -0.28       -0.3
16.188597        0.00012        0.00056        4.692      -11.527        1.67      352.7       -0.281       -0.28       -0.3
16.451906        0.00012        0.00055        4.777      -11.583        1.67      360.8       -0.279       -0.28       -0.3
16.719498        0.00011        0.00055        4.864      -11.631        1.68      369.0       -0.278       -0.28       -0.3
16.991442        0.00011        0.00054        4.952      -11.673        1.68      377.2       -0.276       -0.28       -0.3
17.267809        0.00011        0.00054        5.041      -11.708        1.69      385.4       -0.274       -0.27       -0.3
17.548671        0.00010        0.00054        5.132      -11.737        1.69      393.7       -0.273       -0.27       -0.3
17.834102        0.00010        0.00053        5.223      -11.759        1.70      402.0       -0.271       -0.27       -0.3
18.124175        0.00010        0.00053        5.315      -11.775        1.70      410.3       -0.269       -0.27       -0.3
18.418967        0.00010        0.00052        5.409      -11.784        1.70      418.6       -0.267       -0.27       -0.3
18.718553        0.00009        0.00052        5.503      -11.788        1.71      427.0       -0.266       -0.27       -0.3
19.023012        0.00009        0.00052        5.599      -11.785        1.71      435.4       -0.264       -0.26       -0.3
19.332423        0.00009        0.00051        5.695      -11.776        1.71      443.8       -0.262       -0.26       -0.3
19.646866        0.00009        0.00051        5.792      -11.761        1.72      452.2       -0.260       -0.26       -0.3
19.966425        0.00009        0.00051        5.890      -11.740        1.72      460.7       -0.259       -0.26       -0.3
20.291180        0.00008        0.00050        5.989      -11.714        1.72      469.1       -0.257       -0.26       -0.3
20.621218        0.00008        0.00050        6.089      -11.681        1.72      477.6       -0.255       -0.26       -0.3
20.956624        0.00008        0.00050        6.189      -11.643        1.73      486.0       -0.253       -0.25       -0.3
21.297485        0.00008        0.00049        6.290      -11.600        1.73      494.5       -0.252       -0.25       -0.3
21.643891        0.00008        0.00049        6.392      -11.551        1.73      502.9       -0.250       -0.25       -0.2
21.995931        0.00007        0.00049        6.494      -11.497        1.73      511.3       -0.248       -0.25       -0.2
22.353696        0.00007        0.00048        6.597      -11.438        1.73      519.7       -0.246       -0.25       -0.2
22.717281        0.00007        0.00048        6.700      -11.373        1.73      528.1       -0.245       -0.24       -0.2
23.086780        0.00007        0.00048        6.804      -11.304        1.74      536.5       -0.243       -0.24       -0.2
23.462288        0.00007        0.00047        6.908      -11.231        1.74      544.9       -0.241       -0.24       -0.2
23.843905        0.00007        0.00047        7.013      -11.152        1.74      553.2       -0.239       -0.24       -0.2
24.231728        0.00007        0.00047        7.118      -11.069        1.74      561.5       -0.238       -0.24       -0.2
24.625859        0.00006        0.00046        7.223      -10.982        1.74      569.8       -0.236       -0.24       -0.2
25.026401        0.00006        0.00046        7.328      -10.891        1.74      578.0       -0.234       -0.23       -0.2
25.433458        0.00006        0.00046        7.434      -10.795        1.74      586.2       -0.233       -0.23       -0.2
25.847135        0.00006        0.00045        7.539      -10.696        1.74      594.3       -0.231       -0.23       -0.2
26.267541        0.00006        0.00045        7.645      -10.593        1.74      602.5       -0.229       -0.23       -0.2
26.694785        0.00006        0.00045        7.751      -10.486        1.74      610.5       -0.227       -0.23       -0.2
27.128978        0.00006        0.00045        7.857      -10.376        1.74      618.6       -0.226       -0.23       -0.2
27.570233        0.00006        0.00044        7.963      -10.263        1.74      626.5       -0.224       -0.22       -0.2
28.018666        0.00005        0.00044        8.068      -10.146        1.74      634.5       -0.222       -0.22       -0.2
28.474392        0.00005        0.00044        8.174      -10.027        1.74      642.3       -0.221       -0.22       -0.2
28.937530        0.00005        0.00043        8.280       -9.905        1.74      650.1       -0.219       -0.22       -0.2
29.408202        0.00005        0.00043        8.385       -9.780        1.74      657.9       -0.217       -0.22       -0.2
29.886529        0.00005        0.00043        8.490       -9.653        1.74      665.6       -0.216       -0.22       -0.2
30.372636        0.00005        0.00043        8.594       -9.523        1.74      673.2       -0.214       -0.21       -0.2
30.866649        0.00005        0.00042        8.699       -9.391        1.74      680.8       -0.212       -0.21       -0.2
31.368698        0.00005        0.00042        8.802       -9.257        1.74      688.3       -0.211       -0.21       -0.2
31.878913        0.00005        0.00042        8.906       -9.121        1.74      695.7       -0.209       -0.21       -0.2
32.397426        0.00005        0.00041        9.009       -8.984        1.74      703.1       -0.208       -0.21       -0.2
32.924373        0.00005        0.00041        9.111       -8.845        1.74      710.4       -0.206       -0.21       -0.2
33.459891        0.00004        0.00041        9.213       -8.704        1.74      717.6       -0.204       -0.20       -0.2
34.004119        0.00004        0.00041        9.314       -8.562        1.74      724.8       -0.203       -0.20       -0.2
34.557199        0.00004        0.00040        9.415       -8.419        1.74      731.9       -0.201       -0.20       -0.2
35.119275        0.00004        0.00040        9.515       -8.275        1.74      738.9       -0.200       -0.20       -0.2
35.690493        0.00004        0.00040        9.614       -8.130        1.74      745.8       -0.198       -0.20       -0.2
36.271003        0.00004        0.00040        9.712       -7.984        1.74      752.7       -0.197       -0.20       -0.2
36.860954        0.00004        0.00039        9.810       -7.837        1.74      759.5       -0.195       -0.20       -0.2
37.460500        0.00004        0.00039        9.906       -7.690        1.74      766.2       -0.194       -0.19       -0.2
38.069799        0.00004        0.00039       10.002       -7.542        1.74      772.8       -0.192       -0.19       -0.2
38.689007        0.00004        0.00039       10.097       -7.394        1.74      779.3       -0.191       -0.19       -0.2
39.318288        0.00004        0.00038       10.191       -7.246        1.74      785.8       -0.189       -0.19       -0.2
39.957803        0.00004        0.00038       10.284       -7.097        1.74      792.1       -0.188       -0.19       -0.2
40.607720        0.00004        0.00038       10.376       -6.949        1.74      798.4       -0.186       -0.19       -0.2
41.268208        0.00004        0.00038       10.467       -6.800        1.74      804.6       -0.185       -0.18       -0.2
41.939440        0.00004        0.00037       10.557       -6.652        1.74      810.8       -0.184       -0.18       -0.2
42.621588        0.00003        0.00037       10.646       -6.504        1.74      816.8       -0.182       -0.18       -0.2
43.314832        0.00003        0.00037       10.734       -6.357        1.74      822.8       -0.181       -0.18       -0.2
44.019352        0.00003        0.00037       10.820       -6.210        1.74      828.6       -0.179       -0.18       -0.2
44.735331        0.00003        0.00036       10.905       -6.063        1.74      834.4       -0.178       -0.18       -0.2
45.462955        0.00003        0.00036       10.990       -5.917        1.74      840.1       -0.177       -0.18       -0.2
46.202414        0.00003        0.00036       11.072       -5.772        1.74      845.7       -0.175       -0.18       -0.2
46.953900        0.00003        0.00036       11.154       -5.627        1.74      851.3       -0.174       -0.17       -0.2
47.717609        0.00003        0.00035       11.234       -5.484        1.74      856.7       -0.172       -0.17       -0.2
48.493741        0.00003        0.00035       11.313       -5.341        1.74      862.1       -0.171       -0.17       -0.2
49.282496        0.00003        0.00035       11.391       -5.199        1.74      867.3       -0.170       -0.17       -0.2
50.084080        0.00003        0.00035       11.468       -5.058        1.74      872.5       -0.169       -0.17       -0.2
50.898702        0.00003        0.00034       11.543       -4.918        1.74      877.6       -0.167       -0.17       -0.2
51.726574        0.00003        0.00034       11.616       -4.779        1.74      882.6       -0.166       -0.17       -0.2
52.567911        0.00003        0.00034       11.688       -4.642        1.74      887.5       -0.165       -0.16       -0.2
53.422933        0.00003        0.00034       11.759       -4.505        1.74      892.4       -0.163       -0.16       -0.2
54.291862        0.00003        0.00033       11.829       -4.370        1.74      897.1       -0.162       -0.16       -0.2
55.174924        0.00003        0.00033       11.896       -4.237        1.74      901.8       -0.161       -0.16       -0.2
56.072349        0.00003        0.00033       11.963       -4.104        1.74      906.3       -0.160       -0.16       -0.2
56.984371        0.00003        0.00033       12.028       -3.973        1.74      910.8       -0.158       -0.16       -0.2
57.911226        0.00003        0.00033       12.091       -3.843        1.74      915.2       -0.157       -0.16       -0.2
58.853158        0.00003        0.00032       12.153       -3.715        1.74      919.5       -0.156       -0.16       -0.2
59.810410        0.00003        0.00032       12.214       -3.588        1.74      923.8       -0.155       -0.15       -0.2
60.783231        0.00003        0.00032       12.273       -3.463        1.75      927.9       -0.154       -0.15       -0.2
61.771876        0.00003        0.00032       12.330       -3.339        1.75      932.0       -0.152       -0.15       -0.2
62.776601        0.00003        0.00031       12.386       -3.217        1.75      935.9       -0.151       -0.15       -0.2
63.797668        0.00003        0.00031       12.440       -3.096        1.75      939.8       -0.150       -0.15       -0.1
64.835343        0.00002        0.00031       12.492       -2.977        1.75      943.6       -0.149       -0.15       -0.1
65.889896        0.00002        0.00031       12.543       -2.859        1.75      947.3       -0.148       -0.15       -0.1
66.961601        0.00002        0.00031       12.593       -2.743        1.75      951.0       -0.146       -0.15       -0.1
68.050737        0.00002        0.00030       12.641       -2.629        1.75      954.5       -0.145       -0.15       -0.1
69.157588        0.00002        0.00030       12.687       -2.516        1.75      958.0       -0.144       -0.14       -0.1
70.282443        0.00002        0.00030       12.731       -2.405        1.76      961.3       -0.143       -0.14       -0.1
71.425593        0.00002        0.00030       12.775       -2.295        1.76      964.6       -0.142       -0.14       -0.1
72.587337        0.00002        0.00029       12.816       -2.188        1.76      967.8       -0.141       -0.14       -0.1
73.767976        0.00002        0.00029       12.856       -2.081        1.76      971.0       -0.140       -0.14       -0.1
74.967819        0.00002        0.00029       12.894       -1.977        1.76      974.0       -0.139       -0.14       -0.1
76.187177        0.00002        0.00029       12.930       -1.874        1.76      977.0       -0.138       -0.14       -0.1
77.426368        0.00002        0.00029       12.965       -1.772        1.77      979.9       -0.136       -0.14       -0.1
78.685715        0.00002        0.00028       12.998       -1.673        1.77      982.7       -0.135       -0.14       -0.1
79.965545        0.00002        0.00028       13.030       -1.574        1.77      985.4       -0.134       -0.13       -0.1
81.266192        0.00002        0.00028       13.060       -1.478        1.77      988.0       -0.133       -0.13       -0.1
82.587994        0.00002        0.00028       13.088       -1.383        1.77      990.6       -0.132       -0.13       -0.1
83.931295        0.00002        0.00028       13.115       -1.290        1.78      993.1       -0.131       -0.13       -0.1
85.296445        0.00002        0.00027       13.140       -1.198        1.78      995.5       -0.130       -0.13       -0.1
86.683799        0.00002        0.00027       13.164       -1.108        1.78      997.8       -0.129       -0.13       -0.1
88.093719        0.00002        0.00027       13.185       -1.020        1.78     1000.0       -0.128       -0.13       -0.1
89.526571        0.00002        0.00027       13.206       -0.933        1.78     1002.2       -0.127       -0.13       -0.1
90.982729        0.00002        0.00026       13.224       -0.847        1.79     1004.3       -0.126       -0.13       -0.1
92.462571        0.00002        0.00026       13.241       -0.763        1.79     1006.3       -0.125       -0.12       -0.1
93.966483        0.00002        0.00026       13.256       -0.681        1.79     1008.2       -0.124       -0.12       -0.1
95.494856        0.00002        0.00026       13.270       -0.600        1.79     1010.1       -0.123       -0.12       -0.1
97.048089        0.00002        0.00026       13.282       -0.521        1.80     1011.8       -0.122       -0.12       -0.1
98.626585        0.00002        0.00025       13.293       -0.443        1.80     1013.6       -0.121       -0.12       -0.1
100.230755        0.00002        0.00025       13.301       -0.367        1.80     1015.2       -0.120       -0.12       -0.1
101.861017        0.00002        0.00025       13.309       -0.292        1.81     1016.7       -0.119       -0.12       -0.1
103.517796        0.00002        0.00025       13.314       -0.218        1.81     1018.2       -0.118       -0.12       -0.1
105.201522        0.00002        0.00025       13.318       -0.146        1.81     1019.6       -0.117       -0.12       -0.1
106.912634        0.00002        0.00024       13.321       -0.076        1.82     1020.9       -0.116       -0.12       -0.1
108.651577        0.00002        0.00024       13.322       -0.006        1.82     1022.2       -0.115       -0.11       -0.1
110.418805        0.00002        0.00024       13.321        0.062        1.82     1023.4       -0.114       -0.11       -0.1
112.214777        0.00002        0.00024       13.319        0.128        1.83     1024.5       -0.113       -0.11       -0.1
114.039960        0.00002        0.00024       13.315        0.194        1.83     1025.5       -0.112       -0.11       -0.1
115.894830        0.00002        0.00023       13.310        0.258        1.83     1026.4       -0.111       -0.11       -0.1
117.779870        0.00002        0.00023       13.303        0.321        1.84     1027.3       -0.110       -0.11       -0.1
119.695570        0.00002        0.00023       13.295        0.382        1.84     1028.1       -0.109       -0.11       -0.1
121.642429        0.00002        0.00023       13.285        0.442        1.85     1028.9       -0.108       -0.11       -0.1
123.620954        0.00002        0.00023       13.273        0.502        1.85     1029.6       -0.107       -0.11       -0.1
125.631660        0.00002        0.00022       13.261        0.559        1.85     1030.2       -0.106       -0.11       -0.1
127.675070        0.00002        0.00022       13.246        0.616        1.86     1030.7       -0.105       -0.11       -0.1
129.751717        0.00002        0.00022       13.230        0.672        1.86     1031.2       -0.104       -0.10       -0.1
131.862140        0.00002        0.00022       13.213        0.726        1.87     1031.5       -0.103       -0.10       -0.1
134.006890        0.00002        0.00022       13.194        0.780        1.87     1031.9       -0.102       -0.10       -0.1
136.186524        0.00002        0.00021       13.174        0.832        1.88     1032.1       -0.101       -0.10       -0.1
138.401610        0.00002        0.00021       13.152        0.884        1.88     1032.3       -0.100       -0.10       -0.1
140.652724        0.00002        0.00021       13.129        0.934        1.89     1032.4       -0.099       -0.10       -0.1
142.940453        0.00002        0.00021       13.104        0.983        1.89     1032.5       -0.099       -0.10       -0.1
145.265393        0.00002        0.00021       13.078        1.032        1.90     1032.5       -0.098       -0.10       -0.1
147.628147        0.00002        0.00020       13.051        1.079        1.90     1032.4       -0.097       -0.10       -0.1
150.029332        0.00002        0.00020       13.022        1.126        1.91     1032.2       -0.096       -0.10       -0.1
152.469573        0.00002        0.00020       12.992        1.171        1.91     1032.0       -0.095       -0.09       -0.1
154.949504        0.00002        0.00020       12.960        1.216        1.92     1031.7       -0.094       -0.09       -0.1
157.469771        0.00002        0.00020       12.927        1.260        1.92     1031.4       -0.093       -0.09       -0.1
160.031031        0.00001        0.00019       12.893        1.303        1.93     1030.9       -0.092       -0.09       -0.1
162.633950        0.00001        0.00019       12.857        1.345        1.93     1030.4       -0.091       -0.09       -0.1
165.279206        0.00001        0.00019       12.820        1.387        1.94     1029.9       -0.090       -0.09       -0.1
167.967487        0.00001        0.00019       12.782        1.428        1.95     1029.3       -0.089       -0.09       -0.1
170.699493        0.00001        0.00019       12.742        1.468        1.95     1028.6       -0.088       -0.09       -0.1
173.475936        0.00001        0.00018       12.701        1.507        1.96     1027.9       -0.087       -0.09       -0.1
176.297538        0.00001        0.00018       12.659        1.546        1.96     1027.0       -0.086       -0.09       -0.1
179.165033        0.00001        0.00018       12.616        1.585        1.97     1026.2       -0.085       -0.09       -0.1
182.079168        0.00001        0.00018       12.571        1.622        1.98     1025.2       -0.084       -0.08       -0.1
185.040702        0.00001        0.00018       12.525        1.659        1.98     1024.2       -0.084       -0.08       -0.1
188.050406        0.00001        0.00017       12.478        1.696        1.99     1023.2       -0.083       -0.08       -0.1
191.109062        0.00001        0.00017       12.429        1.732        2.00     1022.0       -0.082       -0.08       -0.1
194.217468        0.00001        0.00017       12.379        1.767        2.01     1020.8       -0.081       -0.08       -0.1
197.376433        0.00001        0.00017       12.329        1.803        2.01     1019.6       -0.080       -0.08       -0.1
200.586778        0.00001        0.00016       12.277        1.837        2.02     1018.3       -0.079       -0.08       -0.1
203.849340        0.00001        0.00016       12.223        1.872        2.03     1016.9       -0.078       -0.08       -0.1
207.164968        0.00001        0.00016       12.169        1.906        2.04     1015.4       -0.077       -0.08       -0.1
210.534524        0.00001        0.00016       12.113        1.940        2.04     1013.9       -0.076       -0.08       -0.1
213.958887        0.00001        0.00016       12.057        1.973        2.05     1012.4       -0.075       -0.08       -0.1
217.438948        0.00001        0.00015       11.999        2.007        2.06     1010.7       -0.074       -0.07       -0.1
220.975611        0.00001        0.00015       11.940        2.040        2.07     1009.0       -0.073       -0.07       -0.1
224.569800        0.00001        0.00015       11.880        2.073        2.08     1007.3       -0.072       -0.07       -0.1
228.222447        0.00001        0.00015       11.819        2.106        2.09     1005.5       -0.071       -0.07       -0.1
231.934506        0.00001        0.00015       11.757        2.139        2.09     1003.6       -0.070       -0.07       -0.1
235.706941        0.00001        0.00014       11.693        2.172        2.10     1001.6       -0.069       -0.07       -0.1
239.540736        0.00001        0.00014       11.629        2.205        2.11      999.6       -0.068       -0.07       -0.1
243.436887        0.00001        0.00014       11.564        2.238        2.12      997.6       -0.067       -0.07       -0.1
247.396410        0.00001        0.00014       11.497        2.272        2.13      995.4       -0.066       -0.07       -0.1
251.420335        0.00001        0.00014       11.430        2.305        2.14      993.2       -0.065       -0.07       -0.1
255.509709        0.00001        0.00013       11.361        2.339        2.15      991.0       -0.064       -0.06       -0.1
259.665597        0.00001        0.00013       11.292        2.373        2.16      988.7       -0.063       -0.06       -0.1
263.889081        0.00001        0.00013       11.221        2.408        2.17      986.3       -0.062       -0.06       -0.1
268.181261        0.00001        0.00013       11.150        2.443        2.18      983.9       -0.061       -0.06       -0.1
272.543253        0.00001        0.00013       11.078        2.478        2.19      981.4       -0.060       -0.06       -0.1
276.976194        0.00001        0.00012       11.004        2.515        2.20      978.8       -0.059       -0.06       -0.1
281.481236        0.00001        0.00012       10.930        2.552        2.22      976.2       -0.058       -0.06       -0.1
286.059554        0.00001        0.00012       10.855        2.590        2.23      973.5       -0.057       -0.06       -0.1
290.712338        0.00001        0.00012       10.779        2.629        2.24      970.7       -0.056       -0.06       -0.1
295.440800        0.00001        0.00011       10.701        2.669        2.25      967.9       -0.055       -0.06       -0.1
300.246171        0.00001        0.00011       10.624        2.710        2.26      965.0       -0.054       -0.05       -0.1
305.129702        0.00001        0.00011       10.545        2.752        2.27      962.1       -0.053       -0.05       -0.1
310.092664        0.00001        0.00011       10.465        2.796        2.29      959.1       -0.052       -0.05       -0.1
315.136348        0.00001        0.00011       10.384        2.842        2.30      956.0       -0.051       -0.05       -0.1
320.262069        0.00001        0.00010       10.303        2.889        2.31      952.9       -0.050       -0.05       -0.0
325.471161        0.00001        0.00010       10.221        2.939        2.33      949.6       -0.049       -0.05       -0.0
330.764978        0.00001        0.00010       10.137        2.990        2.34      946.4       -0.048       -0.05       -0.0
336.144900        0.00001        0.00010       10.053        3.044        2.36      943.0       -0.047       -0.05       -0.0
341.612327        0.00001        0.00009        9.969        3.102        2.37      939.6       -0.045       -0.05       -0.0
347.168682        0.00001        0.00009        9.883        3.162        2.38      936.1       -0.044       -0.04       -0.0
352.815412        0.00001        0.00009        9.796        3.225        2.40      932.6       -0.043       -0.04       -0.0
358.553986        0.00001        0.00009        9.709        3.293        2.41      929.0       -0.042       -0.04       -0.0
364.385898        0.00001        0.00008        9.621        3.365        2.43      925.3       -0.041       -0.04       -0.0
370.312668        0.00001        0.00008        9.532        3.442        2.45      921.5       -0.040       -0.04       -0.0
376.335836        0.00001        0.00008        9.443        3.524        2.46      917.7       -0.038       -0.04       -0.0
382.456972        0.00001        0.00008        9.352        3.613        2.48      913.8       -0.037       -0.04       -0.0
388.677669        0.00001        0.00007        9.261        3.709        2.50      909.8       -0.036       -0.04       -0.0
394.999546        0.00001        0.00007        9.169        3.813        2.52      905.7       -0.035       -0.03       -0.0
401.424249        0.00001        0.00007        9.076        3.927        2.53      901.6       -0.033       -0.03       -0.0
407.953450        0.00001        0.00007        8.983        4.052        2.55      897.3       -0.032       -0.03       -0.0
414.588850        0.00001        0.00006        8.888        4.190        2.57      893.0       -0.031       -0.03       -0.0
421.332174        0.00001        0.00006        8.793        4.345        2.59      888.6       -0.030       -0.03       -0.0
428.185180        0.00001        0.00006        8.697        4.517        2.61      884.1       -0.028       -0.03       -0.0
435.149650        0.00001        0.00006        8.601        4.714        2.63      879.6       -0.027       -0.03       -0.0
442.227398        0.00001        0.00005        8.503        4.941        2.65      874.9       -0.025       -0.03       -0.0
449.420266        0.00001        0.00005        8.405        5.203        2.68      870.1       -0.024       -0.02       -0.0
456.730127        0.00001        0.00005        8.305        5.520        2.70      865.2       -0.022       -0.02       -0.0
464.158883        0.00001        0.00004        8.205        5.907        2.72      860.2       -0.021       -0.02       -0.0
471.708469        0.00000        0.00004        8.104        6.407        2.75      855.1       -0.019       -0.02       -0.0
479.380850        0.00000        0.00004        8.001        7.128        2.78      849.8       -0.017       -0.02       -0.0
