x               rho            P              T              ur             uphi           uz             Br             Bphi           Bz             m
0.010000        1.00000        1.00001        1.00001        2.81844        0.71209       -0.00281        0.01895       -0.00490        1.00001        0.99990
0.010163        1.00000        1.00001        1.00001        2.81843        0.71209       -0.00285        0.01926       -0.00498        1.00001        0.99990
0.010328        0.99999        1.00000        1.00001        2.81841        0.71209       -0.00290        0.01957       -0.00506        1.00001        0.99989
0.010496        0.99998        0.99999        1.00001        2.81839        0.71209       -0.00295        0.01989       -0.00514        1.00001        0.99989
0.010667        0.99997        0.99999        1.00001        2.81837        0.71208       -0.00300        0.02021       -0.00522        1.00001        0.99988
0.010840        0.99997        0.99998        1.00001        2.81835        0.71208       -0.00304        0.02054       -0.00531        1.00001        0.99988
0.011016        0.99996        0.99997        1.00001        2.81833        0.71208       -0.00309        0.02087       -0.00539        1.00002        0.99987
0.011196        0.99995        0.99997        1.00001        2.81831        0.71208       -0.00314        0.02121       -0.00548        1.00002        0.99986
0.011378        0.99995        0.99996        1.00001        2.81829        0.71208       -0.00320        0.02156       -0.00557        1.00002        0.99986
0.011563        0.99994        0.99995        1.00001        2.81827        0.71208       -0.00325        0.02191       -0.00566        1.00002        0.99985
0.011751        0.99993        0.99994        1.00001        2.81825        0.71208       -0.00330        0.02226       -0.00575        1.00002        0.99985
0.011942        0.99992        0.99994        1.00002        2.81823        0.71208       -0.00335        0.02263       -0.00585        1.00002        0.99984
0.012136        0.99991        0.99993        1.00002        2.81821        0.71208       -0.00341        0.02299       -0.00594        1.00002        0.99984
0.012334        0.99991        0.99992        1.00002        2.81819        0.71208       -0.00346        0.02337       -0.00604        1.00002        0.99983
0.012534        0.99990        0.99991        1.00002        2.81816        0.71208       -0.00352        0.02375       -0.00614        1.00002        0.99982
0.012738        0.99989        0.99991        1.00002        2.81814        0.71207       -0.00358        0.02413       -0.00624        1.00002        0.99982
0.012945        0.99988        0.99990        1.00002        2.81812        0.71207       -0.00364        0.02453       -0.00634        1.00002        0.99981
0.013156        0.99987        0.99989        1.00002        2.81810        0.71207       -0.00369        0.02493       -0.00644        1.00002        0.99981
0.013370        0.99986        0.99988        1.00002        2.81807        0.71207       -0.00375        0.02533       -0.00655        1.00002        0.99980
0.013587        0.99985        0.99987        1.00002        2.81805        0.71207       -0.00382        0.02574       -0.00665        1.00002        0.99979
0.013808        0.99985        0.99987        1.00002        2.81802        0.71207       -0.00388        0.02616       -0.00676        1.00003        0.99979
0.014033        0.99984        0.99986        1.00002        2.81800        0.71207       -0.00394        0.02659       -0.00687        1.00003        0.99978
0.014261        0.99983        0.99985        1.00002        2.81797        0.71207       -0.00400        0.02702       -0.00698        1.00003        0.99977
0.014493        0.99982        0.99984        1.00002        2.81795        0.71207       -0.00407        0.02746       -0.00710        1.00003        0.99977
0.014729        0.99981        0.99983        1.00002        2.81792        0.71206       -0.00414        0.02791       -0.00721        1.00003        0.99976
0.014968        0.99980        0.99982        1.00002        2.81789        0.71206       -0.00420        0.02836       -0.00733        1.00003        0.99975
0.015212        0.99979        0.99981        1.00002        2.81787        0.71206       -0.00427        0.02882       -0.00745        1.00003        0.99974
0.015459        0.99978        0.99980        1.00003        2.81784        0.71206       -0.00434        0.02929       -0.00757        1.00003        0.99974
0.015711        0.99977        0.99979        1.00003        2.81781        0.71206       -0.00441        0.02977       -0.00769        1.00003        0.99973
0.015966        0.99976        0.99978        1.00003        2.81778        0.71206       -0.00448        0.03025       -0.00782        1.00003        0.99972
0.016226        0.99975        0.99977        1.00003        2.81775        0.71206       -0.00456        0.03074       -0.00794        1.00003        0.99971
0.016490        0.99974        0.99976        1.00003        2.81772        0.71206       -0.00463        0.03124       -0.00807        1.00004        0.99971
0.016758        0.99972        0.99975        1.00003        2.81769        0.71206       -0.00471        0.03175       -0.00820        1.00004        0.99970
0.017031        0.99971        0.99974        1.00003        2.81766        0.71205       -0.00478        0.03227       -0.00834        1.00004        0.99969
0.017308        0.99970        0.99973        1.00003        2.81763        0.71205       -0.00486        0.03279       -0.00847        1.00004        0.99968
0.017589        0.99969        0.99972        1.00003        2.81760        0.71205       -0.00494        0.03333       -0.00861        1.00004        0.99967
0.017875        0.99968        0.99971        1.00003        2.81757        0.71205       -0.00502        0.03387       -0.00875        1.00004        0.99966
0.018166        0.99967        0.99970        1.00003        2.81754        0.71205       -0.00510        0.03442       -0.00889        1.00004        0.99965
0.018461        0.99965        0.99969        1.00003        2.81751        0.71205       -0.00518        0.03498       -0.00904        1.00004        0.99965
0.018762        0.99964        0.99968        1.00003        2.81747        0.71205       -0.00527        0.03555       -0.00919        1.00004        0.99964
0.019067        0.99963        0.99967        1.00004        2.81744        0.71204       -0.00535        0.03613       -0.00933        1.00004        0.99963
0.019377        0.99962        0.99965        1.00004        2.81740        0.71204       -0.00544        0.03671       -0.00949        1.00005        0.99962
0.019692        0.99960        0.99964        1.00004        2.81737        0.71204       -0.00553        0.03731       -0.00964        1.00005        0.99961
0.020012        0.99959        0.99963        1.00004        2.81733        0.71204       -0.00562        0.03792       -0.00980        1.00005        0.99960
0.020338        0.99957        0.99961        1.00004        2.81728        0.71204       -0.00571        0.03853       -0.00996        1.00005        0.99958
0.020669        0.99955        0.99959        1.00004        2.81722        0.71203       -0.00580        0.03916       -0.01012        1.00005        0.99957
0.021005        0.99953        0.99957        1.00004        2.81716        0.71203       -0.00590        0.03980       -0.01028        1.00005        0.99955
0.021347        0.99950        0.99955        1.00004        2.81709        0.71203       -0.00599        0.04044       -0.01045        1.00006        0.99953
0.021694        0.99948        0.99952        1.00005        2.81703        0.71203       -0.00609        0.04110       -0.01062        1.00006        0.99952
0.022047        0.99945        0.99950        1.00005        2.81696        0.71202       -0.00619        0.04177       -0.01079        1.00006        0.99950
0.022405        0.99943        0.99948        1.00005        2.81690        0.71202       -0.00629        0.04245       -0.01097        1.00006        0.99948
0.022770        0.99940        0.99946        1.00005        2.81683        0.71202       -0.00639        0.04314       -0.01115        1.00006        0.99946
0.023140        0.99938        0.99943        1.00005        2.81676        0.71201       -0.00650        0.04384       -0.01133        1.00007        0.99944
0.023516        0.99935        0.99941        1.00005        2.81669        0.71201       -0.00660        0.04455       -0.01151        1.00007        0.99942
0.023899        0.99933        0.99938        1.00006        2.81662        0.71201       -0.00671        0.04528       -0.01170        1.00007        0.99941
0.024288        0.99930        0.99936        1.00006        2.81655        0.71200       -0.00682        0.04602       -0.01189        1.00007        0.99939
0.024683        0.99927        0.99933        1.00006        2.81647        0.71200       -0.00693        0.04676       -0.01208        1.00008        0.99937
0.025084        0.99925        0.99931        1.00006        2.81640        0.71200       -0.00704        0.04752       -0.01228        1.00008        0.99935
0.025492        0.99922        0.99928        1.00006        2.81632        0.71199       -0.00715        0.04830       -0.01248        1.00008        0.99933
0.025907        0.99919        0.99925        1.00007        2.81625        0.71199       -0.00727        0.04908       -0.01268        1.00008        0.99930
0.026328        0.99916        0.99923        1.00007        2.81617        0.71199       -0.00739        0.04988       -0.01288        1.00008        0.99928
0.026756        0.99913        0.99920        1.00007        2.81609        0.71198       -0.00751        0.05069       -0.01309        1.00009        0.99926
0.027192        0.99910        0.99917        1.00007        2.81601        0.71198       -0.00763        0.05152       -0.01331        1.00009        0.99924
0.027634        0.99907        0.99914        1.00007        2.81593        0.71198       -0.00775        0.05235       -0.01352        1.00009        0.99922
0.028083        0.99904        0.99912        1.00008        2.81584        0.71197       -0.00788        0.05321       -0.01374        1.00010        0.99920
0.028540        0.99901        0.99909        1.00008        2.81576        0.71197       -0.00801        0.05407       -0.01397        1.00010        0.99917
0.029004        0.99898        0.99906        1.00008        2.81567        0.71197       -0.00814        0.05495       -0.01419        1.00010        0.99915
0.029476        0.99894        0.99903        1.00008        2.81558        0.71196       -0.00827        0.05584       -0.01442        1.00010        0.99913
0.029955        0.99891        0.99900        1.00009        2.81549        0.71196       -0.00840        0.05675       -0.01466        1.00011        0.99910
0.030443        0.99887        0.99896        1.00009        2.81538        0.71195       -0.00854        0.05767       -0.01490        1.00011        0.99907
0.030938        0.99882        0.99891        1.00009        2.81525        0.71195       -0.00868        0.05861       -0.01514        1.00011        0.99904
0.031441        0.99877        0.99887        1.00009        2.81512        0.71194       -0.00882        0.05957       -0.01538        1.00012        0.99900
0.031952        0.99872        0.99882        1.00010        2.81499        0.71194       -0.00896        0.06053       -0.01563        1.00012        0.99896
0.032472        0.99867        0.99878        1.00010        2.81485        0.71193       -0.00911        0.06152       -0.01589        1.00013        0.99893
0.033000        0.99862        0.99873        1.00011        2.81471        0.71192       -0.00926        0.06252       -0.01614        1.00013        0.99889
0.033537        0.99857        0.99868        1.00011        2.81458        0.71192       -0.00941        0.06353       -0.01641        1.00014        0.99885
0.034083        0.99852        0.99863        1.00011        2.81443        0.71191       -0.00956        0.06457       -0.01667        1.00014        0.99882
0.034637        0.99847        0.99858        1.00012        2.81429        0.71190       -0.00971        0.06562       -0.01694        1.00014        0.99878
0.035200        0.99841        0.99853        1.00012        2.81414        0.71190       -0.00987        0.06668       -0.01722        1.00015        0.99874
0.035773        0.99836        0.99848        1.00012        2.81399        0.71189       -0.01003        0.06777       -0.01750        1.00015        0.99870
0.036355        0.99830        0.99843        1.00013        2.81384        0.71189       -0.01019        0.06887       -0.01778        1.00016        0.99866
0.036946        0.99824        0.99838        1.00013        2.81369        0.71188       -0.01036        0.06999       -0.01807        1.00016        0.99861
0.037547        0.99819        0.99832        1.00014        2.81353        0.71187       -0.01053        0.07113       -0.01836        1.00017        0.99857
0.038158        0.99813        0.99827        1.00014        2.81337        0.71186       -0.01070        0.07229       -0.01866        1.00017        0.99853
0.038778        0.99807        0.99821        1.00014        2.81321        0.71186       -0.01087        0.07346       -0.01896        1.00018        0.99849
0.039409        0.99801        0.99816        1.00015        2.81305        0.71185       -0.01105        0.07465       -0.01927        1.00018        0.99844
0.040050        0.99795        0.99810        1.00015        2.81288        0.71184       -0.01123        0.07587       -0.01959        1.00019        0.99840
0.040701        0.99787        0.99803        1.00016        2.81267        0.71183       -0.01141        0.07710       -0.01990        1.00020        0.99834
0.041363        0.99779        0.99795        1.00016        2.81245        0.71182       -0.01159        0.07836       -0.02023        1.00020        0.99828
0.042036        0.99770        0.99787        1.00017        2.81222        0.71181       -0.01178        0.07963       -0.02055        1.00021        0.99822
0.042720        0.99762        0.99779        1.00017        2.81199        0.71180       -0.01197        0.08092       -0.02089        1.00022        0.99816
0.043415        0.99753        0.99771        1.00018        2.81176        0.71179       -0.01216        0.08224       -0.02122        1.00023        0.99809
0.044121        0.99745        0.99763        1.00019        2.81153        0.71178       -0.01236        0.08358       -0.02157        1.00023        0.99803
0.044839        0.99736        0.99755        1.00019        2.81129        0.71177       -0.01256        0.08493       -0.02192        1.00024        0.99797
0.045568        0.99727        0.99747        1.00020        2.81104        0.71176       -0.01276        0.08631       -0.02227        1.00025        0.99790
0.046309        0.99718        0.99738        1.00021        2.81079        0.71175       -0.01297        0.08772       -0.02263        1.00026        0.99783
0.047062        0.99708        0.99730        1.00021        2.81054        0.71174       -0.01318        0.08914       -0.02300        1.00026        0.99777
0.047828        0.99699        0.99721        1.00022        2.81029        0.71173       -0.01339        0.09059       -0.02337        1.00027        0.99770
0.048606        0.99689        0.99712        1.00023        2.81003        0.71172       -0.01361        0.09207       -0.02375        1.00028        0.99763
0.049396        0.99680        0.99703        1.00023        2.80976        0.71171       -0.01383        0.09356       -0.02414        1.00029        0.99756
0.050200        0.99669        0.99693        1.00024        2.80949        0.71169       -0.01405        0.09508       -0.02453        1.00030        0.99748
0.051016        0.99657        0.99682        1.00025        2.80915        0.71168       -0.01428        0.09663       -0.02492        1.00031        0.99739
0.051846        0.99645        0.99670        1.00026        2.80881        0.71167       -0.01451        0.09820       -0.02533        1.00032        0.99730
0.052689        0.99632        0.99658        1.00026        2.80847        0.71165       -0.01475        0.09979       -0.02574        1.00033        0.99721
0.053546        0.99619        0.99646        1.00027        2.80811        0.71163       -0.01498        0.10142       -0.02615        1.00034        0.99711
0.054417        0.99606        0.99634        1.00028        2.80776        0.71162       -0.01522        0.10306       -0.02658        1.00035        0.99702
0.055302        0.99593        0.99622        1.00029        2.80740        0.71160       -0.01547        0.10474       -0.02701        1.00036        0.99692
0.056202        0.99579        0.99609        1.00030        2.80703        0.71159       -0.01572        0.10644       -0.02744        1.00038        0.99682
0.057116        0.99565        0.99596        1.00031        2.80665        0.71157       -0.01597        0.10817       -0.02789        1.00039        0.99672
0.058045        0.99551        0.99583        1.00032        2.80627        0.71155       -0.01623        0.10993       -0.02834        1.00040        0.99662
0.058989        0.99537        0.99570        1.00033        2.80589        0.71154       -0.01649        0.11172       -0.02880        1.00041        0.99652
0.059948        0.99523        0.99557        1.00034        2.80549        0.71152       -0.01676        0.11353       -0.02926        1.00043        0.99641
0.060923        0.99506        0.99541        1.00035        2.80503        0.71150       -0.01703        0.11538       -0.02973        1.00044        0.99629
0.061914        0.99488        0.99524        1.00036        2.80455        0.71148       -0.01730        0.11725       -0.03021        1.00045        0.99616
0.062921        0.99470        0.99508        1.00038        2.80406        0.71146       -0.01758        0.11915       -0.03070        1.00047        0.99603
0.063945        0.99452        0.99491        1.00039        2.80357        0.71144       -0.01786        0.12109       -0.03120        1.00049        0.99590
0.064985        0.99433        0.99473        1.00040        2.80306        0.71142       -0.01815        0.12306       -0.03170        1.00050        0.99576
0.066042        0.99415        0.99456        1.00042        2.80255        0.71139       -0.01844        0.12506       -0.03221        1.00052        0.99562
0.067116        0.99395        0.99438        1.00043        2.80203        0.71137       -0.01874        0.12709       -0.03273        1.00054        0.99548
0.068208        0.99376        0.99420        1.00044        2.80150        0.71135       -0.01904        0.12915       -0.03326        1.00055        0.99534
0.069317        0.99356        0.99402        1.00046        2.80096        0.71132       -0.01935        0.13125       -0.03380        1.00057        0.99520
0.070445        0.99335        0.99382        1.00047        2.80039        0.71130       -0.01966        0.13338       -0.03434        1.00059        0.99505
0.071590        0.99312        0.99360        1.00049        2.79974        0.71127       -0.01997        0.13555       -0.03489        1.00061        0.99488
0.072755        0.99288        0.99338        1.00050        2.79909        0.71124       -0.02029        0.13775       -0.03545        1.00063        0.99470
0.073938        0.99263        0.99315        1.00052        2.79842        0.71122       -0.02062        0.13999       -0.03602        1.00065        0.99452
0.075141        0.99239        0.99292        1.00054        2.79775        0.71119       -0.02095        0.14226       -0.03660        1.00067        0.99435
0.076363        0.99214        0.99269        1.00055        2.79706        0.71116       -0.02128        0.14457       -0.03719        1.00069        0.99416
0.077605        0.99188        0.99245        1.00057        2.79636        0.71113       -0.02162        0.14692       -0.03779        1.00071        0.99398
0.078867        0.99162        0.99221        1.00059        2.79566        0.71110       -0.02197        0.14930       -0.03840        1.00074        0.99379
0.080150        0.99136        0.99196        1.00061        2.79493        0.71107       -0.02232        0.15173       -0.03902        1.00076        0.99360
0.081454        0.99105        0.99168        1.00063        2.79410        0.71103       -0.02268        0.15419       -0.03964        1.00079        0.99338
0.082779        0.99074        0.99139        1.00065        2.79325        0.71099       -0.02304        0.15669       -0.04028        1.00081        0.99315
0.084125        0.99043        0.99110        1.00067        2.79239        0.71096       -0.02341        0.15923       -0.04093        1.00084        0.99292
0.085493        0.99011        0.99080        1.00069        2.79152        0.71092       -0.02378        0.16182       -0.04158        1.00087        0.99269
0.086884        0.98979        0.99050        1.00072        2.79063        0.71088       -0.02416        0.16445       -0.04225        1.00089        0.99246
0.088297        0.98946        0.99019        1.00074        2.78973        0.71084       -0.02455        0.16711       -0.04293        1.00092        0.99222
0.089733        0.98913        0.98988        1.00076        2.78881        0.71081       -0.02494        0.16983       -0.04362        1.00095        0.99198
0.091193        0.98876        0.98954        1.00079        2.78780        0.71076       -0.02533        0.17258       -0.04431        1.00098        0.99171
0.092676        0.98837        0.98918        1.00082        2.78673        0.71072       -0.02573        0.17538       -0.04502        1.00102        0.99143
0.094183        0.98798        0.98881        1.00084        2.78565        0.71067       -0.02614        0.17823       -0.04574        1.00105        0.99115
0.095715        0.98758        0.98844        1.00087        2.78455        0.71063       -0.02656        0.18112       -0.04647        1.00108        0.99086
0.097272        0.98717        0.98806        1.00090        2.78344        0.71058       -0.02698        0.18405       -0.04722        1.00112        0.99056
0.098854        0.98676        0.98768        1.00093        2.78231        0.71053       -0.02741        0.18704       -0.04797        1.00116        0.99026
0.100462        0.98633        0.98728        1.00096        2.78113        0.71048       -0.02784        0.19007       -0.04874        1.00119        0.98995
0.102096        0.98586        0.98684        1.00099        2.77983        0.71043       -0.02828        0.19315       -0.04951        1.00123        0.98962
0.103757        0.98538        0.98639        1.00102        2.77850        0.71037       -0.02873        0.19628       -0.05030        1.00127        0.98927
0.105444        0.98490        0.98594        1.00106        2.77716        0.71032       -0.02918        0.19947       -0.05110        1.00132        0.98892
0.107159        0.98440        0.98548        1.00109        2.77580        0.71026       -0.02964        0.20270       -0.05192        1.00136        0.98856
0.108902        0.98390        0.98501        1.00113        2.77441        0.71020       -0.03011        0.20599       -0.05274        1.00140        0.98820
0.110674        0.98338        0.98452        1.00116        2.77296        0.71014       -0.03058        0.20932       -0.05358        1.00145        0.98782
0.112474        0.98281        0.98399        1.00120        2.77138        0.71008       -0.03106        0.21271       -0.05443        1.00149        0.98741
0.114303        0.98223        0.98345        1.00124        2.76978        0.71001       -0.03155        0.21616       -0.05529        1.00154        0.98700
0.116162        0.98165        0.98290        1.00128        2.76815        0.70994       -0.03204        0.21966       -0.05617        1.00159        0.98657
0.118052        0.98105        0.98235        1.00132        2.76650        0.70988       -0.03254        0.22322       -0.05706        1.00165        0.98614
0.119972        0.98044        0.98178        1.00136        2.76482        0.70981       -0.03305        0.22684       -0.05797        1.00170        0.98571
0.121923        0.97978        0.98116        1.00141        2.76296        0.70973       -0.03357        0.23051       -0.05888        1.00175        0.98523
0.123906        0.97910        0.98053        1.00146        2.76107        0.70965       -0.03409        0.23424       -0.05981        1.00181        0.98474
0.125922        0.97841        0.97988        1.00150        2.75914        0.70958       -0.03462        0.23803       -0.06076        1.00187        0.98425
0.127970        0.97771        0.97922        1.00155        2.75718        0.70950       -0.03516        0.24188       -0.06171        1.00193        0.98374
0.130051        0.97699        0.97856        1.00160        2.75519        0.70942       -0.03570        0.24580       -0.06269        1.00199        0.98323
0.132166        0.97621        0.97783        1.00166        2.75300        0.70933       -0.03625        0.24977       -0.06367        1.00206        0.98267
0.134316        0.97541        0.97708        1.00171        2.75077        0.70924       -0.03681        0.25381       -0.06467        1.00213        0.98210
0.136501        0.97460        0.97633        1.00177        2.74850        0.70915       -0.03738        0.25791       -0.06569        1.00220        0.98152
0.138721        0.97378        0.97556        1.00182        2.74620        0.70906       -0.03796        0.26208       -0.06672        1.00227        0.98093
0.140977        0.97292        0.97475        1.00188        2.74378        0.70896       -0.03854        0.26632       -0.06776        1.00234        0.98031
0.143270        0.97201        0.97390        1.00195        2.74121        0.70886       -0.03913        0.27062       -0.06882        1.00242        0.97966
0.145601        0.97108        0.97303        1.00201        2.73860        0.70876       -0.03973        0.27499       -0.06990        1.00250        0.97900
0.147969        0.97014        0.97215        1.00208        2.73594        0.70865       -0.04034        0.27943       -0.07099        1.00258        0.97833
0.150376        0.96917        0.97125        1.00214        2.73322        0.70854       -0.04095        0.28395       -0.07210        1.00266        0.97764
0.152821        0.96813        0.97028        1.00222        2.73027        0.70843       -0.04157        0.28853       -0.07321        1.00275        0.97690
0.155307        0.96707        0.96929        1.00229        2.72727        0.70831       -0.04220        0.29318       -0.07435        1.00284        0.97615
0.157833        0.96600        0.96828        1.00236        2.72423        0.70820       -0.04284        0.29791       -0.07550        1.00293        0.97538
0.160400        0.96490        0.96725        1.00244        2.72110        0.70807       -0.04349        0.30272       -0.07667        1.00303        0.97460
0.163009        0.96372        0.96614        1.00252        2.71773        0.70795       -0.04414        0.30760       -0.07786        1.00313        0.97376
0.165661        0.96251        0.96502        1.00260        2.71431        0.70782       -0.04480        0.31255       -0.07905        1.00323        0.97291
0.168355        0.96129        0.96388        1.00269        2.71083        0.70768       -0.04547        0.31759       -0.08027        1.00333        0.97204
0.171093        0.96002        0.96269        1.00277        2.70721        0.70755       -0.04615        0.32271       -0.08151        1.00344        0.97114
0.173876        0.95869        0.96144        1.00287        2.70337        0.70740       -0.04683        0.32790       -0.08276        1.00356        0.97020
0.176704        0.95733        0.96016        1.00296        2.69947        0.70726       -0.04752        0.33317       -0.08402        1.00367        0.96924
0.179578        0.95595        0.95887        1.00306        2.69551        0.70711       -0.04823        0.33854       -0.08531        1.00379        0.96826
0.182499        0.95448        0.95749        1.00316        2.69127        0.70695       -0.04893        0.34398       -0.08661        1.00391        0.96723
0.185468        0.95297        0.95608        1.00326        2.68692        0.70679       -0.04965        0.34950       -0.08792        1.00404        0.96616
0.188484        0.95143        0.95464        1.00337        2.68249        0.70663       -0.05037        0.35512       -0.08926        1.00417        0.96509
0.191550        0.94984        0.95314        1.00348        2.67786        0.70646       -0.05110        0.36082       -0.09061        1.00431        0.96396
0.194666        0.94817        0.95157        1.00359        2.67301        0.70629       -0.05184        0.36661       -0.09198        1.00445        0.96279
0.197832        0.94647        0.94998        1.00371        2.66808        0.70611       -0.05258        0.37249       -0.09336        1.00459        0.96160
0.201050        0.94472        0.94834        1.00383        2.66299        0.70593       -0.05334        0.37846       -0.09477        1.00474        0.96038
0.204320        0.94288        0.94661        1.00396        2.65760        0.70574       -0.05409        0.38452       -0.09618        1.00490        0.95909
0.207643        0.94101        0.94485        1.00409        2.65213        0.70555       -0.05486        0.39068       -0.09762        1.00505        0.95778
0.211020        0.93908        0.94304        1.00422        2.64648        0.70536       -0.05563        0.39693       -0.09908        1.00522        0.95644
0.214453        0.93705        0.94114        1.00436        2.64051        0.70515       -0.05641        0.40327       -0.10054        1.00539        0.95503
0.217941        0.93499        0.93920        1.00450        2.63444        0.70494       -0.05720        0.40972       -0.10203        1.00556        0.95360
0.221486        0.93286        0.93720        1.00465        2.62814        0.70473       -0.05799        0.41626       -0.10354        1.00574        0.95212
0.225088        0.93064        0.93511        1.00480        2.62154        0.70451       -0.05878        0.42290       -0.10506        1.00593        0.95058
0.228749        0.92838        0.93298        1.00496        2.61482        0.70429       -0.05958        0.42964       -0.10660        1.00612        0.94901
0.232470        0.92601        0.93076        1.00512        2.60778        0.70406       -0.06039        0.43648       -0.10815        1.00632        0.94738
0.236251        0.92357        0.92846        1.00529        2.60049        0.70382       -0.06120        0.44342       -0.10972        1.00652        0.94569
0.240093        0.92110        0.92613        1.00546        2.59308        0.70358       -0.06202        0.45048       -0.11132        1.00673        0.94399
0.243999        0.91847        0.92366        1.00564        2.58518        0.70333       -0.06283        0.45763       -0.11291        1.00695        0.94218
0.247967        0.91581        0.92114        1.00583        2.57715        0.70307       -0.06365        0.46489       -0.11454        1.00717        0.94035
0.252000        0.91305        0.91854        1.00602        2.56880        0.70281       -0.06448        0.47226       -0.11617        1.00740        0.93846
0.256099        0.91018        0.91584        1.00622        2.56011        0.70255       -0.06530        0.47973       -0.11782        1.00764        0.93650
0.260265        0.90727        0.91309        1.00642        2.55127        0.70228       -0.06614        0.48732       -0.11950        1.00789        0.93450
0.264498        0.90420        0.91019        1.00663        2.54188        0.70200       -0.06696        0.49501       -0.12117        1.00814        0.93241
0.268800        0.90108        0.90725        1.00685        2.53234        0.70171       -0.06780        0.50282       -0.12288        1.00840        0.93029
0.273172        0.89782        0.90417        1.00707        2.52234        0.70142       -0.06862        0.51073       -0.12459        1.00867        0.92808
0.277615        0.89448        0.90102        1.00730        2.51205        0.70113       -0.06945        0.51877       -0.12631        1.00895        0.92581
0.282131        0.89104        0.89776        1.00754        2.50139        0.70082       -0.07028        0.52691       -0.12806        1.00924        0.92348
0.286720        0.88747        0.89438        1.00779        2.49030        0.70052       -0.07111        0.53517       -0.12981        1.00953        0.92106
0.291383        0.88381        0.89092        1.00804        2.47891        0.70020       -0.07193        0.54355       -0.13158        1.00984        0.91859
0.296123        0.88000        0.88731        1.00831        2.46700        0.69988       -0.07275        0.55204       -0.13335        1.01015        0.91603
0.300939        0.87611        0.88362        1.00858        2.45480        0.69956       -0.07357        0.56066       -0.13515        1.01047        0.91341
0.305834        0.87205        0.87978        1.00886        2.44201        0.69923       -0.07437        0.56938       -0.13695        1.01081        0.91069
0.310808        0.86791        0.87585        1.00915        2.42893        0.69889       -0.07517        0.57823       -0.13877        1.01115        0.90791
0.315864        0.86359        0.87175        1.00945        2.41521        0.69855       -0.07596        0.58718       -0.14058        1.01151        0.90503
0.321001        0.85918        0.86756        1.00976        2.40118        0.69820       -0.07675        0.59627       -0.14242        1.01187        0.90208
0.326222        0.85459        0.86320        1.01008        2.38650        0.69785       -0.07751        0.60546       -0.14426        1.01225        0.89903
0.331528        0.84990        0.85874        1.01041        2.37143        0.69749       -0.07827        0.61479       -0.14611        1.01263        0.89591
0.336921        0.84503        0.85411        1.01075        2.35573        0.69714       -0.07901        0.62422       -0.14796        1.01303        0.89268
0.342401        0.84002        0.84935        1.01110        2.33954        0.69677       -0.07975        0.63377       -0.14983        1.01344        0.88936
0.347970        0.83486        0.84443        1.01146        2.32278        0.69641       -0.08046        0.64345       -0.15170        1.01386        0.88595
0.353630        0.82954        0.83936        1.01184        2.30540        0.69604       -0.08115        0.65323       -0.15357        1.01430        0.88243
0.359381        0.82408        0.83415        1.01222        2.28753        0.69567       -0.08183        0.66315       -0.15545        1.01474        0.87883
0.365227        0.81841        0.82874        1.01262        2.26888        0.69529       -0.08247        0.67316       -0.15732        1.01521        0.87511
0.371167        0.81261        0.82320        1.01303        2.24975        0.69492       -0.08311        0.68331       -0.15921        1.01568        0.87130
0.377204        0.80661        0.81747        1.01346        2.22985        0.69455       -0.08371        0.69356       -0.16108        1.01617        0.86736
0.383340        0.80044        0.81157        1.01390        2.20933        0.69417       -0.08428        0.70392       -0.16296        1.01667        0.86332
0.389575        0.79411        0.80551        1.01435        2.18820        0.69380       -0.08483        0.71441       -0.16484        1.01718        0.85918
0.395911        0.78756        0.79923        1.01482        2.16621        0.69343       -0.08533        0.72498       -0.16671        1.01771        0.85491
0.402351        0.78085        0.79280        1.01530        2.14362        0.69306       -0.08581        0.73567       -0.16858        1.01825        0.85053
0.408895        0.77395        0.78617        1.01580        2.12029        0.69269       -0.08625        0.74648       -0.17044        1.01881        0.84603
0.415546        0.76683        0.77934        1.01631        2.09612        0.69234       -0.08665        0.75736       -0.17229        1.01938        0.84139
0.422304        0.75953        0.77232        1.01684        2.07129        0.69198       -0.08701        0.76836       -0.17414        1.01997        0.83665
0.429173        0.75203        0.76511        1.01739        2.04567        0.69164       -0.08732        0.77946       -0.17597        1.02058        0.83177
0.436154        0.74431        0.75767        1.01796        2.01918        0.69130       -0.08758        0.79063       -0.17779        1.02120        0.82676
0.443248        0.73639        0.75005        1.01854        1.99196        0.69098       -0.08780        0.80191       -0.17960        1.02183        0.82162
0.450457        0.72828        0.74222        1.01914        1.96399        0.69066       -0.08797        0.81328       -0.18140        1.02248        0.81635
0.457784        0.71993        0.73416        1.01976        1.93509        0.69036       -0.08807        0.82470       -0.18317        1.02315        0.81093
0.465230        0.71138        0.72589        1.02040        1.90539        0.69007       -0.08812        0.83620       -0.18493        1.02384        0.80537
0.472797        0.70262        0.71742        1.02106        1.87491        0.68980       -0.08811        0.84778       -0.18667        1.02454        0.79968
0.480487        0.69365        0.70873        1.02174        1.84364        0.68955       -0.08804        0.85944       -0.18839        1.02526        0.79384
0.488302        0.68445        0.69981        1.02245        1.81146        0.68932       -0.08789        0.87112       -0.19008        1.02599        0.78785
0.496244        0.67503        0.69067        1.02317        1.77849        0.68911       -0.08768        0.88286       -0.19174        1.02674        0.78171
0.504316        0.66541        0.68132        1.02392        1.74472        0.68892       -0.08740        0.89464       -0.19338        1.02751        0.77542
0.512519        0.65557        0.67175        1.02469        1.71016        0.68876       -0.08705        0.90647       -0.19500        1.02829        0.76898
0.520855        0.64551        0.66196        1.02548        1.67482        0.68863       -0.08662        0.91834       -0.19659        1.02909        0.76239
0.529327        0.63525        0.65196        1.02630        1.63870        0.68853       -0.08611        0.93021       -0.19814        1.02991        0.75564
0.537936        0.62477        0.64173        1.02715        1.60183        0.68846       -0.08552        0.94208       -0.19965        1.03075        0.74873
0.546686        0.61409        0.63129        1.02802        1.56424        0.68843       -0.08485        0.95395       -0.20113        1.03160        0.74165
0.555578        0.60321        0.62065        1.02891        1.52598        0.68843       -0.08410        0.96582       -0.20258        1.03246        0.73442
0.564614        0.59213        0.60979        1.02984        1.48706        0.68848       -0.08326        0.97767       -0.20399        1.03334        0.72702
0.573798        0.58086        0.59874        1.03079        1.44753        0.68856       -0.08234        0.98949       -0.20537        1.03424        0.71946
0.583131        0.56941        0.58750        1.03177        1.40743        0.68869       -0.08134        1.00128       -0.20670        1.03515        0.71174
0.592615        0.55778        0.57606        1.03278        1.36682        0.68887       -0.08025        1.01301       -0.20800        1.03608        0.70384
0.602254        0.54598        0.56444        1.03382        1.32573        0.68909       -0.07907        1.02468       -0.20925        1.03702        0.69578
0.612050        0.53402        0.55265        1.03489        1.28424        0.68937       -0.07781        1.03627       -0.21046        1.03798        0.68756
0.622005        0.52191        0.54069        1.03599        1.24240        0.68970       -0.07646        1.04777       -0.21163        1.03894        0.67916
0.632122        0.50966        0.52858        1.03713        1.20029        0.69008       -0.07503        1.05917       -0.21275        1.03992        0.67060
0.642403        0.49728        0.51632        1.03830        1.15797        0.69052       -0.07352        1.07046       -0.21383        1.04091        0.66187
0.652852        0.48478        0.50393        1.03950        1.11552        0.69103       -0.07193        1.08162       -0.21487        1.04191        0.65297
0.663471        0.47218        0.49142        1.04074        1.07301        0.69159       -0.07027        1.09265       -0.21586        1.04293        0.64391
0.674262        0.45949        0.47879        1.04201        1.03053        0.69221       -0.06853        1.10352       -0.21681        1.04395        0.63468
0.685229        0.44673        0.46607        1.04332        0.98814        0.69290       -0.06673        1.11423       -0.21771        1.04498        0.62529
0.696374        0.43390        0.45327        1.04466        0.94593        0.69366       -0.06486        1.12476       -0.21857        1.04602        0.61574
0.707701        0.42102        0.44040        1.04604        0.90397        0.69448       -0.06293        1.13512       -0.21939        1.04706        0.60602
0.719212        0.40811        0.42748        1.04747        0.86235        0.69536       -0.06094        1.14527       -0.22017        1.04811        0.59615
0.730910        0.39519        0.41453        1.04893        0.82121        0.69632       -0.05891        1.15520       -0.22090        1.04916        0.58612
0.742798        0.38229        0.40156        1.05043        0.78065        0.69735       -0.05683        1.16489       -0.22159        1.05022        0.57594
0.754880        0.36940        0.38860        1.05197        0.74066        0.69845       -0.05470        1.17435       -0.22224        1.05128        0.56562
0.767158        0.35655        0.37564        1.05356        0.70132        0.69961       -0.05255        1.18357       -0.22285        1.05234        0.55514
0.779636        0.34374        0.36271        1.05518        0.66269        0.70085       -0.05037        1.19255       -0.22343        1.05340        0.54453
0.792317        0.33103        0.34985        1.05685        0.62503        0.70216       -0.04817        1.20121       -0.22397        1.05446        0.53379
0.805204        0.31841        0.33706        1.05857        0.58825        0.70354       -0.04596        1.20961       -0.22448        1.05552        0.52291
0.818301        0.30589        0.32434        1.06032        0.55237        0.70499       -0.04373        1.21774       -0.22495        1.05657        0.51191
0.831610        0.29350        0.31173        1.06213        0.51755        0.70652       -0.04151        1.22557       -0.22539        1.05762        0.50079
0.845137        0.28127        0.29926        1.06398        0.48389        0.70811       -0.03929        1.23307       -0.22580        1.05866        0.48956
0.858883        0.26918        0.28691        1.06588        0.45125        0.70977       -0.03709        1.24030       -0.22619        1.05970        0.47822
0.872853        0.25729        0.27473        1.06782        0.41989        0.71151       -0.03490        1.24718       -0.22655        1.06073        0.46680
0.887050        0.24558        0.26273        1.06982        0.38971        0.71331       -0.03273        1.25375       -0.22688        1.06175        0.45528
0.901478        0.23409        0.25091        1.07186        0.36073        0.71519       -0.03059        1.26000       -0.22719        1.06276        0.44368
0.916140        0.22283        0.23931        1.07396        0.33310        0.71713       -0.02849        1.26590       -0.22748        1.06375        0.43201
0.931041        0.21179        0.22791        1.07610        0.30665        0.71914       -0.02642        1.27150       -0.22776        1.06474        0.42028
0.946185        0.20104        0.21678        1.07830        0.28161        0.72123       -0.02439        1.27673       -0.22801        1.06571        0.40851
0.961575        0.19052        0.20587        1.08055        0.25776        0.72337       -0.02241        1.28165       -0.22825        1.06667        0.39668
0.977215        0.18031        0.19524        1.08285        0.23527        0.72559       -0.02048        1.28622       -0.22848        1.06761        0.38484
0.993109        0.17037        0.18489        1.08521        0.21403        0.72788       -0.01860        1.29046       -0.22869        1.06853        0.37297
1.009262        0.16072        0.17480        1.08763        0.19402        0.73023       -0.01676        1.29437       -0.22889        1.06944        0.36110
1.025678        0.15140        0.16504        1.09010        0.17533        0.73265       -0.01499        1.29793       -0.22909        1.07033        0.34924
1.042361        0.14237        0.15556        1.09262        0.15779        0.73513       -0.01326        1.30118       -0.22927        1.07121        0.33740
1.059315        0.13367        0.14639        1.09521        0.14142        0.73769       -0.01159        1.30410       -0.22945        1.07206        0.32558
1.076545        0.12531        0.13757        1.09785        0.12625        0.74031       -0.00997        1.30669       -0.22962        1.07290        0.31383
1.094055        0.11726        0.12905        1.10055        0.11215        0.74300       -0.00840        1.30897       -0.22979        1.07371        0.30212
1.111850        0.10954        0.12086        1.10332        0.09908        0.74576       -0.00688        1.31095       -0.22995        1.07451        0.29049
1.129934        0.10215        0.11299        1.10614        0.08701        0.74858       -0.00539        1.31262       -0.23011        1.07529        0.27894
1.148312        0.09511        0.10548        1.10903        0.07594        0.75148       -0.00395        1.31398       -0.23027        1.07604        0.26751
1.166990        0.08840        0.09830        1.11198        0.06575        0.75445       -0.00254        1.31506       -0.23043        1.07678        0.25619
1.185971        0.08202        0.09145        1.11499        0.05639        0.75748       -0.00115        1.31585       -0.23059        1.07749        0.24500
1.205261        0.07597        0.08494        1.11807        0.04781        0.76059        0.00021        1.31638       -0.23074        1.07818        0.23396
1.224865        0.07024        0.07875        1.12122        0.03996        0.76378        0.00157        1.31663       -0.23090        1.07885        0.22308
1.244787        0.06483        0.07289        1.12443        0.03276        0.76703        0.00292        1.31663       -0.23106        1.07950        0.21237
1.265034        0.05973        0.06735        1.12771        0.02616        0.77036        0.00429        1.31637       -0.23122        1.08013        0.20184
1.285610        0.05493        0.06213        1.13106        0.02009        0.77376        0.00568        1.31588       -0.23138        1.08074        0.19153
1.306520        0.05043        0.05722        1.13448        0.01450        0.77724        0.00711        1.31515       -0.23154        1.08133        0.18142
1.327771        0.04623        0.05260        1.13798        0.00932        0.78080        0.00858        1.31421       -0.23171        1.08190        0.17154
1.349367        0.04229        0.04828        1.14154        0.00448        0.78444        0.01012        1.31305       -0.23187        1.08245        0.16190
1.371315        0.03864        0.04425        1.14518       -0.00006        0.78816        0.01175        1.31168       -0.23205        1.08298        0.15252
1.393619        0.03525        0.04049        1.14890       -0.00437        0.79196        0.01349        1.31012       -0.23222        1.08349        0.14340
1.416287        0.03210        0.03700        1.15270       -0.00853        0.79585        0.01535        1.30836       -0.23239        1.08398        0.13455
1.439323        0.02918        0.03375        1.15657       -0.01258        0.79981        0.01736        1.30644       -0.23257        1.08445        0.12598
1.462733        0.02650        0.03075        1.16052       -0.01660        0.80387        0.01956        1.30433       -0.23276        1.08491        0.11771
1.486525        0.02403        0.02798        1.16456       -0.02064        0.80801        0.02196        1.30207       -0.23294        1.08534        0.10974
1.510703        0.02176        0.02542        1.16868       -0.02476        0.81224        0.02460        1.29965       -0.23313        1.08576        0.10206
1.535275        0.01968        0.02308        1.17288       -0.02905        0.81656        0.02752        1.29708       -0.23332        1.08616        0.09471
1.560246        0.01778        0.02093        1.17717       -0.03354        0.82098        0.03076        1.29437       -0.23352        1.08654        0.08765
1.585624        0.01605        0.01896        1.18155       -0.03833        0.82548        0.03436        1.29152       -0.23372        1.08691        0.08094
1.611414        0.01447        0.01716        1.18602       -0.04346        0.83008        0.03837        1.28855       -0.23392        1.08726        0.07453
1.637624        0.01304        0.01552        1.19059       -0.04903        0.83478        0.04284        1.28545       -0.23412        1.08760        0.06844
1.664260        0.01174        0.01403        1.19524       -0.05511        0.83957        0.04783        1.28223       -0.23433        1.08791        0.06268
1.691330        0.01057        0.01268        1.20000       -0.06176        0.84447        0.05339        1.27889       -0.23455        1.08821        0.05724
1.718839        0.00951        0.01145        1.20485       -0.06908        0.84946        0.05961        1.27545       -0.23476        1.08850        0.05211
1.746796        0.00855        0.01034        1.20980       -0.07715        0.85456        0.06655        1.27190       -0.23498        1.08877        0.04730
1.775208        0.00769        0.00934        1.21486       -0.08606        0.85975        0.07429        1.26825       -0.23521        1.08902        0.04280
1.804082        0.00692        0.00844        1.22002       -0.09590        0.86506        0.08291        1.26450       -0.23544        1.08926        0.03860
1.833425        0.00622        0.00762        1.22528       -0.10677        0.87046        0.09249        1.26066       -0.23567        1.08948        0.03469
1.863246        0.00560        0.00689        1.23066       -0.11877        0.87598        0.10315        1.25672       -0.23590        1.08968        0.03107
1.893552        0.00504        0.00623        1.23615       -0.13200        0.88160        0.11496        1.25269       -0.23614        1.08987        0.02773
1.924351        0.00454        0.00564        1.24176       -0.14656        0.88733        0.12804        1.24857       -0.23639        1.09004        0.02465
1.955651        0.00410        0.00511        1.24748       -0.16257        0.89317        0.14249        1.24436       -0.23664        1.09019        0.02183
1.987460        0.00370        0.00464        1.25332       -0.18013        0.89913        0.15841        1.24007       -0.23689        1.09033        0.01926
2.019786        0.00334        0.00421        1.25929       -0.19934        0.90519        0.17593        1.23569       -0.23715        1.09044        0.01692
2.052638        0.00303        0.00383        1.26539       -0.22034        0.91137        0.19517        1.23123       -0.23741        1.09054        0.01480
2.086024        0.00274        0.00349        1.27161       -0.24322        0.91767        0.21624        1.22669       -0.23767        1.09062        0.01289
2.119953        0.00249        0.00318        1.27796       -0.26807        0.92408        0.23925        1.22206       -0.23794        1.09068        0.01117
2.154435        0.00226        0.00290        1.28446       -0.29508        0.93062        0.26438        1.21737       -0.23822        1.09072        0.00000
2.189477        0.00206        0.00265        1.29109       -0.32429        0.93727        0.29171        1.21258       -0.23850        1.09073        0.00000
2.225089        0.00187        0.00243        1.29786       -0.35592        0.94405        0.32145        1.20770       -0.23878        1.09073        0.00000
2.261280        0.00171        0.00223        1.30478       -0.39007        0.95095        0.35373        1.20275       -0.23907        1.09070        0.00000
2.298060        0.00156        0.00205        1.31185       -0.42698        0.95797        0.38882        1.19771       -0.23936        1.09065        0.00000
2.335438        0.00143        0.00188        1.31907       -0.46692        0.96511        0.42698        1.19260       -0.23966        1.09057        0.00000
2.373424        0.00131        0.00173        1.32645       -0.51028        0.97237        0.46863        1.18740       -0.23997        1.09047        0.00000
2.412028        0.00119        0.00159        1.33399       -0.55777        0.97974        0.51447        1.18212       -0.24027        1.09034        0.00000
2.451260        0.00109        0.00146        1.34169       -0.61076        0.98719        0.56583        1.17676       -0.24059        1.09019        0.00000
2.491130        0.00099        0.00134        1.34957       -0.67265        0.99465        0.62595        1.17131       -0.24091        1.09001        0.00000
2.531648        0.00088        0.00119        1.35761       -0.75837        1.00183        0.70893        1.16580       -0.24123        1.08980        0.00000
2.572826        0.00079        0.00108        1.36567       -0.84492        1.00901        0.79397        1.16013       -0.24156        1.08960        0.00000
2.614673        0.00075        0.00103        1.37378       -0.88783        1.01716        0.83860        1.15433       -0.24188        1.08942        0.00000
2.657201        0.00072        0.00099        1.38202       -0.93145        1.02545        0.88395        1.14843       -0.24220        1.08923        0.00000
2.700421        0.00068        0.00095        1.39045       -0.97025        1.03406        0.92487        1.14245       -0.24254        1.08902        0.00000
2.744343        0.00067        0.00094        1.39942       -0.99039        1.04371        0.94870        1.13648       -0.24289        1.08863        0.00000
2.788980        0.00064        0.00091        1.40859       -1.03061        1.05318        0.99212        1.13043       -0.24324        1.08822        0.00000
2.834343        0.00061        0.00087        1.41796       -1.08249        1.06266        1.04732        1.12429       -0.24360        1.08776        0.00000
2.880444        0.00058        0.00083        1.42755       -1.14172        1.07223        1.11026        1.11807       -0.24397        1.08727        0.00000
2.927295        0.00055        0.00079        1.43735       -1.20601        1.08196        1.17886        1.11176       -0.24435        1.08673        0.00000
2.974908        0.00052        0.00075        1.44737       -1.27434        1.09187        1.25220        1.10536       -0.24473        1.08615        0.00000
3.023295        0.00049        0.00072        1.45763       -1.34618        1.10198        1.32984        1.09887       -0.24511        1.08553        0.00000
3.072469        0.00047        0.00068        1.46812       -1.42121        1.11231        1.41154        1.09230       -0.24550        1.08486        0.00000
3.122443        0.00044        0.00065        1.47885       -1.49925        1.12286        1.49721        1.08563       -0.24590        1.08415        0.00000
3.173230        0.00042        0.00062        1.48983       -1.58020        1.13365        1.58681        1.07888       -0.24631        1.08339        0.00000
3.224842        0.00040        0.00059        1.50106       -1.66399        1.14469        1.68036        1.07203       -0.24672        1.08258        0.00000
3.277295        0.00038        0.00057        1.51256       -1.75059        1.15598        1.77791        1.06510       -0.24714        1.08171        0.00000
3.330600        0.00036        0.00055        1.52432       -1.83998        1.16753        1.87951        1.05807       -0.24756        1.08080        0.00000
3.384773        0.00034        0.00052        1.53636       -1.93215        1.17936        1.98523        1.05095       -0.24799        1.07983        0.00000
3.439826        0.00032        0.00050        1.54868       -2.02710        1.19146        2.09519        1.04374       -0.24843        1.07880        0.00000
3.495776        0.00031        0.00048        1.56129       -2.12485        1.20386        2.20946        1.03644       -0.24888        1.07771        0.00000
3.552635        0.00029        0.00046        1.57420       -2.22541        1.21656        2.32816        1.02905       -0.24933        1.07656        0.00000
3.610419        0.00028        0.00045        1.58741       -2.32880        1.22957        2.45142        1.02157       -0.24979        1.07536        0.00000
3.669142        0.00027        0.00043        1.60094       -2.43505        1.24289        2.57934        1.01400       -0.25025        1.07408        0.00000
3.728821        0.00026        0.00042        1.61479       -2.54417        1.25655        2.71207        1.00634       -0.25072        1.07275        0.00000
3.789471        0.00025        0.00040        1.62898       -2.65620        1.27055        2.84974        0.99858       -0.25120        1.07134        0.00000
3.851107        0.00024        0.00039        1.64350       -2.77117        1.28489        2.99250        0.99074       -0.25169        1.06987        0.00000
3.913746        0.00023        0.00037        1.65838       -2.88911        1.29960        3.14050        0.98280       -0.25218        1.06832        0.00000
3.977403        0.00022        0.00036        1.67361       -3.01008        1.31468        3.29393        0.97478       -0.25269        1.06670        0.00000
4.042096        0.00021        0.00035        1.68922       -3.13408        1.33014        3.45292        0.96667       -0.25319        1.06501        0.00000
4.107841        0.00020        0.00034        1.70520       -3.26119        1.34600        3.61767        0.95847       -0.25371        1.06324        0.00000
4.174655        0.00019        0.00033        1.72158       -3.39142        1.36227        3.78835        0.95018       -0.25423        1.06139        0.00000
4.242556        0.00018        0.00032        1.73836       -3.52483        1.37896        3.96517        0.94181       -0.25476        1.05946        0.00000
4.311562        0.00018        0.00031        1.75555       -3.66147        1.39607        4.14832        0.93334       -0.25530        1.05745        0.00000
4.381690        0.00017        0.00030        1.77316       -3.80137        1.41364        4.33800        0.92480       -0.25585        1.05535        0.00000
4.452959        0.00016        0.00029        1.79122       -3.94460        1.43166        4.53445        0.91617       -0.25640        1.05317        0.00000
4.525386        0.00016        0.00028        1.80972       -4.09119        1.45016        4.73788        0.90745       -0.25696        1.05089        0.00000
4.598992        0.00015        0.00028        1.82868       -4.24121        1.46914        4.94853        0.89866       -0.25753        1.04853        0.00000
4.673795        0.00015        0.00027        1.84811       -4.39470        1.48863        5.16664        0.88978       -0.25811        1.04608        0.00000
4.749815        0.00014        0.00026        1.86804       -4.55172        1.50863        5.39248        0.88083       -0.25869        1.04353        0.00000
4.827071        0.00014        0.00026        1.88846       -4.71233        1.52917        5.62629        0.87180       -0.25928        1.04089        0.00000
4.905584        0.00013        0.00025        1.90940       -4.87657        1.55025        5.86836        0.86269       -0.25988        1.03814        0.00000
4.985373        0.00013        0.00024        1.93087       -5.04452        1.57190        6.11898        0.85351       -0.26049        1.03530        0.00000
5.066461        0.00012        0.00024        1.95288       -5.21623        1.59413        6.37844        0.84426       -0.26110        1.03236        0.00000
5.148867        0.00012        0.00023        1.97545       -5.39175        1.61697        6.64704        0.83493       -0.26173        1.02932        0.00000
5.232614        0.00011        0.00023        1.99860       -5.57116        1.64042        6.92510        0.82554       -0.26236        1.02617        0.00000
5.317723        0.00011        0.00022        2.02235       -5.75450        1.66450        7.21297        0.81608       -0.26299        1.02291        0.00000
5.404216        0.00011        0.00022        2.04670       -5.94185        1.68924        7.51096        0.80656       -0.26364        1.01955        0.00000
5.492116        0.00010        0.00021        2.07167       -6.13328        1.71465        7.81946        0.79697       -0.26429        1.01608        0.00000
5.581446        0.00010        0.00021        2.09729       -6.32883        1.74076        8.13881        0.78733       -0.26495        1.01249        0.00000
5.672229        0.00009        0.00020        2.12358       -6.52858        1.76757        8.46941        0.77763       -0.26562        1.00880        0.00000
5.764488        0.00009        0.00020        2.15054       -6.73260        1.79513        8.81164        0.76787       -0.26629        1.00499        0.00000
5.858248        0.00009        0.00019        2.17821       -6.94095        1.82343        9.16594        0.75806       -0.26697        1.00107        0.00000
5.953533        0.00009        0.00019        2.20659       -7.15369        1.85252        9.53269        0.74821       -0.26766        0.99703        0.00000
6.050368        0.00008        0.00019        2.23572       -7.37091        1.88240        9.91237        0.73831       -0.26835        0.99287        0.00000
6.148778        0.00008        0.00018        2.26560       -7.59265        1.91310       10.30541        0.72836       -0.26905        0.98860        0.00000
6.248788        0.00008        0.00018        2.29627       -7.81899        1.94465       10.71229        0.71838       -0.26976        0.98421        0.00000
6.350425        0.00008        0.00017        2.32775       -8.05000        1.97707       11.13350        0.70836       -0.27047        0.97970        0.00000
6.453715        0.00007        0.00017        2.36005       -8.28574        2.01038       11.56952        0.69831       -0.27119        0.97507        0.00000
6.558686        0.00007        0.00017        2.39321       -8.52629        2.04460       12.02092        0.68823       -0.27192        0.97031        0.00000
6.665363        0.00007        0.00017        2.42724       -8.77170        2.07977       12.48820        0.67813       -0.27265        0.96544        0.00000
6.773776        0.00007        0.00016        2.46217       -9.02205        2.11590       12.97192        0.66800       -0.27338        0.96045        0.00000
6.883952        0.00006        0.00016        2.49802       -9.27741        2.15303       13.47268        0.65785       -0.27412        0.95533        0.00000
6.995920        0.00006        0.00016        2.53482       -9.53783        2.19118       13.99106        0.64769       -0.27487        0.95009        0.00000
7.109709        0.00006        0.00015        2.57261       -9.80338        2.23037       14.52767        0.63751       -0.27562        0.94473        0.00000
7.225349        0.00006        0.00015        2.61139      -10.07413        2.27063       15.08313        0.62733       -0.27637        0.93925        0.00000
7.342870        0.00006        0.00015        2.65121      -10.35013        2.31200       15.65812        0.61715       -0.27713        0.93365        0.00000
7.462303        0.00005        0.00015        2.69209      -10.63145        2.35449       16.25332        0.60697       -0.27789        0.92793        0.00000
7.583678        0.00005        0.00014        2.73406      -10.91814        2.39814       16.86939        0.59679       -0.27866        0.92208        0.00000
7.707027        0.00005        0.00014        2.77715      -11.21026        2.44297       17.50708        0.58662       -0.27942        0.91612        0.00000
7.832383        0.00005        0.00014        2.82138      -11.50786        2.48902       18.16711        0.57646       -0.28019        0.91004        0.00000
7.959777        0.00005        0.00014        2.86680      -11.81099        2.53630       18.85025        0.56632       -0.28096        0.90384        0.00000
8.089243        0.00005        0.00014        2.91344      -12.11972        2.58486       19.55728        0.55620       -0.28173        0.89752        0.00000
8.220816        0.00004        0.00013        2.96131      -12.43406        2.63471       20.28900        0.54610       -0.28250        0.89109        0.00000
8.354528        0.00004        0.00013        3.01047      -12.75408        2.68589       21.04624        0.53603       -0.28327        0.88454        0.00000
8.490415        0.00004        0.00013        3.06094      -13.07979        2.73843       21.82986        0.52600       -0.28404        0.87788        0.00000
8.628513        0.00004        0.00013        3.11276      -13.41124        2.79235       22.64071        0.51600       -0.28481        0.87111        0.00000
8.768856        0.00004        0.00013        3.16597      -13.74845        2.84768       23.47971        0.50605       -0.28557        0.86423        0.00000
8.911482        0.00004        0.00012        3.22059      -14.09145        2.90445       24.34776        0.49614       -0.28633        0.85725        0.00000
9.056428        0.00004        0.00012        3.27667      -14.44025        2.96269       25.24581        0.48628       -0.28709        0.85016        0.00000
9.203732        0.00004        0.00012        3.33424      -14.79485        3.02243       26.17481        0.47647       -0.28785        0.84296        0.00000
9.353432        0.00003        0.00012        3.39334      -15.15528        3.08369       27.13576        0.46672       -0.28860        0.83567        0.00000
9.505566        0.00003        0.00012        3.45402      -15.52151        3.14649       28.12966        0.45703       -0.28934        0.82828        0.00000
9.660175        0.00003        0.00012        3.51630      -15.89353        3.21087       29.15754        0.44740       -0.29007        0.82079        0.00000
9.817298        0.00003        0.00011        3.58023      -16.27132        3.27684       30.22045        0.43785       -0.29080        0.81321        0.00000
9.976978        0.00003        0.00011        3.64586      -16.65485        3.34444       31.31943        0.42837       -0.29152        0.80554        0.00000
10.139254        0.00003        0.00011        3.71321      -17.04408        3.41367       32.45558        0.41896       -0.29223        0.79778        0.00000
10.304170        0.00003        0.00011        3.78233      -17.43896        3.48458       33.63004        0.40963       -0.29292        0.78995        0.00000
10.471768        0.00003        0.00011        3.85327      -17.83942        3.55716       34.84388        0.40038       -0.29361        0.78203        0.00000
10.642092        0.00003        0.00011        3.92606      -18.24538        3.63145       36.09827        0.39122       -0.29428        0.77403        0.00000
10.815187        0.00003        0.00010        4.00075      -18.65677        3.70746       37.39433        0.38215       -0.29493        0.76596        0.00000
10.991097        0.00003        0.00010        4.07737      -19.07348        3.78521       38.73322        0.37318       -0.29557        0.75783        0.00000
11.169868        0.00002        0.00010        4.15599      -19.49538        3.86470       40.11614        0.36430       -0.29620        0.74962        0.00000
11.351547        0.00002        0.00010        4.23662      -19.92235        3.94595       41.54425        0.35551       -0.29680        0.74135        0.00000
11.536181        0.00002        0.00010        4.31933      -20.35425        4.02898       43.01875        0.34683       -0.29739        0.73303        0.00000
11.723818        0.00002        0.00010        4.40415      -20.79089        4.11377       44.54081        0.33825       -0.29795        0.72465        0.00000
11.914507        0.00002        0.00010        4.49112      -21.23210        4.20035       46.11164        0.32978       -0.29849        0.71622        0.00000
12.108298        0.00002        0.00010        4.58030      -21.67769        4.28872       47.73244        0.32142       -0.29901        0.70774        0.00000
12.305240        0.00002        0.00010        4.67171      -22.12742        4.37886       49.40436        0.31317       -0.29951        0.69922        0.00000
12.505386        0.00002        0.00009        4.76540      -22.58108        4.47079       51.12860        0.30503       -0.29997        0.69067        0.00000
12.708787        0.00002        0.00009        4.86143      -23.03838        4.56449       52.90633        0.29701       -0.30041        0.68208        0.00000
12.915497        0.00002        0.00009        4.95981      -23.49906        4.65995       54.73868        0.28911       -0.30082        0.67345        0.00000
13.125568        0.00002        0.00009        5.06061      -23.96279        4.75717       56.62682        0.28133       -0.30120        0.66481        0.00000
13.339057        0.00002        0.00009        5.16385      -24.42928        4.85613       58.57182        0.27366       -0.30155        0.65614        0.00000
13.556018        0.00002        0.00009        5.26958      -24.89816        4.95681       60.57481        0.26612       -0.30186        0.64745        0.00000
13.776508        0.00002        0.00009        5.37784      -25.36906        5.05918       62.63684        0.25871       -0.30213        0.63875        0.00000
14.000584        0.00002        0.00009        5.48865      -25.84160        5.16324       64.75891        0.25142       -0.30237        0.63005        0.00000
14.228305        0.00002        0.00009        5.60206      -26.31535        5.26894       66.94205        0.24425       -0.30257        0.62134        0.00000
14.459729        0.00001        0.00008        5.71811      -26.78988        5.37626       69.18715        0.23721       -0.30273        0.61262        0.00000
14.694918        0.00001        0.00008        5.83681      -27.26472        5.48516       71.49514        0.23030       -0.30285        0.60392        0.00000
14.933932        0.00001        0.00008        5.95821      -27.73938        5.59560       73.86688        0.22352       -0.30293        0.59522        0.00000
15.176834        0.00001        0.00008        6.08234      -28.21334        5.70756       76.30312        0.21687       -0.30296        0.58654        0.00000
15.423686        0.00001        0.00008        6.20921      -28.68613        5.82097       78.80460        0.21035       -0.30294        0.57787        0.00000
15.674554        0.00001        0.00008        6.33885      -29.15711        5.93580       81.37203        0.20396       -0.30288        0.56923        0.00000
15.929502        0.00001        0.00008        6.47130      -29.62580        6.05201       84.00596        0.19771       -0.30277        0.56061        0.00000
16.188597        0.00001        0.00008        6.60656      -30.09154        6.16953       86.70695        0.19158       -0.30261        0.55202        0.00000
16.451906        0.00001        0.00008        6.74465      -30.55375        6.28831       89.47545        0.18558       -0.30239        0.54346        0.00000
16.719498        0.00001        0.00008        6.88558      -31.01180        6.40831       92.31184        0.17971       -0.30213        0.53495        0.00000
16.991442        0.00001        0.00008        7.02938      -31.46506        6.52947       95.21639        0.17398       -0.30181        0.52647        0.00000
17.267809        0.00001        0.00008        7.17604      -31.91288        6.65173       98.18938        0.16837       -0.30143        0.51805        0.00000
17.548671        0.00001        0.00007        7.32557      -32.35462        6.77504      101.23089        0.16290       -0.30100        0.50967        0.00000
17.834102        0.00001        0.00007        7.47797      -32.78959        6.89934      104.34102        0.15755       -0.30051        0.50135        0.00000
18.124175        0.00001        0.00007        7.63324      -33.21714        7.02459      107.51983        0.15233       -0.29995        0.49308        0.00000
18.418967        0.00001        0.00007        7.79137      -33.63662        7.15072      110.76713        0.14724       -0.29934        0.48488        0.00000
18.718553        0.00001        0.00007        7.95235      -34.04738        7.27769      114.08278        0.14228       -0.29867        0.47675        0.00000
19.023012        0.00001        0.00007        8.11617      -34.44877        7.40546      117.46659        0.13745       -0.29794        0.46868        0.00000
19.332423        0.00001        0.00007        8.28281      -34.84017        7.53400      120.91835        0.13274       -0.29714        0.46068        0.00000
19.646866        0.00001        0.00007        8.45225      -35.22100        7.66329      124.43771        0.12815       -0.29627        0.45277        0.00000
19.966425        0.00001        0.00007        8.62447      -35.59069        7.79330      128.02443        0.12369       -0.29534        0.44493        0.00000
20.291180        0.00001        0.00007        8.79943      -35.94875        7.92404      131.67822        0.11935       -0.29434        0.43717        0.00000
20.621218        0.00001        0.00007        8.97711      -36.29476        8.05555      135.39889        0.11513       -0.29328        0.42951        0.00000
20.956624        0.00001        0.00007        9.15746      -36.62838        8.18786      139.18642        0.11104       -0.29214        0.42193        0.00000
21.297485        0.00001        0.00007        9.34045      -36.94939        8.32107      143.04089        0.10706       -0.29092        0.41445        0.00000
21.643891        0.00001        0.00006        9.52604      -37.25769        8.45533      146.96273        0.10320       -0.28963        0.40707        0.00000
21.995931        0.00001        0.00006        9.71419      -37.55349        8.59083      150.95296        0.09946       -0.28826        0.39980        0.00000
22.353696        0.00001        0.00006        9.90486      -37.83724        8.72789      155.01322        0.09584       -0.28680        0.39264        0.00000
22.717281        0.00001        0.00006       10.09800      -38.10980        8.86697      159.14620        0.09233       -0.28525        0.38559        0.00000
23.086780        0.00001        0.00006       10.29358      -38.37276        9.00874      163.35660        0.08895       -0.28359        0.37867        0.00000
23.462288        0.00001        0.00006       10.49157      -38.62870        9.15420      167.65172        0.08569       -0.28181        0.37189        0.00000
23.843905        0.00001        0.00006       10.69197      -38.88180        9.30494      172.04334        0.08255       -0.27989        0.36527        0.00000
24.231728        0.00001        0.00006       10.89477      -39.13911        9.46350      176.55125        0.07955       -0.27778        0.35883        0.00000
24.625859        0.00001        0.00006       11.10005      -39.41294        9.63426      181.21006        0.07670       -0.27542        0.35263        0.00000
25.026401        0.00001        0.00006       11.30796      -39.72643        9.82543      186.08472        0.07403       -0.27268        0.34675        0.00000
25.433458        0.00001        0.00006       11.51882      -40.12795       10.05430      191.31092        0.07161       -0.26930        0.34138        0.00000
25.847135        0.00000        0.00006       11.73336      -40.73863       10.36476      197.22605        0.06961       -0.26462        0.33698        0.00000
26.267541        0.00000        0.00006       11.94382      -41.77109       10.86983      204.50145        0.06836       -0.25680        0.33452        0.00000
26.694785        0.00000        0.00006       12.12912      -42.64838       11.42397      211.69131        0.06698       -0.24793        0.33188        0.00000
27.128978        0.00000        0.00006       12.31744      -43.53993       11.98711      218.99812        0.06557       -0.23892        0.32920        0.00000
27.570233        0.00000        0.00005       12.50881      -44.44599       12.55942      226.42377        0.06415       -0.22977        0.32648        0.00000
28.018666        0.00000        0.00005       12.72289      -43.66756       12.40606      229.39489        0.06031       -0.23167        0.31675        0.00000
28.474392        0.00000        0.00005       12.95342      -42.03182       11.90687      230.06187        0.05553       -0.23884        0.30392        0.00000
28.937530        0.00000        0.00005       13.17758      -41.13500       11.73195      232.71380        0.05210       -0.24104        0.29468        0.00000
29.408202        0.00000        0.00005       13.39883      -40.48101       11.66366      236.05317        0.04919       -0.24156        0.28680        0.00000
29.886529        0.00000        0.00005       13.61784      -39.95372       11.65413      239.77639        0.04662       -0.24115        0.27975        0.00000
30.372636        0.00000        0.00005       13.83481      -39.49060       11.67850      243.71833        0.04428       -0.24016        0.27326        0.00000
30.866649        0.00000        0.00005       14.05050      -39.05566       11.72212      247.78772        0.04211       -0.23884        0.26713        0.00000
31.368698        0.00000        0.00005       14.26445      -38.63424       11.77983      251.94099        0.04008       -0.23725        0.26133        0.00000
31.878913        0.00000        0.00005       14.47700      -38.21374       11.84638      256.14566        0.03816       -0.23548        0.25576        0.00000
32.397426        0.00000        0.00005       14.68823      -37.78784       11.91927      260.38391        0.03634       -0.23357        0.25039        0.00000
32.924373        0.00000        0.00005       14.89754      -37.35164       11.99704      264.63564        0.03462       -0.23155        0.24523        0.00000
33.459891        0.00000        0.00005       15.10545      -36.90259       12.07808      268.89686        0.03297       -0.22943        0.24021        0.00000
34.004119        0.00000        0.00005       15.31143      -36.43809       12.16174      273.15423        0.03140       -0.22724        0.23534        0.00000
34.557199        0.00000        0.00005       15.51547      -35.95681       12.24730      277.40153        0.02990       -0.22498        0.23062        0.00000
35.119275        0.00000        0.00004       15.71778      -35.45841       12.33433      281.63879        0.02846       -0.22267        0.22601        0.00000
35.690493        0.00000        0.00004       15.91742      -34.94077       12.42246      285.84833        0.02708       -0.22030        0.22154        0.00000
36.271003        0.00000        0.00004       16.11503      -34.40491       12.51148      290.03829        0.02576       -0.21789        0.21718        0.00000
36.860954        0.00000        0.00004       16.31018      -33.85005       12.60118      294.19997        0.02450       -0.21544        0.21293        0.00000
37.460500        0.00000        0.00004       16.50251      -33.27581       12.69140      298.32634        0.02329       -0.21296        0.20879        0.00000
38.069799        0.00000        0.00004       16.69240      -32.68302       12.78212      302.42314        0.02213       -0.21044        0.20474        0.00000
38.689007        0.00000        0.00004       16.87900      -32.07074       12.87316      306.47535        0.02101       -0.20790        0.20080        0.00000
39.318288        0.00000        0.00004       17.06269      -31.43992       12.96455      310.48939        0.01994       -0.20533        0.19695        0.00000
39.957803        0.00000        0.00004       17.24332      -30.79065       13.05628      314.46224        0.01892       -0.20273        0.19318        0.00000
40.607720        0.00000        0.00004       17.42020      -30.12264       13.14824      318.38189        0.01793       -0.20011        0.18951        0.00000
41.268208        0.00000        0.00004       17.59392      -29.43696       13.24055      322.25886        0.01698       -0.19747        0.18592        0.00000
41.939440        0.00000        0.00004       17.76373      -28.73327       13.33314      326.08068        0.01608       -0.19481        0.18241        0.00000
42.621588        0.00000        0.00004       17.92974      -28.01212       13.42606      329.84899        0.01520       -0.19213        0.17899        0.00000
43.314832        0.00000        0.00004       18.09211      -27.27407       13.51941      333.56762        0.01436       -0.18944        0.17563        0.00000
44.019352        0.00000        0.00004       18.24982      -26.51876       13.61306      337.21859        0.01356       -0.18673        0.17235        0.00000
44.735331        0.00000        0.00004       18.40366      -25.74715       13.70722      340.81648        0.01278       -0.18400        0.16915        0.00000
45.462955        0.00000        0.00004       18.55304      -24.95924       13.80186      344.35117        0.01203       -0.18126        0.16601        0.00000
46.202414        0.00000        0.00004       18.69774      -24.15529       13.89702      347.81969        0.01132       -0.17851        0.16294        0.00000
46.953900        0.00000        0.00004       18.83818      -23.33575       13.99283      351.22962        0.01063       -0.17575        0.15992        0.00000
47.717609        0.00000        0.00003       18.97334      -22.50058       14.08924      354.56386        0.00996       -0.17298        0.15698        0.00000
48.493741        0.00000        0.00003       19.10385      -21.65020       14.18641      357.83399        0.00932       -0.17019        0.15409        0.00000
49.282496        0.00000        0.00003       19.22944      -20.78474       14.28438      361.03511        0.00871       -0.16740        0.15126        0.00000
50.084080        0.00000        0.00003       19.34953      -19.90428       14.38318      364.15859        0.00812       -0.16459        0.14849        0.00000
50.898702        0.00000        0.00003       19.46475      -19.00900       14.48295      367.21540        0.00755       -0.16178        0.14577        0.00000
51.726574        0.00000        0.00003       19.57425      -18.09890       14.58371      370.19111        0.00700       -0.15895        0.14310        0.00000
52.567911        0.00000        0.00003       19.67835      -17.17402       14.68555      373.09181        0.00647       -0.15612        0.14048        0.00000
53.422933        0.00000        0.00003       19.77714      -16.23429       14.78859      375.91957        0.00596       -0.15327        0.13790        0.00000
54.291862        0.00000        0.00003       19.86967      -15.27962       14.89285      378.65828        0.00546       -0.15042        0.13537        0.00000
55.174924        0.00000        0.00003       19.95682      -14.30980       14.99849      381.32329        0.00499       -0.14756        0.13288        0.00000
56.072349        0.00000        0.00003       20.03791      -13.32462       15.10554      383.90345        0.00453       -0.14469        0.13043        0.00000
56.984371        0.00000        0.00003       20.11291      -12.32372       15.21412      386.39789        0.00408       -0.14182        0.12802        0.00000
57.911226        0.00000        0.00003       20.18223      -11.30669       15.32433      388.81445        0.00365       -0.13893        0.12564        0.00000
58.853158        0.00000        0.00003       20.24478      -10.27299       15.43624      391.13407        0.00324       -0.13603        0.12329        0.00000
59.810410        0.00000        0.00003       20.30142       -9.22199       15.54999      393.37182        0.00284       -0.13313        0.12098        0.00000
60.783231        0.00000        0.00003       20.35175       -8.15296       15.66566      395.52067        0.00245       -0.13021        0.11870        0.00000
61.771876        0.00000        0.00003       20.39538       -7.06489       15.78338      397.57378        0.00207       -0.12729        0.11644        0.00000
62.776601        0.00000        0.00003       20.43292       -5.95695       15.90323      399.54184        0.00170       -0.12436        0.11420        0.00000
63.797668        0.00000        0.00002       20.46350       -4.82759       16.02539      401.40890        0.00135       -0.12141        0.11199        0.00000
64.835343        0.00000        0.00002       20.48760       -3.67560       16.14993      403.18336        0.00100       -0.11846        0.10980        0.00000
65.889896        0.00000        0.00002       20.50521       -2.49948       16.27699      404.86492        0.00066       -0.11549        0.10762        0.00000
66.961601        0.00000        0.00002       20.51559       -1.29660       16.40674      406.43938        0.00034       -0.11251        0.10545        0.00000
68.050737        0.00000        0.00002       20.51955       -0.06570       16.53927      407.92083        0.00002       -0.10952        0.10330        0.00000
69.157588        0.00000        0.00002       20.51640        1.19656       16.67478      409.29637       -0.00030       -0.10652        0.10115        0.00000
70.282443        0.00000        0.00002       20.50629        2.49305       16.81342      410.56720       -0.00060       -0.10350        0.09901        0.00000
71.425593        0.00000        0.00002       20.48954        3.82601       16.95528      411.73910       -0.00090       -0.10046        0.09687        0.00000
72.587337        0.00000        0.00002       20.46512        5.20240       17.10072      412.79124       -0.00119       -0.09741        0.09473        0.00000
73.767976        0.00000        0.00002       20.43396        6.62394       17.24975      413.73969       -0.00148       -0.09435        0.09258        0.00000
74.967819        0.00000        0.00002       20.39559        8.09738       17.40265      414.57446       -0.00177       -0.09126        0.09042        0.00000
76.187177        0.00000        0.00002       20.34980        9.63054       17.55969      415.28936       -0.00205       -0.08816        0.08824        0.00000
77.426368        0.00000        0.00002       20.29709       11.22766       17.72097      415.89252       -0.00232       -0.08503        0.08605        0.00000
78.685715        0.00000        0.00002       20.23660       12.90385       17.88699      416.36483       -0.00260       -0.08188        0.08383        0.00000
79.965545        0.00000        0.00002       20.16889       14.66603       18.05786      416.71505       -0.00287       -0.07870        0.08158        0.00000
81.266192        0.00000        0.00002       20.09382       16.52783       18.23393      416.93771       -0.00314       -0.07550        0.07928        0.00000
82.587994        0.00000        0.00002       20.01083       18.51428       18.41581      417.01729       -0.00341       -0.07226        0.07694        0.00000
83.931295        0.00000        0.00002       19.92055       20.63675       18.60365      416.96427       -0.00369       -0.06898        0.07455        0.00000
85.296445        0.00000        0.00001       19.82224       22.93553       18.79830      416.75770       -0.00397       -0.06566        0.07207        0.00000
86.683799        0.00000        0.00001       19.71606       25.44576       19.00034      416.39610       -0.00425       -0.06229        0.06952        0.00000
88.093719        0.00000        0.00001       19.60211       28.20854       19.21042      415.87694       -0.00453       -0.05885        0.06685        0.00000
89.526571        0.00000        0.00001       19.47937       31.34098       19.43060      415.16491       -0.00483       -0.05533        0.06404        0.00000
90.982729        0.00000        0.00001       19.34842       34.92246       19.66185      414.26625       -0.00514       -0.05169        0.06104        0.00000
92.462571        0.00000        0.00001       19.20837       39.18213       19.90765      413.14141       -0.00548       -0.04789        0.05778        0.00000
93.966483        0.00000        0.00001       19.05846       44.57541       20.17450      411.73843       -0.00585       -0.04381        0.05409        0.00000
95.494856        0.00000        0.00001       18.89808       52.01011       20.47494      409.97887       -0.00630       -0.03920        0.04965        0.00000
