x               rho            P              T            ur           uphi        uz         Br           Bphi        Bz
0.010000        0.99994        0.99994        1.000        1.000        1.00       -0.0       -0.010       -0.01       -0.0
0.010163        0.99993        0.99994        1.000        1.000        1.00       -0.0       -0.010       -0.01       -0.0
0.010328        0.99993        0.99994        1.000        1.000        1.00       -0.0       -0.010       -0.01       -0.0
0.010496        0.99993        0.99993        1.000        1.000        1.00       -0.0       -0.010       -0.01       -0.0
0.010667        0.99992        0.99993        1.000        1.000        1.00       -0.0       -0.011       -0.01       -0.0
0.010840        0.99992        0.99993        1.000        1.000        1.00       -0.0       -0.011       -0.01       -0.0
0.011016        0.99992        0.99992        1.000        1.000        1.00       -0.0       -0.011       -0.01       -0.0
0.011196        0.99991        0.99992        1.000        1.000        1.00       -0.0       -0.011       -0.01       -0.0
0.011378        0.99991        0.99992        1.000        1.000        1.00       -0.0       -0.011       -0.01       -0.0
0.011563        0.99991        0.99991        1.000        1.000        1.00       -0.0       -0.012       -0.01       -0.0
0.011751        0.99990        0.99991        1.000        1.000        1.00       -0.0       -0.012       -0.01       -0.0
0.011942        0.99990        0.99991        1.000        1.000        1.00       -0.0       -0.012       -0.01       -0.0
0.012136        0.99990        0.99990        1.000        1.000        1.00       -0.0       -0.012       -0.01       -0.0
0.012334        0.99989        0.99990        1.000        1.000        1.00       -0.0       -0.012       -0.01       -0.0
0.012534        0.99989        0.99990        1.000        1.000        1.00       -0.0       -0.013       -0.01       -0.0
0.012738        0.99988        0.99989        1.000        1.000        1.00       -0.0       -0.013       -0.01       -0.0
0.012945        0.99988        0.99989        1.000        1.000        1.00       -0.0       -0.013       -0.01       -0.0
0.013156        0.99988        0.99988        1.000        1.000        1.00       -0.0       -0.013       -0.01       -0.0
0.013370        0.99987        0.99988        1.000        1.000        1.00       -0.0       -0.013       -0.01       -0.0
0.013587        0.99987        0.99988        1.000        1.000        1.00       -0.0       -0.014       -0.01       -0.0
0.013808        0.99986        0.99987        1.000        1.000        1.00       -0.0       -0.014       -0.01       -0.0
0.014033        0.99986        0.99987        1.000        1.000        1.00       -0.0       -0.014       -0.01       -0.0
0.014261        0.99985        0.99986        1.000        1.000        1.00       -0.0       -0.014       -0.01       -0.0
0.014493        0.99985        0.99986        1.000        1.000        1.00       -0.0       -0.014       -0.01       -0.0
0.014729        0.99985        0.99986        1.000        1.000        1.00       -0.0       -0.015       -0.01       -0.0
0.014968        0.99984        0.99985        1.000        1.000        1.00       -0.0       -0.015       -0.01       -0.0
0.015212        0.99984        0.99985        1.000        1.000        1.00       -0.0       -0.015       -0.02       -0.0
0.015459        0.99983        0.99984        1.000        1.000        1.00       -0.0       -0.015       -0.02       -0.0
0.015711        0.99983        0.99984        1.000        1.000        1.00       -0.0       -0.016       -0.02       -0.0
0.015966        0.99982        0.99983        1.000        1.000        1.00       -0.0       -0.016       -0.02       -0.0
0.016226        0.99982        0.99983        1.000        1.000        1.00       -0.0       -0.016       -0.02       -0.0
0.016490        0.99981        0.99982        1.000        1.000        1.00       -0.0       -0.016       -0.02       -0.0
0.016758        0.99981        0.99982        1.000        1.000        1.00       -0.0       -0.017       -0.02       -0.0
0.017031        0.99980        0.99981        1.000        1.000        1.00       -0.0       -0.017       -0.02       -0.0
0.017308        0.99980        0.99981        1.000        1.000        1.00       -0.0       -0.017       -0.02       -0.0
0.017589        0.99979        0.99980        1.000        1.000        1.00       -0.0       -0.018       -0.02       -0.0
0.017875        0.99978        0.99980        1.000        1.000        1.00       -0.0       -0.018       -0.02       -0.0
0.018166        0.99978        0.99979        1.000        1.000        1.00       -0.0       -0.018       -0.02       -0.0
0.018461        0.99977        0.99979        1.000        1.000        1.00       -0.0       -0.018       -0.02       -0.0
0.018762        0.99977        0.99978        1.000        1.000        1.00       -0.0       -0.019       -0.02       -0.0
0.019067        0.99976        0.99978        1.000        1.000        1.00       -0.0       -0.019       -0.02       -0.0
0.019377        0.99976        0.99977        1.000        1.000        1.00       -0.0       -0.019       -0.02       -0.0
0.019692        0.99975        0.99977        1.000        1.000        1.00       -0.0       -0.020       -0.02       -0.0
0.020012        0.99974        0.99976        1.000        1.000        1.00       -0.0       -0.020       -0.02       -0.0
0.020338        0.99973        0.99975        1.000        1.000        1.00       -0.0       -0.020       -0.02       -0.0
0.020669        0.99972        0.99974        1.000        1.000        1.00       -0.0       -0.021       -0.02       -0.0
0.021005        0.99971        0.99973        1.000        1.000        1.00       -0.0       -0.021       -0.02       -0.0
0.021347        0.99970        0.99972        1.000        1.000        1.00       -0.0       -0.021       -0.02       -0.0
0.021694        0.99969        0.99971        1.000        1.000        1.00       -0.0       -0.022       -0.02       -0.0
0.022047        0.99968        0.99970        1.000        1.000        1.00       -0.0       -0.022       -0.02       -0.0
0.022405        0.99967        0.99969        1.000        1.000        1.00       -0.0       -0.022       -0.02       -0.0
0.022770        0.99966        0.99968        1.000        1.000        1.00       -0.0       -0.023       -0.02       -0.0
0.023140        0.99964        0.99967        1.000        1.001        1.00       -0.0       -0.023       -0.02       -0.0
0.023516        0.99963        0.99965        1.000        1.001        1.00       -0.0       -0.024       -0.02       -0.0
0.023899        0.99962        0.99964        1.000        1.001        1.00       -0.0       -0.024       -0.02       -0.0
0.024288        0.99961        0.99963        1.000        1.001        1.00       -0.0       -0.024       -0.02       -0.0
0.024683        0.99959        0.99962        1.000        1.001        1.00       -0.0       -0.025       -0.02       -0.0
0.025084        0.99958        0.99961        1.000        1.001        1.00       -0.0       -0.025       -0.03       -0.0
0.025492        0.99957        0.99960        1.000        1.001        1.00       -0.0       -0.025       -0.03       -0.0
0.025907        0.99955        0.99958        1.000        1.001        1.00       -0.0       -0.026       -0.03       -0.0
0.026328        0.99954        0.99957        1.000        1.001        1.00       -0.0       -0.026       -0.03       -0.0
0.026756        0.99953        0.99956        1.000        1.001        1.00       -0.0       -0.027       -0.03       -0.0
0.027192        0.99951        0.99954        1.000        1.001        1.00       -0.0       -0.027       -0.03       -0.0
0.027634        0.99950        0.99953        1.000        1.001        1.00       -0.0       -0.028       -0.03       -0.0
0.028083        0.99948        0.99952        1.000        1.001        1.00       -0.0       -0.028       -0.03       -0.0
0.028540        0.99947        0.99950        1.000        1.001        1.00       -0.0       -0.029       -0.03       -0.0
0.029004        0.99946        0.99949        1.000        1.001        1.00       -0.0       -0.029       -0.03       -0.0
0.029476        0.99944        0.99948        1.000        1.001        1.00       -0.0       -0.029       -0.03       -0.0
0.029955        0.99942        0.99946        1.000        1.001        1.00       -0.0       -0.030       -0.03       -0.0
0.030443        0.99940        0.99944        1.000        1.001        1.00       -0.0       -0.030       -0.03       -0.0
0.030938        0.99938        0.99942        1.000        1.001        1.00       -0.0       -0.031       -0.03       -0.0
0.031441        0.99936        0.99940        1.000        1.001        1.00       -0.0       -0.031       -0.03       -0.0
0.031952        0.99934        0.99938        1.000        1.001        1.00       -0.0       -0.032       -0.03       -0.0
0.032472        0.99931        0.99936        1.000        1.001        1.00       -0.0       -0.032       -0.03       -0.0
0.033000        0.99929        0.99933        1.000        1.001        1.00       -0.0       -0.033       -0.03       -0.0
0.033537        0.99927        0.99931        1.000        1.001        1.00       -0.0       -0.034       -0.03       -0.0
0.034083        0.99924        0.99929        1.000        1.001        1.00       -0.0       -0.034       -0.03       -0.0
0.034637        0.99922        0.99927        1.000        1.001        1.00       -0.0       -0.035       -0.03       -0.0
0.035200        0.99919        0.99924        1.000        1.001        1.00       -0.0       -0.035       -0.04       -0.0
0.035773        0.99916        0.99922        1.000        1.001        1.00       -0.0       -0.036       -0.04       -0.0
0.036355        0.99914        0.99919        1.000        1.001        1.00       -0.0       -0.036       -0.04       -0.0
0.036946        0.99911        0.99917        1.000        1.001        1.00       -0.0       -0.037       -0.04       -0.0
0.037547        0.99908        0.99914        1.000        1.001        1.00       -0.0       -0.038       -0.04       -0.0
0.038158        0.99906        0.99912        1.000        1.001        1.00       -0.0       -0.038       -0.04       -0.0
0.038778        0.99903        0.99909        1.000        1.001        1.00       -0.0       -0.039       -0.04       -0.0
0.039409        0.99900        0.99906        1.000        1.001        1.00       -0.0       -0.039       -0.04       -0.0
0.040050        0.99897        0.99904        1.000        1.001        1.00       -0.0       -0.040       -0.04       -0.0
0.040701        0.99894        0.99900        1.000        1.002        1.00       -0.0       -0.041       -0.04       -0.0
0.041363        0.99890        0.99897        1.000        1.002        1.00       -0.0       -0.041       -0.04       -0.0
0.042036        0.99886        0.99893        1.000        1.002        1.00       -0.0       -0.042       -0.04       -0.0
0.042720        0.99882        0.99889        1.000        1.002        1.00       -0.0       -0.043       -0.04       -0.0
0.043415        0.99878        0.99886        1.000        1.002        1.00       -0.0       -0.043       -0.04       -0.0
0.044121        0.99874        0.99882        1.000        1.002        1.00       -0.0       -0.044       -0.04       -0.0
0.044839        0.99870        0.99878        1.000        1.002        1.00       -0.0       -0.045       -0.04       -0.0
0.045568        0.99865        0.99874        1.000        1.002        1.00       -0.0       -0.046       -0.05       -0.0
0.046309        0.99861        0.99870        1.000        1.002        1.00       -0.0       -0.046       -0.05       -0.0
0.047062        0.99857        0.99866        1.000        1.002        1.00       -0.0       -0.047       -0.05       -0.0
0.047828        0.99852        0.99862        1.000        1.002        1.00       -0.0       -0.048       -0.05       -0.0
0.048606        0.99848        0.99857        1.000        1.002        1.00       -0.0       -0.049       -0.05       -0.0
0.049396        0.99843        0.99853        1.000        1.002        1.00       -0.0       -0.049       -0.05       -0.0
0.050200        0.99838        0.99849        1.000        1.002        1.00       -0.0       -0.050       -0.05       -0.1
0.051016        0.99833        0.99843        1.000        1.002        1.00       -0.0       -0.051       -0.05       -0.1
0.051846        0.99827        0.99838        1.000        1.002        1.00       -0.0       -0.052       -0.05       -0.1
0.052689        0.99821        0.99832        1.000        1.003        1.00       -0.0       -0.053       -0.05       -0.1
0.053546        0.99815        0.99827        1.000        1.003        1.00       -0.0       -0.054       -0.05       -0.1
0.054417        0.99809        0.99821        1.000        1.003        1.00       -0.0       -0.054       -0.05       -0.1
0.055302        0.99802        0.99815        1.000        1.003        1.00       -0.0       -0.055       -0.06       -0.1
0.056202        0.99796        0.99809        1.000        1.003        1.00       -0.0       -0.056       -0.06       -0.1
0.057116        0.99790        0.99803        1.000        1.003        1.00       -0.0       -0.057       -0.06       -0.1
0.058045        0.99783        0.99797        1.000        1.003        1.00       -0.0       -0.058       -0.06       -0.1
0.058989        0.99776        0.99791        1.000        1.003        1.00       -0.0       -0.059       -0.06       -0.1
0.059948        0.99770        0.99784        1.000        1.003        1.00       -0.0       -0.060       -0.06       -0.1
0.060923        0.99762        0.99777        1.000        1.003        1.00       -0.0       -0.061       -0.06       -0.1
0.061914        0.99753        0.99769        1.000        1.003        1.00       -0.0       -0.062       -0.06       -0.1
0.062921        0.99745        0.99761        1.000        1.004        1.00       -0.0       -0.063       -0.06       -0.1
0.063945        0.99737        0.99753        1.000        1.004        1.00       -0.0       -0.064       -0.06       -0.1
0.064985        0.99728        0.99745        1.000        1.004        1.00       -0.0       -0.065       -0.07       -0.1
0.066042        0.99719        0.99737        1.000        1.004        1.00       -0.0       -0.066       -0.07       -0.1
0.067116        0.99710        0.99728        1.000        1.004        1.00       -0.0       -0.067       -0.07       -0.1
0.068208        0.99701        0.99720        1.000        1.004        1.00       -0.0       -0.068       -0.07       -0.1
0.069317        0.99692        0.99711        1.000        1.004        1.00       -0.0       -0.069       -0.07       -0.1
0.070445        0.99682        0.99702        1.000        1.004        1.00       -0.0       -0.071       -0.07       -0.1
0.071590        0.99671        0.99692        1.000        1.005        1.00       -0.1       -0.072       -0.07       -0.1
0.072755        0.99660        0.99681        1.000        1.005        1.00       -0.1       -0.073       -0.07       -0.1
0.073938        0.99648        0.99670        1.000        1.005        1.00       -0.1       -0.074       -0.07       -0.1
0.075141        0.99637        0.99660        1.000        1.005        1.00       -0.1       -0.075       -0.08       -0.1
0.076363        0.99625        0.99649        1.000        1.005        1.00       -0.1       -0.076       -0.08       -0.1
0.077605        0.99613        0.99637        1.000        1.005        1.00       -0.1       -0.078       -0.08       -0.1
0.078867        0.99601        0.99626        1.000        1.006        1.00       -0.1       -0.079       -0.08       -0.1
0.080150        0.99589        0.99614        1.000        1.006        1.00       -0.1       -0.080       -0.08       -0.1
0.081454        0.99574        0.99601        1.000        1.006        1.00       -0.1       -0.082       -0.08       -0.1
0.082779        0.99560        0.99588        1.000        1.006        1.00       -0.1       -0.083       -0.08       -0.1
0.084125        0.99545        0.99574        1.000        1.006        1.00       -0.1       -0.084       -0.08       -0.1
0.085493        0.99530        0.99560        1.000        1.007        1.00       -0.1       -0.086       -0.09       -0.1
0.086884        0.99515        0.99546        1.000        1.007        1.00       -0.1       -0.087       -0.09       -0.1
0.088297        0.99500        0.99531        1.000        1.007        1.00       -0.1       -0.088       -0.09       -0.1
0.089733        0.99484        0.99517        1.000        1.007        1.00       -0.1       -0.090       -0.09       -0.1
0.091193        0.99467        0.99500        1.000        1.007        1.00       -0.1       -0.091       -0.09       -0.1
0.092676        0.99449        0.99484        1.000        1.008        1.00       -0.1       -0.093       -0.09       -0.1
0.094183        0.99430        0.99466        1.000        1.008        1.00       -0.1       -0.094       -0.09       -0.1
0.095715        0.99412        0.99449        1.000        1.008        1.00       -0.1       -0.096       -0.10       -0.1
0.097272        0.99393        0.99431        1.000        1.008        1.00       -0.1       -0.097       -0.10       -0.1
0.098854        0.99374        0.99413        1.000        1.009        1.00       -0.1       -0.099       -0.10       -0.1
0.100462        0.99354        0.99394        1.000        1.009        1.00       -0.1       -0.101       -0.10       -0.1
0.102096        0.99332        0.99374        1.000        1.009        1.00       -0.1       -0.102       -0.10       -0.1
0.103757        0.99309        0.99353        1.000        1.010        1.00       -0.1       -0.104       -0.10       -0.1
0.105444        0.99287        0.99332        1.000        1.010        1.00       -0.1       -0.106       -0.11       -0.1
0.107159        0.99264        0.99310        1.000        1.010        1.00       -0.1       -0.107       -0.11       -0.1
0.108902        0.99240        0.99288        1.000        1.011        1.00       -0.1       -0.109       -0.11       -0.1
0.110674        0.99216        0.99265        1.000        1.011        1.00       -0.1       -0.111       -0.11       -0.1
0.112474        0.99189        0.99240        1.001        1.011        1.00       -0.1       -0.113       -0.11       -0.1
0.114303        0.99162        0.99215        1.001        1.012        1.00       -0.1       -0.115       -0.11       -0.1
0.116162        0.99135        0.99189        1.001        1.012        1.00       -0.1       -0.117       -0.12       -0.1
0.118052        0.99107        0.99163        1.001        1.012        1.00       -0.1       -0.118       -0.12       -0.1
0.119972        0.99079        0.99137        1.001        1.013        1.00       -0.1       -0.120       -0.12       -0.1
0.121923        0.99048        0.99108        1.001        1.013        1.00       -0.1       -0.122       -0.12       -0.1
0.123906        0.99016        0.99078        1.001        1.014        1.00       -0.1       -0.124       -0.12       -0.1
0.125922        0.98984        0.99048        1.001        1.014        1.00       -0.1       -0.126       -0.13       -0.1
0.127970        0.98951        0.99017        1.001        1.014        1.00       -0.1       -0.128       -0.13       -0.1
0.130051        0.98918        0.98986        1.001        1.015        1.00       -0.1       -0.131       -0.13       -0.1
0.132166        0.98882        0.98952        1.001        1.015        1.00       -0.1       -0.133       -0.13       -0.1
0.134316        0.98844        0.98917        1.001        1.016        1.00       -0.1       -0.135       -0.13       -0.1
0.136501        0.98807        0.98882        1.001        1.016        1.00       -0.1       -0.137       -0.14       -0.1
0.138721        0.98768        0.98846        1.001        1.017        1.00       -0.1       -0.139       -0.14       -0.1
0.140977        0.98728        0.98809        1.001        1.017        1.00       -0.1       -0.142       -0.14       -0.1
0.143270        0.98686        0.98769        1.001        1.018        1.00       -0.1       -0.144       -0.14       -0.1
0.145601        0.98643        0.98729        1.001        1.019        1.00       -0.1       -0.146       -0.15       -0.1
0.147969        0.98599        0.98688        1.001        1.019        1.00       -0.1       -0.149       -0.15       -0.1
0.150376        0.98554        0.98646        1.001        1.020        1.00       -0.1       -0.151       -0.15       -0.2
0.152821        0.98506        0.98600        1.001        1.020        1.00       -0.1       -0.154       -0.15       -0.2
0.155307        0.98457        0.98554        1.001        1.021        1.00       -0.1       -0.156       -0.16       -0.2
0.157833        0.98407        0.98507        1.001        1.022        1.00       -0.1       -0.159       -0.16       -0.2
0.160400        0.98356        0.98460        1.001        1.022        1.00       -0.1       -0.161       -0.16       -0.2
0.163009        0.98301        0.98408        1.001        1.023        1.00       -0.1       -0.164       -0.16       -0.2
0.165661        0.98245        0.98356        1.001        1.024        1.00       -0.1       -0.167       -0.17       -0.2
0.168355        0.98188        0.98303        1.001        1.024        1.00       -0.1       -0.169       -0.17       -0.2
0.171093        0.98129        0.98248        1.001        1.025        1.00       -0.1       -0.172       -0.17       -0.2
0.173876        0.98067        0.98190        1.001        1.026        1.00       -0.1       -0.175       -0.18       -0.2
0.176704        0.98004        0.98131        1.001        1.027        1.00       -0.1       -0.178       -0.18       -0.2
0.179578        0.97940        0.98071        1.001        1.028        1.00       -0.1       -0.181       -0.18       -0.2
0.182499        0.97872        0.98007        1.001        1.028        1.00       -0.1       -0.184       -0.18       -0.2
0.185468        0.97802        0.97942        1.001        1.029        1.00       -0.1       -0.187       -0.19       -0.2
0.188484        0.97731        0.97875        1.001        1.030        1.00       -0.1       -0.190       -0.19       -0.2
0.191550        0.97657        0.97806        1.002        1.031        1.00       -0.1       -0.193       -0.19       -0.2
0.194666        0.97580        0.97734        1.002        1.032        1.00       -0.1       -0.196       -0.20       -0.2
0.197832        0.97502        0.97660        1.002        1.033        1.00       -0.1       -0.200       -0.20       -0.2
0.201050        0.97421        0.97584        1.002        1.034        1.00       -0.1       -0.203       -0.20       -0.2
0.204320        0.97336        0.97505        1.002        1.035        1.00       -0.1       -0.206       -0.21       -0.2
0.207643        0.97249        0.97424        1.002        1.036        1.00       -0.2       -0.210       -0.21       -0.2
0.211020        0.97160        0.97340        1.002        1.037        1.00       -0.2       -0.213       -0.21       -0.2
0.214453        0.97067        0.97253        1.002        1.038        1.00       -0.2       -0.217       -0.22       -0.2
0.217941        0.96971        0.97164        1.002        1.039        1.00       -0.2       -0.220       -0.22       -0.2
0.221486        0.96873        0.97072        1.002        1.040        1.00       -0.2       -0.224       -0.22       -0.2
0.225088        0.96770        0.96975        1.002        1.042        1.00       -0.2       -0.228       -0.23       -0.2
0.228749        0.96666        0.96878        1.002        1.043        1.00       -0.2       -0.231       -0.23       -0.2
0.232470        0.96557        0.96776        1.002        1.044        1.00       -0.2       -0.235       -0.24       -0.2
0.236251        0.96445        0.96670        1.002        1.045        1.00       -0.2       -0.239       -0.24       -0.2
0.240093        0.96330        0.96564        1.002        1.046        1.00       -0.2       -0.243       -0.24       -0.2
0.243999        0.96209        0.96450        1.003        1.048        1.00       -0.2       -0.247       -0.25       -0.2
0.247967        0.96087        0.96335        1.003        1.049        1.00       -0.2       -0.251       -0.25       -0.3
0.252000        0.95959        0.96216        1.003        1.050        1.00       -0.2       -0.255       -0.26       -0.3
0.256099        0.95828        0.96093        1.003        1.052        1.00       -0.2       -0.260       -0.26       -0.3
0.260265        0.95693        0.95967        1.003        1.053        1.00       -0.2       -0.264       -0.26       -0.3
0.264498        0.95552        0.95835        1.003        1.054        1.00       -0.2       -0.268       -0.27       -0.3
0.268800        0.95408        0.95701        1.003        1.056        1.00       -0.2       -0.273       -0.27       -0.3
0.273172        0.95258        0.95560        1.003        1.057        1.00       -0.2       -0.277       -0.28       -0.3
0.277615        0.95105        0.95417        1.003        1.058        1.00       -0.2       -0.282       -0.28       -0.3
0.282131        0.94946        0.95268        1.003        1.060        1.00       -0.2       -0.287       -0.29       -0.3
0.286720        0.94782        0.95114        1.004        1.061        1.00       -0.2       -0.291       -0.29       -0.3
0.291383        0.94613        0.94957        1.004        1.063        1.00       -0.2       -0.296       -0.30       -0.3
0.296123        0.94438        0.94793        1.004        1.064        1.00       -0.2       -0.301       -0.30       -0.3
0.300939        0.94258        0.94625        1.004        1.065        1.00       -0.2       -0.306       -0.31       -0.3
0.305834        0.94071        0.94450        1.004        1.067        1.00       -0.2       -0.311       -0.31       -0.3
0.310808        0.93881        0.94272        1.004        1.068        1.00       -0.2       -0.316       -0.32       -0.3
0.315864        0.93681        0.94086        1.004        1.069        1.00       -0.2       -0.322       -0.32       -0.3
0.321001        0.93478        0.93895        1.004        1.071        1.00       -0.2       -0.327       -0.33       -0.3
0.326222        0.93266        0.93697        1.005        1.072        1.00       -0.2       -0.332       -0.33       -0.3
0.331528        0.93050        0.93495        1.005        1.073        1.00       -0.2       -0.338       -0.34       -0.3
0.336921        0.92825        0.93284        1.005        1.074        1.00       -0.3       -0.344       -0.34       -0.3
0.342401        0.92593        0.93068        1.005        1.075        1.00       -0.3       -0.349       -0.35       -0.3
0.347970        0.92355        0.92845        1.005        1.076        1.00       -0.3       -0.355       -0.36       -0.4
0.353630        0.92108        0.92615        1.006        1.077        1.00       -0.3       -0.361       -0.36       -0.4
0.359381        0.91855        0.92378        1.006        1.077        1.00       -0.3       -0.367       -0.37       -0.4
0.365227        0.91591        0.92132        1.006        1.078        1.00       -0.3       -0.373       -0.37       -0.4
0.371167        0.91322        0.91880        1.006        1.078        1.00       -0.3       -0.379       -0.38       -0.4
0.377204        0.91043        0.91619        1.006        1.078        1.00       -0.3       -0.385       -0.39       -0.4
0.383340        0.90755        0.91351        1.007        1.078        1.00       -0.3       -0.392       -0.39       -0.4
0.389575        0.90460        0.91075        1.007        1.078        1.00       -0.3       -0.398       -0.40       -0.4
0.395911        0.90153        0.90789        1.007        1.078        1.00       -0.3       -0.405       -0.40       -0.4
0.402351        0.89839        0.90495        1.007        1.077        1.00       -0.3       -0.411       -0.41       -0.4
0.408895        0.89514        0.90192        1.008        1.075        1.00       -0.3       -0.418       -0.42       -0.4
0.415546        0.89179        0.89879        1.008        1.074        1.00       -0.3       -0.425       -0.42       -0.4
0.422304        0.88835        0.89558        1.008        1.072        1.00       -0.3       -0.431       -0.43       -0.4
0.429173        0.88480        0.89227        1.008        1.069        1.00       -0.3       -0.438       -0.44       -0.4
0.436154        0.88113        0.88884        1.009        1.066        1.00       -0.3       -0.445       -0.45       -0.4
0.443248        0.87737        0.88533        1.009        1.062        1.00       -0.3       -0.452       -0.45       -0.5
0.450457        0.87349        0.88172        1.009        1.058        1.00       -0.3       -0.459       -0.46       -0.5
0.457784        0.86949        0.87798        1.010        1.053        1.00       -0.3       -0.467       -0.47       -0.5
0.465230        0.86537        0.87414        1.010        1.046        1.00       -0.3       -0.474       -0.47       -0.5
0.472797        0.86114        0.87020        1.011        1.039        1.00       -0.3       -0.481       -0.48       -0.5
0.480487        0.85680        0.86615        1.011        1.032        1.00       -0.3       -0.488       -0.49       -0.5
0.488302        0.85231        0.86197        1.011        1.022        1.00       -0.3       -0.496       -0.50       -0.5
0.496244        0.84771        0.85767        1.012        1.012        1.00       -0.3       -0.503       -0.50       -0.5
0.504316        0.84297        0.85326        1.012        1.000        1.00       -0.3       -0.511       -0.51       -0.5
0.512519        0.83812        0.84874        1.013        0.987        1.00       -0.3       -0.518       -0.52       -0.5
0.520855        0.83313        0.84410        1.013        0.972        1.00       -0.3       -0.525       -0.53       -0.5
0.529327        0.82801        0.83933        1.014        0.956        1.00       -0.3       -0.532       -0.53       -0.5
0.537936        0.82275        0.83443        1.014        0.937        1.00       -0.3       -0.540       -0.54       -0.5
0.546686        0.81737        0.82942        1.015        0.916        1.00       -0.3       -0.547       -0.55       -0.5
0.555578        0.81185        0.82429        1.015        0.893        1.00       -0.3       -0.554       -0.55       -0.6
0.564614        0.80621        0.81904        1.016        0.868        1.00       -0.3       -0.561       -0.56       -0.6
0.573798        0.80044        0.81368        1.017        0.839        1.00       -0.3       -0.568       -0.57       -0.6
0.583131        0.79454        0.80820        1.017        0.809        1.00       -0.3       -0.574       -0.57       -0.6
0.592615        0.78852        0.80261        1.018        0.775        1.00       -0.2       -0.581       -0.58       -0.6
0.602254        0.78239        0.79692        1.019        0.738        1.00       -0.2       -0.587       -0.59       -0.6
0.612050        0.77615        0.79112        1.019        0.697        1.00       -0.2       -0.593       -0.59       -0.6
0.622005        0.76980        0.78524        1.020        0.654        1.00       -0.2       -0.598       -0.60       -0.6
0.632122        0.76336        0.77927        1.021        0.607        1.00       -0.2       -0.603       -0.60       -0.6
0.642403        0.75684        0.77323        1.022        0.556        1.00       -0.1       -0.608       -0.61       -0.6
0.652852        0.75024        0.76712        1.023        0.502        1.00       -0.1       -0.612       -0.61       -0.6
0.663471        0.74359        0.76097        1.023        0.444        1.00       -0.1       -0.616       -0.62       -0.6
0.674262        0.73689        0.75478        1.024        0.383        1.00       -0.0       -0.620       -0.62       -0.6
0.685229        0.73015        0.74856        1.025        0.318        1.00        0.0       -0.622       -0.62       -0.6
0.696374        0.72341        0.74234        1.026        0.251        1.00        0.1       -0.625       -0.62       -0.6
0.707701        0.71667        0.73613        1.027        0.182        1.00        0.1       -0.626       -0.63       -0.6
0.719212        0.70995        0.72995        1.028        0.110        1.00        0.2       -0.627       -0.63       -0.6
0.730910        0.70328        0.72382        1.029        0.037        1.00        0.2       -0.627       -0.63       -0.6
0.742798        0.69668        0.71776        1.030       -0.036        1.00        0.3       -0.627       -0.63       -0.6
0.754880        0.69014        0.71177        1.031       -0.110        1.00        0.4       -0.625       -0.63       -0.6
0.767158        0.68370        0.70587        1.032       -0.182        1.00        0.4       -0.623       -0.62       -0.6
0.779636        0.67735        0.70005        1.034       -0.252        1.00        0.5       -0.620       -0.62       -0.6
0.792317        0.67112        0.69435        1.035       -0.319        1.01        0.5       -0.617       -0.62       -0.6
0.805204        0.66501        0.68875        1.036       -0.382        1.01        0.6       -0.613       -0.61       -0.6
0.818301        0.65898        0.68322        1.037       -0.440        1.01        0.6       -0.608       -0.61       -0.6
0.831610        0.65306        0.67777        1.038       -0.492        1.01        0.7       -0.602       -0.60       -0.6
0.845137        0.64720        0.67236        1.039       -0.536        1.01        0.7       -0.596       -0.60       -0.6
0.858883        0.64138        0.66695        1.040       -0.573        1.01        0.8       -0.590       -0.59       -0.6
0.872853        0.63557        0.66150        1.041       -0.601        1.01        0.8       -0.583       -0.58       -0.6
0.887050        0.62970        0.65595        1.042       -0.621        1.02        0.8       -0.575       -0.58       -0.6
0.901478        0.62373        0.65024        1.043       -0.631        1.02        0.8       -0.568       -0.57       -0.6
0.916140        0.61759        0.64430        1.043       -0.631        1.02        0.9       -0.561       -0.56       -0.6
0.931041        0.61124        0.63805        1.044       -0.623        1.02        0.9       -0.553       -0.55       -0.6
0.946185        0.60457        0.63141        1.044       -0.606        1.02        0.8       -0.546       -0.55       -0.5
0.961575        0.59756        0.62434        1.045       -0.582        1.02        0.8       -0.539       -0.54       -0.5
0.977215        0.59013        0.61674        1.045       -0.550        1.02        0.8       -0.532       -0.53       -0.5
0.993109        0.58225        0.60859        1.045       -0.512        1.02        0.8       -0.526       -0.53       -0.5
1.009262        0.57390        0.59985        1.045       -0.470        1.02        0.8       -0.520       -0.52       -0.5
1.025678        0.56502        0.59048        1.045       -0.424        1.02        0.7       -0.515       -0.52       -0.5
1.042361        0.55567        0.58052        1.045       -0.376        1.02        0.7       -0.511       -0.51       -0.5
1.059315        0.54585        0.57000        1.044       -0.327        1.02        0.6       -0.507       -0.51       -0.5
1.076545        0.53560        0.55894        1.044       -0.280        1.02        0.6       -0.504       -0.50       -0.5
1.094055        0.52499        0.54744        1.043       -0.233        1.02        0.6       -0.501       -0.50       -0.5
1.111850        0.51409        0.53557        1.042       -0.189        1.02        0.5       -0.499       -0.50       -0.5
1.129934        0.50299        0.52343        1.041       -0.149        1.02        0.5       -0.498       -0.50       -0.5
1.148312        0.49177        0.51113        1.039       -0.112        1.02        0.4       -0.497       -0.50       -0.5
1.166990        0.48054        0.49877        1.038       -0.079        1.01        0.4       -0.497       -0.50       -0.5
1.185971        0.46936        0.48644        1.036       -0.051        1.01        0.4       -0.497       -0.50       -0.5
1.205261        0.45832        0.47423        1.035       -0.026        1.01        0.4       -0.497       -0.50       -0.5
1.224865        0.44748        0.46223        1.033       -0.006        1.01        0.3       -0.498       -0.50       -0.5
1.244787        0.43689        0.45048        1.031        0.011        1.00        0.3       -0.499       -0.50       -0.5
1.265034        0.42659        0.43905        1.029        0.024        1.00        0.3       -0.500       -0.50       -0.5
1.285610        0.41660        0.42795        1.027        0.034        1.00        0.3       -0.501       -0.50       -0.5
1.306520        0.40691        0.41718        1.025        0.042        1.00        0.3       -0.502       -0.50       -0.5
1.327771        0.39751        0.40675        1.023        0.047        0.99        0.3       -0.504       -0.50       -0.5
1.349367        0.38836        0.39662        1.021        0.049        0.99        0.3       -0.505       -0.50       -0.5
1.371315        0.37943        0.38676        1.019        0.051        0.99        0.3       -0.506       -0.51       -0.5
1.393619        0.37066        0.37711        1.017        0.050        0.98        0.3       -0.508       -0.51       -0.5
1.416287        0.36197        0.36761        1.016        0.049        0.98        0.4       -0.509       -0.51       -0.5
1.439323        0.35330        0.35819        1.014        0.047        0.98        0.4       -0.510       -0.51       -0.5
1.462733        0.34458        0.34878        1.012        0.044        0.98        0.4       -0.511       -0.51       -0.5
1.486525        0.33574        0.33931        1.011        0.040        0.97        0.4       -0.512       -0.51       -0.5
1.510703        0.32670        0.32972        1.009        0.036        0.97        0.4       -0.513       -0.51       -0.5
1.535275        0.31741        0.31996        1.008        0.032        0.97        0.4       -0.514       -0.51       -0.5
1.560246        0.30783        0.30997        1.007        0.027        0.97        0.5       -0.515       -0.52       -0.5
1.585624        0.29793        0.29974        1.006        0.023        0.97        0.5       -0.516       -0.52       -0.5
1.611414        0.28770        0.28924        1.005        0.018        0.97        0.5       -0.516       -0.52       -0.5
1.637624        0.27715        0.27849        1.005        0.013        0.97        0.5       -0.517       -0.52       -0.5
1.664260        0.26630        0.26750        1.005        0.008        0.96        0.6       -0.517       -0.52       -0.5
1.691330        0.25520        0.25632        1.004        0.003        0.96        0.6       -0.517       -0.52       -0.5
1.718839        0.24391        0.24500        1.004       -0.002        0.96        0.6       -0.517       -0.52       -0.5
1.746796        0.23249        0.23359        1.005       -0.007        0.96        0.7       -0.517       -0.52       -0.5
1.775208        0.22103        0.22218        1.005       -0.013        0.97        0.7       -0.516       -0.52       -0.5
1.804082        0.20960        0.21083        1.006       -0.018        0.97        0.8       -0.516       -0.52       -0.5
1.833425        0.19829        0.19962        1.007       -0.024        0.97        0.8       -0.516       -0.52       -0.5
1.863246        0.18718        0.18862        1.008       -0.029        0.97        0.9       -0.515       -0.52       -0.5
1.893552        0.17632        0.17789        1.009       -0.035        0.97        0.9       -0.514       -0.51       -0.5
1.924351        0.16580        0.16749        1.010       -0.041        0.97        1.0       -0.514       -0.51       -0.5
1.955651        0.15564        0.15745        1.012       -0.047        0.97        1.1       -0.513       -0.51       -0.5
1.987460        0.14589        0.14781        1.013       -0.053        0.98        1.2       -0.512       -0.51       -0.5
2.019786        0.13657        0.13860        1.015       -0.059        0.98        1.2       -0.511       -0.51       -0.5
2.052638        0.12770        0.12983        1.017       -0.065        0.98        1.3       -0.510       -0.51       -0.5
2.086024        0.11929        0.12150        1.018       -0.071        0.98        1.4       -0.509       -0.51       -0.5
2.119953        0.11133        0.11360        1.020       -0.076        0.99        1.5       -0.507       -0.51       -0.5
2.154435        0.10382        0.10614        1.022       -0.082        0.99        1.7       -0.506       -0.51       -0.5
2.189477        0.09673        0.09908        1.024       -0.088        0.99        1.8       -0.505       -0.51       -0.5
2.225089        0.09006        0.09243        1.026       -0.093        0.99        1.9       -0.504       -0.50       -0.5
2.261280        0.08378        0.08615        1.028       -0.098        1.00        2.1       -0.503       -0.50       -0.5
2.298060        0.07787        0.08023        1.030       -0.103        1.00        2.2       -0.502       -0.50       -0.5
2.335438        0.07230        0.07463        1.032       -0.108        1.00        2.4       -0.500       -0.50       -0.5
2.373424        0.06705        0.06935        1.034       -0.112        1.00        2.6       -0.499       -0.50       -0.5
2.412028        0.06211        0.06436        1.036       -0.116        1.01        2.7       -0.498       -0.50       -0.5
2.451260        0.05745        0.05963        1.038       -0.119        1.01        3.0       -0.497       -0.50       -0.5
2.491130        0.05305        0.05516        1.040       -0.123        1.01        3.2       -0.496       -0.50       -0.5
2.531648        0.04889        0.05093        1.042       -0.125        1.01        3.4       -0.495       -0.50       -0.5
2.572826        0.04497        0.04691        1.043       -0.128        1.02        3.7       -0.494       -0.49       -0.5
2.614673        0.04126        0.04311        1.045       -0.130        1.02        4.0       -0.493       -0.49       -0.5
2.657201        0.03777        0.03952        1.046       -0.132        1.02        4.4       -0.493       -0.49       -0.5
2.700421        0.03447        0.03611        1.048       -0.133        1.02        4.8       -0.492       -0.49       -0.5
2.744343        0.03136        0.03290        1.049       -0.134        1.02        5.2       -0.491       -0.49       -0.5
2.788980        0.02843        0.02986        1.050       -0.135        1.02        5.7       -0.491       -0.49       -0.5
2.834343        0.02568        0.02701        1.051       -0.136        1.02        6.3       -0.491       -0.49       -0.5
2.880444        0.02311        0.02432        1.053       -0.137        1.02        7.0       -0.490       -0.49       -0.5
2.927295        0.02247        0.02368        1.054       -0.238        1.03        7.7       -0.489       -0.49       -0.5
2.974908        0.02230        0.02355        1.057       -0.366        1.03        8.3       -0.488       -0.49       -0.5
3.023295        0.02214        0.02341        1.059       -0.497        1.03        9.0       -0.486       -0.49       -0.5
3.072469        0.02197        0.02328        1.061       -0.630        1.04        9.7       -0.484       -0.48       -0.5
3.122443        0.02180        0.02314        1.064       -0.766        1.04       10.4       -0.483       -0.48       -0.5
3.173230        0.02163        0.02300        1.066       -0.903        1.04       11.1       -0.481       -0.48       -0.5
3.224842        0.02145        0.02285        1.069       -1.043        1.05       11.8       -0.479       -0.48       -0.5
3.277295        0.02128        0.02270        1.071       -1.184        1.05       12.5       -0.478       -0.48       -0.5
3.330600        0.02109        0.02256        1.074       -1.329        1.05       13.3       -0.476       -0.48       -0.5
3.384773        0.02091        0.02241        1.076       -1.475        1.06       14.0       -0.474       -0.47       -0.5
3.439826        0.02072        0.02225        1.079       -1.624        1.06       14.8       -0.473       -0.47       -0.5
3.495776        0.02053        0.02210        1.081       -1.775        1.07       15.5       -0.471       -0.47       -0.5
3.552635        0.02034        0.02194        1.084       -1.929        1.07       16.3       -0.469       -0.47       -0.5
3.610419        0.02014        0.02178        1.087       -2.086        1.07       17.1       -0.467       -0.47       -0.5
3.669142        0.01994        0.02161        1.090       -2.244        1.08       17.9       -0.465       -0.47       -0.5
3.728821        0.01974        0.02145        1.093       -2.406        1.08       18.8       -0.463       -0.46       -0.5
3.789471        0.01953        0.02128        1.095       -2.570        1.09       19.6       -0.461       -0.46       -0.5
3.851107        0.01932        0.02110        1.098       -2.737        1.09       20.5       -0.459       -0.46       -0.5
3.913746        0.01911        0.02093        1.101       -2.906        1.09       21.3       -0.457       -0.46       -0.5
3.977403        0.01889        0.02075        1.104       -3.078        1.10       22.2       -0.455       -0.46       -0.5
4.042096        0.01867        0.02057        1.107       -3.253        1.10       23.1       -0.453       -0.45       -0.5
4.107841        0.01845        0.02039        1.111       -3.431        1.11       24.0       -0.451       -0.45       -0.5
4.174655        0.01822        0.02020        1.114       -3.612        1.11       25.0       -0.449       -0.45       -0.4
4.242556        0.01799        0.02001        1.117       -3.795        1.12       25.9       -0.447       -0.45       -0.4
4.311562        0.01776        0.01982        1.120       -3.982        1.12       26.9       -0.445       -0.44       -0.4
4.381690        0.01752        0.01962        1.124       -4.172        1.13       27.8       -0.442       -0.44       -0.4
4.452959        0.01727        0.01943        1.127       -4.365        1.13       28.8       -0.440       -0.44       -0.4
4.525386        0.01703        0.01922        1.130       -4.561        1.14       29.8       -0.438       -0.44       -0.4
4.598992        0.01678        0.01902        1.134       -4.760        1.14       30.8       -0.435       -0.44       -0.4
4.673795        0.00840        0.00987        1.175       -9.752        1.19       63.2       -0.411       -0.41       -0.4
4.749815        0.00602        0.00738        1.226      -13.899        1.26       90.2       -0.374       -0.37       -0.4
4.827071        0.00471        0.00605        1.283      -18.167        1.35      118.2       -0.330       -0.33       -0.3
4.905584        0.00384        0.00517        1.345      -22.825        1.45      148.8       -0.277       -0.28       -0.3
4.985373        0.00321        0.00454        1.415      -28.025        1.57      183.1       -0.211       -0.21       -0.2
5.066461        0.00273        0.00407        1.493      -33.899        1.71      222.1       -0.129       -0.13       -0.1
