x               rho            P              T              ur             uphi           uz             Br             Bphi           Bz             m
0.010000        0.99947        0.99948        1.00002        2.72805        0.85634       -0.00271        0.03517       -0.02023        1.00002        0.99980
0.010163        0.99945        0.99947        1.00002        2.72805        0.85633       -0.00276        0.03574       -0.02056        1.00002        0.99979
0.010328        0.99942        0.99944        1.00002        2.72806        0.85633       -0.00280        0.03632       -0.02090        1.00002        0.99978
0.010496        0.99940        0.99942        1.00002        2.72807        0.85632       -0.00285        0.03691       -0.02124        1.00002        0.99977
0.010667        0.99937        0.99939        1.00002        2.72808        0.85632       -0.00289        0.03751       -0.02158        1.00003        0.99976
0.010840        0.99934        0.99936        1.00002        2.72808        0.85631       -0.00294        0.03812       -0.02193        1.00003        0.99975
0.011016        0.99931        0.99933        1.00002        2.72809        0.85631       -0.00299        0.03874       -0.02229        1.00003        0.99974
0.011196        0.99928        0.99931        1.00002        2.72810        0.85630       -0.00304        0.03937       -0.02265        1.00003        0.99973
0.011378        0.99925        0.99928        1.00002        2.72811        0.85630       -0.00309        0.04001       -0.02302        1.00003        0.99972
0.011563        0.99922        0.99925        1.00003        2.72812        0.85629       -0.00314        0.04066       -0.02339        1.00003        0.99971
0.011751        0.99919        0.99922        1.00003        2.72813        0.85629       -0.00319        0.04133       -0.02377        1.00003        0.99970
0.011942        0.99916        0.99919        1.00003        2.72813        0.85628       -0.00324        0.04200       -0.02416        1.00003        0.99968
0.012136        0.99913        0.99916        1.00003        2.72814        0.85628       -0.00329        0.04268       -0.02455        1.00004        0.99967
0.012334        0.99910        0.99913        1.00003        2.72815        0.85627       -0.00335        0.04338       -0.02495        1.00004        0.99966
0.012534        0.99906        0.99909        1.00003        2.72816        0.85626       -0.00340        0.04408       -0.02536        1.00004        0.99965
0.012738        0.99903        0.99906        1.00003        2.72817        0.85626       -0.00346        0.04480       -0.02577        1.00004        0.99964
0.012945        0.99900        0.99903        1.00003        2.72818        0.85625       -0.00351        0.04553       -0.02619        1.00004        0.99962
0.013156        0.99896        0.99900        1.00003        2.72819        0.85625       -0.00357        0.04627       -0.02661        1.00004        0.99961
0.013370        0.99893        0.99896        1.00004        2.72820        0.85624       -0.00363        0.04702       -0.02705        1.00004        0.99960
0.013587        0.99889        0.99893        1.00004        2.72821        0.85623       -0.00369        0.04779       -0.02749        1.00005        0.99959
0.013808        0.99886        0.99889        1.00004        2.72822        0.85623       -0.00375        0.04856       -0.02793        1.00005        0.99957
0.014033        0.99882        0.99886        1.00004        2.72823        0.85622       -0.00381        0.04935       -0.02839        1.00005        0.99956
0.014261        0.99878        0.99882        1.00004        2.72824        0.85621       -0.00387        0.05016       -0.02885        1.00005        0.99954
0.014493        0.99874        0.99879        1.00004        2.72825        0.85621       -0.00393        0.05097       -0.02932        1.00005        0.99953
0.014729        0.99871        0.99875        1.00004        2.72826        0.85620       -0.00400        0.05180       -0.02979        1.00005        0.99952
0.014968        0.99867        0.99871        1.00004        2.72827        0.85619       -0.00406        0.05265       -0.03028        1.00005        0.99950
0.015212        0.99863        0.99867        1.00005        2.72828        0.85619       -0.00413        0.05350       -0.03077        1.00006        0.99949
0.015459        0.99859        0.99863        1.00005        2.72830        0.85618       -0.00419        0.05437       -0.03127        1.00006        0.99947
0.015711        0.99855        0.99859        1.00005        2.72831        0.85617       -0.00426        0.05526       -0.03178        1.00006        0.99946
0.015966        0.99850        0.99855        1.00005        2.72832        0.85616       -0.00433        0.05616       -0.03229        1.00006        0.99944
0.016226        0.99846        0.99851        1.00005        2.72833        0.85616       -0.00440        0.05707       -0.03282        1.00006        0.99943
0.016490        0.99842        0.99847        1.00005        2.72834        0.85615       -0.00447        0.05800       -0.03335        1.00006        0.99941
0.016758        0.99838        0.99843        1.00005        2.72835        0.85614       -0.00455        0.05894       -0.03389        1.00007        0.99939
0.017031        0.99833        0.99839        1.00005        2.72837        0.85613       -0.00462        0.05990       -0.03445        1.00007        0.99938
0.017308        0.99829        0.99834        1.00006        2.72838        0.85613       -0.00470        0.06088       -0.03501        1.00007        0.99936
0.017589        0.99824        0.99830        1.00006        2.72839        0.85612       -0.00477        0.06187       -0.03557        1.00007        0.99934
0.017875        0.99819        0.99825        1.00006        2.72841        0.85611       -0.00485        0.06287       -0.03615        1.00007        0.99933
0.018166        0.99815        0.99821        1.00006        2.72842        0.85610       -0.00493        0.06390       -0.03674        1.00008        0.99931
0.018461        0.99810        0.99816        1.00006        2.72843        0.85609       -0.00501        0.06494       -0.03734        1.00008        0.99929
0.018762        0.99805        0.99811        1.00006        2.72845        0.85608       -0.00509        0.06599       -0.03794        1.00008        0.99927
0.019067        0.99800        0.99806        1.00007        2.72846        0.85608       -0.00517        0.06707       -0.03856        1.00008        0.99925
0.019377        0.99795        0.99802        1.00007        2.72847        0.85607       -0.00526        0.06816       -0.03919        1.00008        0.99924
0.019692        0.99790        0.99797        1.00007        2.72849        0.85606       -0.00534        0.06927       -0.03982        1.00009        0.99922
0.020012        0.99784        0.99791        1.00007        2.72850        0.85605       -0.00543        0.07039       -0.04047        1.00009        0.99920
0.020338        0.99777        0.99784        1.00007        2.72853        0.85603       -0.00552        0.07154       -0.04113        1.00009        0.99917
0.020669        0.99768        0.99775        1.00008        2.72855        0.85602       -0.00561        0.07270       -0.04180        1.00010        0.99914
0.021005        0.99758        0.99766        1.00008        2.72857        0.85600       -0.00570        0.07389       -0.04247        1.00010        0.99910
0.021347        0.99749        0.99757        1.00008        2.72860        0.85599       -0.00579        0.07509       -0.04316        1.00010        0.99907
0.021694        0.99740        0.99748        1.00009        2.72863        0.85597       -0.00589        0.07631       -0.04386        1.00011        0.99903
0.022047        0.99730        0.99739        1.00009        2.72865        0.85595       -0.00598        0.07756       -0.04457        1.00011        0.99900
0.022405        0.99721        0.99730        1.00009        2.72868        0.85594       -0.00608        0.07882       -0.04530        1.00011        0.99896
0.022770        0.99711        0.99720        1.00009        2.72870        0.85592       -0.00618        0.08010       -0.04603        1.00012        0.99892
0.023140        0.99701        0.99710        1.00010        2.72873        0.85590       -0.00628        0.08141       -0.04678        1.00012        0.99889
0.023516        0.99690        0.99701        1.00010        2.72876        0.85588       -0.00638        0.08273       -0.04754        1.00013        0.99885
0.023899        0.99680        0.99690        1.00010        2.72879        0.85586       -0.00648        0.08408       -0.04831        1.00013        0.99881
0.024288        0.99670        0.99680        1.00011        2.72882        0.85584       -0.00659        0.08545       -0.04909        1.00014        0.99877
0.024683        0.99659        0.99670        1.00011        2.72885        0.85583       -0.00670        0.08684       -0.04989        1.00014        0.99873
0.025084        0.99648        0.99659        1.00011        2.72888        0.85581       -0.00681        0.08825       -0.05070        1.00014        0.99869
0.025492        0.99637        0.99649        1.00012        2.72891        0.85579       -0.00692        0.08969       -0.05152        1.00015        0.99865
0.025907        0.99626        0.99638        1.00012        2.72894        0.85577       -0.00703        0.09115       -0.05236        1.00015        0.99861
0.026328        0.99614        0.99627        1.00013        2.72897        0.85575       -0.00714        0.09264       -0.05321        1.00016        0.99857
0.026756        0.99603        0.99616        1.00013        2.72900        0.85573       -0.00726        0.09414       -0.05407        1.00016        0.99852
0.027192        0.99591        0.99604        1.00013        2.72903        0.85571       -0.00738        0.09568       -0.05495        1.00017        0.99848
0.027634        0.99579        0.99593        1.00014        2.72906        0.85568       -0.00750        0.09723       -0.05584        1.00017        0.99844
0.028083        0.99567        0.99581        1.00014        2.72910        0.85566       -0.00762        0.09882       -0.05675        1.00018        0.99839
0.028540        0.99554        0.99569        1.00015        2.72913        0.85564       -0.00774        0.10043       -0.05767        1.00018        0.99835
0.029004        0.99542        0.99557        1.00015        2.72916        0.85562       -0.00787        0.10206       -0.05860        1.00019        0.99830
0.029476        0.99529        0.99544        1.00015        2.72920        0.85560       -0.00800        0.10372       -0.05956        1.00019        0.99825
0.029955        0.99516        0.99532        1.00016        2.72923        0.85557       -0.00813        0.10541       -0.06052        1.00020        0.99820
0.030443        0.99499        0.99515        1.00016        2.72928        0.85554       -0.00826        0.10713       -0.06150        1.00020        0.99814
0.030938        0.99480        0.99497        1.00017        2.72933        0.85551       -0.00840        0.10888       -0.06250        1.00021        0.99807
0.031441        0.99461        0.99479        1.00018        2.72938        0.85548       -0.00853        0.11065       -0.06351        1.00022        0.99800
0.031952        0.99442        0.99460        1.00018        2.72943        0.85544       -0.00867        0.11245       -0.06454        1.00023        0.99793
0.032472        0.99422        0.99441        1.00019        2.72948        0.85541       -0.00881        0.11429       -0.06558        1.00024        0.99786
0.033000        0.99402        0.99421        1.00019        2.72953        0.85537       -0.00896        0.11615       -0.06664        1.00024        0.99778
0.033537        0.99382        0.99402        1.00020        2.72958        0.85533       -0.00910        0.11804       -0.06772        1.00025        0.99771
0.034083        0.99361        0.99382        1.00021        2.72963        0.85530       -0.00925        0.11997       -0.06882        1.00026        0.99763
0.034637        0.99340        0.99361        1.00022        2.72969        0.85526       -0.00940        0.12192       -0.06993        1.00027        0.99755
0.035200        0.99319        0.99341        1.00022        2.72974        0.85522       -0.00955        0.12391       -0.07106        1.00028        0.99748
0.035773        0.99297        0.99320        1.00023        2.72980        0.85518       -0.00971        0.12593       -0.07221        1.00029        0.99740
0.036355        0.99275        0.99298        1.00024        2.72986        0.85515       -0.00987        0.12798       -0.07338        1.00030        0.99731
0.036946        0.99253        0.99277        1.00024        2.72991        0.85511       -0.01003        0.13007       -0.07457        1.00030        0.99723
0.037547        0.99230        0.99255        1.00025        2.72997        0.85507       -0.01019        0.13219       -0.07578        1.00031        0.99715
0.038158        0.99207        0.99232        1.00026        2.73003        0.85502       -0.01036        0.13434       -0.07701        1.00032        0.99706
0.038778        0.99183        0.99210        1.00027        2.73009        0.85498       -0.01053        0.13653       -0.07825        1.00033        0.99697
0.039409        0.99159        0.99186        1.00027        2.73015        0.85494       -0.01070        0.13875       -0.07952        1.00034        0.99689
0.040050        0.99135        0.99163        1.00028        2.73022        0.85490       -0.01087        0.14101       -0.08081        1.00035        0.99680
0.040701        0.99104        0.99133        1.00029        2.73029        0.85484       -0.01105        0.14332       -0.08211        1.00036        0.99668
0.041363        0.99072        0.99102        1.00030        2.73037        0.85478       -0.01123        0.14566       -0.08344        1.00038        0.99656
0.042036        0.99039        0.99070        1.00031        2.73044        0.85473       -0.01141        0.14803       -0.08478        1.00039        0.99644
0.042720        0.99005        0.99038        1.00032        2.73052        0.85467       -0.01160        0.15045       -0.08615        1.00041        0.99632
0.043415        0.98972        0.99005        1.00034        2.73060        0.85461       -0.01179        0.15291       -0.08754        1.00042        0.99619
0.044121        0.98937        0.98972        1.00035        2.73069        0.85454       -0.01198        0.15540       -0.08895        1.00043        0.99607
0.044839        0.98902        0.98938        1.00036        2.73077        0.85448       -0.01217        0.15794       -0.09039        1.00045        0.99594
0.045568        0.98867        0.98903        1.00037        2.73085        0.85442       -0.01237        0.16051       -0.09185        1.00046        0.99581
0.046309        0.98831        0.98868        1.00038        2.73094        0.85436       -0.01257        0.16313       -0.09333        1.00048        0.99567
0.047062        0.98794        0.98833        1.00039        2.73102        0.85429       -0.01278        0.16579       -0.09484        1.00049        0.99554
0.047828        0.98757        0.98797        1.00041        2.73111        0.85422       -0.01299        0.16850       -0.09637        1.00051        0.99540
0.048606        0.98719        0.98760        1.00042        2.73120        0.85416       -0.01320        0.17125       -0.09792        1.00052        0.99526
0.049396        0.98680        0.98723        1.00043        2.73129        0.85409       -0.01341        0.17404       -0.09951        1.00054        0.99512
0.050200        0.98640        0.98684        1.00044        2.73139        0.85402       -0.01363        0.17688       -0.10111        1.00055        0.99497
0.051016        0.98592        0.98637        1.00046        2.73149        0.85393       -0.01385        0.17978       -0.10274        1.00057        0.99479
0.051846        0.98542        0.98589        1.00048        2.73160        0.85384       -0.01408        0.18271       -0.10439        1.00059        0.99461
0.052689        0.98492        0.98541        1.00049        2.73170        0.85375       -0.01431        0.18570       -0.10606        1.00061        0.99443
0.053546        0.98441        0.98491        1.00051        2.73181        0.85366       -0.01454        0.18874       -0.10777        1.00064        0.99424
0.054417        0.98390        0.98441        1.00053        2.73192        0.85357       -0.01478        0.19182       -0.10950        1.00066        0.99405
0.055302        0.98337        0.98390        1.00054        2.73203        0.85347       -0.01502        0.19496       -0.11126        1.00068        0.99385
0.056202        0.98283        0.98339        1.00056        2.73215        0.85338       -0.01527        0.19814       -0.11305        1.00070        0.99366
0.057116        0.98229        0.98286        1.00058        2.73226        0.85328       -0.01552        0.20138       -0.11486        1.00072        0.99346
0.058045        0.98174        0.98232        1.00060        2.73238        0.85318       -0.01577        0.20467       -0.11671        1.00075        0.99325
0.058989        0.98118        0.98178        1.00061        2.73250        0.85308       -0.01603        0.20802       -0.11859        1.00077        0.99305
0.059948        0.98061        0.98123        1.00063        2.73262        0.85298       -0.01629        0.21142       -0.12050        1.00079        0.99284
0.060923        0.97994        0.98058        1.00065        2.73274        0.85286       -0.01655        0.21488       -0.12242        1.00082        0.99259
0.061914        0.97924        0.97991        1.00068        2.73287        0.85274       -0.01682        0.21840       -0.12438        1.00085        0.99233
0.062921        0.97854        0.97922        1.00070        2.73300        0.85261       -0.01710        0.22198       -0.12637        1.00088        0.99207
0.063945        0.97782        0.97853        1.00072        2.73313        0.85248       -0.01738        0.22561       -0.12839        1.00091        0.99181
0.064985        0.97709        0.97782        1.00075        2.73326        0.85235       -0.01766        0.22931       -0.13044        1.00094        0.99154
0.066042        0.97634        0.97710        1.00077        2.73340        0.85222       -0.01795        0.23306       -0.13253        1.00097        0.99127
0.067116        0.97559        0.97637        1.00080        2.73353        0.85208       -0.01824        0.23688       -0.13465        1.00100        0.99099
0.068208        0.97482        0.97563        1.00082        2.73367        0.85194       -0.01854        0.24075       -0.13681        1.00103        0.99071
0.069317        0.97404        0.97487        1.00085        2.73382        0.85180       -0.01884        0.24470       -0.13900        1.00106        0.99042
0.070445        0.97322        0.97407        1.00088        2.73396        0.85165       -0.01915        0.24870       -0.14122        1.00109        0.99012
0.071590        0.97229        0.97317        1.00091        2.73409        0.85149       -0.01946        0.25279       -0.14346        1.00113        0.98978
0.072755        0.97135        0.97226        1.00094        2.73423        0.85132       -0.01978        0.25694       -0.14574        1.00117        0.98943
0.073938        0.97039        0.97133        1.00097        2.73437        0.85114       -0.02010        0.26115       -0.14806        1.00121        0.98908
0.075141        0.96941        0.97038        1.00100        2.73451        0.85097       -0.02043        0.26544       -0.15041        1.00125        0.98872
0.076363        0.96843        0.96943        1.00103        2.73465        0.85079       -0.02076        0.26979       -0.15280        1.00129        0.98836
0.077605        0.96742        0.96845        1.00107        2.73480        0.85061       -0.02110        0.27422       -0.15523        1.00133        0.98799
0.078867        0.96640        0.96746        1.00110        2.73495        0.85042       -0.02144        0.27872       -0.15771        1.00137        0.98762
0.080150        0.96535        0.96645        1.00113        2.73509        0.85023       -0.02179        0.28329       -0.16022        1.00142        0.98723
0.081454        0.96416        0.96529        1.00117        2.73522        0.85002       -0.02215        0.28795       -0.16274        1.00147        0.98680
0.082779        0.96295        0.96411        1.00121        2.73534        0.84980       -0.02251        0.29269       -0.16531        1.00152        0.98635
0.084125        0.96171        0.96292        1.00125        2.73547        0.84957       -0.02288        0.29750       -0.16792        1.00157        0.98590
0.085493        0.96046        0.96170        1.00129        2.73560        0.84935       -0.02325        0.30240       -0.17057        1.00162        0.98544
0.086884        0.95918        0.96046        1.00134        2.73573        0.84911       -0.02363        0.30737       -0.17327        1.00167        0.98497
0.088297        0.95789        0.95921        1.00138        2.73586        0.84888       -0.02401        0.31242       -0.17601        1.00173        0.98450
0.089733        0.95657        0.95793        1.00142        2.73600        0.84864       -0.02441        0.31756       -0.17879        1.00178        0.98402
0.091193        0.95512        0.95652        1.00147        2.73609        0.84838       -0.02480        0.32279       -0.18160        1.00184        0.98349
0.092676        0.95360        0.95505        1.00152        2.73617        0.84810       -0.02521        0.32811       -0.18444        1.00190        0.98293
0.094183        0.95206        0.95355        1.00157        2.73626        0.84782       -0.02562        0.33353       -0.18733        1.00197        0.98237
0.095715        0.95049        0.95203        1.00162        2.73634        0.84753       -0.02604        0.33902       -0.19026        1.00203        0.98180
0.097272        0.94890        0.95049        1.00168        2.73643        0.84724       -0.02646        0.34461       -0.19325        1.00210        0.98122
0.098854        0.94728        0.94892        1.00173        2.73651        0.84694       -0.02689        0.35029       -0.19628        1.00217        0.98062
0.100462        0.94559        0.94728        1.00179        2.73658        0.84664       -0.02733        0.35607       -0.19935        1.00224        0.98001
0.102096        0.94375        0.94549        1.00185        2.73657        0.84630       -0.02777        0.36195       -0.20244        1.00231        0.97934
0.103757        0.94187        0.94367        1.00191        2.73657        0.84595       -0.02822        0.36794       -0.20558        1.00239        0.97866
0.105444        0.93997        0.94182        1.00197        2.73656        0.84560       -0.02868        0.37402       -0.20877        1.00247        0.97796
0.107159        0.93803        0.93994        1.00204        2.73656        0.84525       -0.02915        0.38020       -0.21202        1.00255        0.97726
0.108902        0.93606        0.93803        1.00210        2.73655        0.84489       -0.02962        0.38648       -0.21531        1.00263        0.97654
0.110674        0.93400        0.93603        1.00217        2.73650        0.84451       -0.03010        0.39287       -0.21865        1.00272        0.97579
0.112474        0.93178        0.93387        1.00224        2.73635        0.84410       -0.03059        0.39938       -0.22200        1.00281        0.97498
0.114303        0.92952        0.93167        1.00232        2.73620        0.84368       -0.03109        0.40600       -0.22541        1.00291        0.97416
0.116162        0.92722        0.92944        1.00239        2.73605        0.84325       -0.03159        0.41273       -0.22888        1.00300        0.97333
0.118052        0.92489        0.92718        1.00247        2.73589        0.84282       -0.03210        0.41956       -0.23240        1.00310        0.97248
0.119972        0.92252        0.92487        1.00255        2.73573        0.84239       -0.03262        0.42651       -0.23598        1.00320        0.97162
0.121923        0.91992        0.92235        1.00264        2.73538        0.84190       -0.03315        0.43360       -0.23956        1.00331        0.97068
0.123906        0.91727        0.91977        1.00273        2.73502        0.84141       -0.03368        0.44080       -0.24319        1.00342        0.96972
0.125922        0.91457        0.91714        1.00282        2.73464        0.84091       -0.03422        0.44812       -0.24689        1.00354        0.96874
0.127970        0.91182        0.91448        1.00291        2.73426        0.84040       -0.03478        0.45557       -0.25064        1.00365        0.96775
0.130051        0.90904        0.91177        1.00300        2.73388        0.83988       -0.03534        0.46313       -0.25446        1.00377        0.96674
0.132166        0.90599        0.90880        1.00310        2.73321        0.83931       -0.03590        0.47084       -0.25827        1.00390        0.96564
0.134316        0.90289        0.90578        1.00321        2.73253        0.83873       -0.03648        0.47868       -0.26213        1.00403        0.96452
0.136501        0.89974        0.90272        1.00331        2.73184        0.83814       -0.03706        0.48665       -0.26606        1.00416        0.96338
0.138721        0.89654        0.89960        1.00342        2.73114        0.83754       -0.03765        0.49475       -0.27006        1.00430        0.96222
0.140977        0.89319        0.89635        1.00353        2.73029        0.83691       -0.03825        0.50299       -0.27409        1.00444        0.96102
0.143270        0.88965        0.89290        1.00365        2.72920        0.83624       -0.03886        0.51139       -0.27813        1.00459        0.95974
0.145601        0.88605        0.88940        1.00377        2.72808        0.83557       -0.03947        0.51992       -0.28224        1.00475        0.95844
0.147969        0.88240        0.88583        1.00390        2.72695        0.83488       -0.04010        0.52859       -0.28641        1.00490        0.95713
0.150376        0.87865        0.88219        1.00402        2.72575        0.83417       -0.04073        0.53741       -0.29064        1.00506        0.95578
0.152821        0.87463        0.87827        1.00416        2.72411        0.83341       -0.04137        0.54640       -0.29485        1.00524        0.95433
0.155307        0.87054        0.87429        1.00430        2.72244        0.83264       -0.04201        0.55553       -0.29914        1.00541        0.95286
0.157833        0.86639        0.87024        1.00444        2.72075        0.83185       -0.04267        0.56481       -0.30349        1.00559        0.95137
0.160400        0.86214        0.86609        1.00459        2.71896        0.83105       -0.04333        0.57425       -0.30790        1.00577        0.94984
0.163009        0.85759        0.86166        1.00474        2.71660        0.83018       -0.04400        0.58387       -0.31228        1.00597        0.94821
0.165661        0.85298        0.85715        1.00490        2.71421        0.82931       -0.04467        0.59364       -0.31673        1.00617        0.94655
0.168355        0.84828        0.85257        1.00506        2.71178        0.82841       -0.04536        0.60358       -0.32125        1.00637        0.94487
0.171093        0.84342        0.84783        1.00523        2.70904        0.82749       -0.04605        0.61368       -0.32581        1.00658        0.94312
0.173876        0.83831        0.84283        1.00540        2.70578        0.82651       -0.04674        0.62396       -0.33035        1.00681        0.94129
0.176704        0.83311        0.83776        1.00558        2.70246        0.82552       -0.04744        0.63442       -0.33497        1.00704        0.93942
0.179578        0.82783        0.83260        1.00577        2.69909        0.82452       -0.04815        0.64504       -0.33966        1.00727        0.93753
0.182499        0.82224        0.82714        1.00596        2.69491        0.82345       -0.04885        0.65585       -0.34431        1.00751        0.93553
0.185468        0.81652        0.82154        1.00616        2.69050        0.82236       -0.04956        0.66684       -0.34901        1.00776        0.93348
0.188484        0.81070        0.81586        1.00636        2.68602        0.82125       -0.05028        0.67801       -0.35378        1.00802        0.93139
0.191550        0.80466        0.80995        1.00658        2.68095        0.82009       -0.05100        0.68936       -0.35856        1.00829        0.92923
0.194666        0.79837        0.80380        1.00680        2.67521        0.81889       -0.05172        0.70091       -0.36332        1.00857        0.92697
0.197832        0.79199        0.79755        1.00702        2.66937        0.81767       -0.05244        0.71264       -0.36816        1.00885        0.92468
0.201050        0.78542        0.79111        1.00725        2.66306        0.81642       -0.05317        0.72456       -0.37303        1.00914        0.92233
0.204320        0.77855        0.78438        1.00750        2.65572        0.81511       -0.05388        0.73668       -0.37785        1.00945        0.91986
0.207643        0.77157        0.77754        1.00775        2.64826        0.81378       -0.05460        0.74899       -0.38275        1.00977        0.91735
0.211020        0.76440        0.77052        1.00800        2.64027        0.81242       -0.05532        0.76150       -0.38767        1.01009        0.91478
0.214453        0.75693        0.76319        1.00827        2.63103        0.81100       -0.05601        0.77419       -0.39252        1.01043        0.91209
0.217941        0.74933        0.75573        1.00855        2.62164        0.80956       -0.05672        0.78709       -0.39746        1.01077        0.90935
0.221486        0.74150        0.74805        1.00883        2.61142        0.80808       -0.05741        0.80019       -0.40238        1.01113        0.90653
0.225088        0.73340        0.74009        1.00913        2.59995        0.80656       -0.05808        0.81347       -0.40725        1.01150        0.90360
0.228749        0.72516        0.73200        1.00944        2.58830        0.80501       -0.05876        0.82697       -0.41221        1.01188        0.90062
0.232470        0.71663        0.72361        1.00975        2.57520        0.80342       -0.05940        0.84064       -0.41708        1.01227        0.89753
0.236251        0.70787        0.71500        1.01008        2.56116        0.80179       -0.06003        0.85451       -0.42195        1.01267        0.89434
0.240093        0.69897        0.70625        1.01041        2.54689        0.80014       -0.06067        0.86861       -0.42690        1.01309        0.89111
0.243999        0.68970        0.69712        1.01076        2.53019        0.79844       -0.06123        0.88283       -0.43167        1.01352        0.88771
0.247967        0.68028        0.68784        1.01112        2.51321        0.79672       -0.06181        0.89729       -0.43651        1.01396        0.88426
0.252000        0.67061        0.67832        1.01150        2.49482        0.79497       -0.06234        0.91192       -0.44131        1.01442        0.88071
0.256099        0.66069        0.66853        1.01188        2.47486        0.79318       -0.06284        0.92671       -0.44603        1.01489        0.87703
0.260265        0.65059        0.65857        1.01227        2.45447        0.79137       -0.06334        0.94173       -0.45082        1.01537        0.87330
0.264498        0.64017        0.64828        1.01269        2.43126        0.78955       -0.06373        0.95683       -0.45541        1.01587        0.86940
0.268800        0.62957        0.63783        1.01311        2.40768        0.78770       -0.06414        0.97217       -0.46006        1.01638        0.86543
0.273172        0.61872        0.62710        1.01355        2.38183        0.78584       -0.06446        0.98760       -0.46458        1.01690        0.86133
0.277615        0.60765        0.61615        1.01400        2.35474        0.78396       -0.06475        1.00322       -0.46908        1.01744        0.85713
0.282131        0.59636        0.60499        1.01447        2.32598        0.78208       -0.06499        1.01896       -0.47350        1.01799        0.85281
0.286720        0.58484        0.59358        1.01496        2.29522        0.78020       -0.06515        1.03481       -0.47783        1.01856        0.84836
0.291383        0.57312        0.58198        1.01545        2.26321        0.77831       -0.06527        1.05082       -0.48213        1.01914        0.84381
0.296123        0.56119        0.57015        1.01597        2.22867        0.77645       -0.06529        1.06684       -0.48626        1.01974        0.83911
0.300939        0.54907        0.55813        1.01650        2.19311        0.77457       -0.06529        1.08306       -0.49039        1.02035        0.83432
0.305834        0.53677        0.54591        1.01705        2.15477        0.77275       -0.06515        1.09922       -0.49432        1.02098        0.82936
0.310808        0.52427        0.53351        1.01762        2.11547        0.77091       -0.06499        1.11557       -0.49826        1.02161        0.82431
0.315864        0.51164        0.52095        1.01821        2.07339        0.76915       -0.06469        1.13181       -0.50197        1.02226        0.81908
0.321001        0.49883        0.50821        1.01881        2.03024        0.76739       -0.06436        1.14821       -0.50569        1.02293        0.81376
0.326222        0.48593        0.49537        1.01944        1.98457        0.76571       -0.06389        1.16446       -0.50918        1.02361        0.80826
0.331528        0.47287        0.48236        1.02008        1.93767        0.76406       -0.06337        1.18082       -0.51264        1.02430        0.80265
0.336921        0.45975        0.46928        1.02074        1.88864        0.76249       -0.06272        1.19702       -0.51591        1.02500        0.79688
0.342401        0.44653        0.45609        1.02143        1.83823        0.76098       -0.06200        1.21322       -0.51910        1.02571        0.79097
0.347970        0.43324        0.44283        1.02213        1.78617        0.75954       -0.06118        1.22932       -0.52215        1.02643        0.78491
0.353630        0.41995        0.42954        1.02286        1.73268        0.75820       -0.06026        1.24526       -0.52505        1.02717        0.77870
0.359381        0.40656        0.41616        1.02361        1.67797        0.75691       -0.05927        1.26120       -0.52787        1.02791        0.77235
0.365227        0.39329        0.40288        1.02439        1.62201        0.75577       -0.05815        1.27677       -0.53047        1.02866        0.76582
0.371167        0.37994        0.38950        1.02518        1.56512        0.75468       -0.05697        1.29235       -0.53303        1.02942        0.75916
0.377204        0.36673        0.37626        1.02600        1.50741        0.75373       -0.05568        1.30756       -0.53539        1.03019        0.75233
0.383340        0.35356        0.36305        1.02685        1.44912        0.75288       -0.05432        1.32260       -0.53764        1.03096        0.74534
0.389575        0.34041        0.34985        1.02772        1.39021        0.75211       -0.05290        1.33751       -0.53981        1.03173        0.73820
0.395911        0.32754        0.33690        1.02861        1.33143        0.75151       -0.05138        1.35189       -0.54177        1.03251        0.73088
0.402351        0.31470        0.32399        1.02953        1.27237        0.75099       -0.04981        1.36616       -0.54366        1.03330        0.72341
0.408895        0.30202        0.31122        1.03048        1.21344        0.75059       -0.04817        1.38010       -0.54543        1.03408        0.71577
0.415546        0.28962        0.29873        1.03145        1.15526        0.75033       -0.04648        1.39357       -0.54705        1.03487        0.70796
0.422304        0.27733        0.28633        1.03245        1.09732        0.75017       -0.04475        1.40683       -0.54859        1.03566        0.69999
0.429173        0.26527        0.27415        1.03348        1.04009        0.75012       -0.04298        1.41973       -0.55003        1.03644        0.69185
0.436154        0.25355        0.26230        1.03454        0.98432        0.75022       -0.04118        1.43210       -0.55133        1.03723        0.68354
0.443248        0.24202        0.25063        1.03562        0.92933        0.75040       -0.03936        1.44419       -0.55256        1.03801        0.67506
0.450457        0.23069        0.23916        1.03673        0.87527        0.75069       -0.03752        1.45596       -0.55371        1.03879        0.66643
0.457784        0.21979        0.22811        1.03787        0.82332        0.75112       -0.03567        1.46714       -0.55475        1.03957        0.65761
0.465230        0.20916        0.21732        1.03905        0.77277        0.75164       -0.03382        1.47794       -0.55571        1.04034        0.64864
0.472797        0.19878        0.20678        1.04025        0.72360        0.75225       -0.03197        1.48839       -0.55660        1.04110        0.63949
0.480487        0.18868        0.19650        1.04148        0.67593        0.75296       -0.03013        1.49846       -0.55744        1.04187        0.63019
0.488302        0.17901        0.18666        1.04274        0.63066        0.75378       -0.02831        1.50797       -0.55819        1.04262        0.62072
0.496244        0.16966        0.17713        1.04404        0.58718        0.75468       -0.02651        1.51707       -0.55888        1.04336        0.61109
0.504316        0.16061        0.16789        1.04536        0.54543        0.75567       -0.02473        1.52578       -0.55953        1.04410        0.60130
0.512519        0.15187        0.15896        1.04672        0.50547        0.75673       -0.02297        1.53410       -0.56012        1.04483        0.59135
0.520855        0.14345        0.15035        1.04811        0.46736        0.75788       -0.02124        1.54202       -0.56068        1.04556        0.58125
0.529327        0.13541        0.14211        1.04953        0.43139        0.75910       -0.01954        1.54948       -0.56119        1.04627        0.57100
0.537936        0.12772        0.13423        1.05099        0.39748        0.76040       -0.01789        1.55649       -0.56166        1.04698        0.56060
0.546686        0.12035        0.12667        1.05248        0.36536        0.76176       -0.01626        1.56313       -0.56210        1.04768        0.55006
0.555578        0.11330        0.11941        1.05401        0.33503        0.76320       -0.01467        1.56938       -0.56251        1.04837        0.53939
0.564614        0.10656        0.11248        1.05557        0.30645        0.76469       -0.01311        1.57526       -0.56290        1.04905        0.52858
0.573798        0.10013        0.10585        1.05716        0.27961        0.76624       -0.01158        1.58076       -0.56327        1.04972        0.51764
0.583131        0.09400        0.09953        1.05879        0.25444        0.76785       -0.01008        1.58590       -0.56361        1.05038        0.50658
0.592615        0.08818        0.09351        1.06046        0.23089        0.76952       -0.00861        1.59069       -0.56394        1.05103        0.49541
0.602254        0.08265        0.08779        1.06216        0.20890        0.77125       -0.00717        1.59513       -0.56426        1.05168        0.48413
0.612050        0.07741        0.08235        1.06391        0.18840        0.77303       -0.00575        1.59923       -0.56456        1.05231        0.47275
0.622005        0.07244        0.07720        1.06569        0.16932        0.77486       -0.00436        1.60300       -0.56485        1.05294        0.46127
0.632122        0.06775        0.07232        1.06750        0.15157        0.77674       -0.00298        1.60646       -0.56514        1.05356        0.44972
0.642403        0.06331        0.06770        1.06936        0.13509        0.77867       -0.00161        1.60962       -0.56542        1.05417        0.43809
0.652852        0.05912        0.06333        1.07126        0.11978        0.78066       -0.00025        1.61248       -0.56569        1.05477        0.42639
0.663471        0.05517        0.05921        1.07319        0.10557        0.78269        0.00111        1.61507       -0.56596        1.05536        0.41464
0.674262        0.05145        0.05531        1.07517        0.09239        0.78477        0.00247        1.61738       -0.56623        1.05595        0.40284
0.685229        0.04795        0.05164        1.07719        0.08014        0.78690        0.00384        1.61944       -0.56650        1.05653        0.39101
0.696374        0.04465        0.04819        1.07925        0.06876        0.78908        0.00523        1.62125       -0.56676        1.05710        0.37915
0.707701        0.04155        0.04493        1.08136        0.05817        0.79131        0.00665        1.62283       -0.56703        1.05766        0.36727
0.719212        0.03864        0.04187        1.08350        0.04830        0.79359        0.00810        1.62418       -0.56730        1.05822        0.35540
0.730910        0.03592        0.03900        1.08570        0.03913        0.79591        0.00959        1.62530       -0.56756        1.05877        0.34354
0.742798        0.03338        0.03632        1.08793        0.03057        0.79829        0.01113        1.62620       -0.56784        1.05932        0.33172
0.754880        0.03101        0.03380        1.09022        0.02253        0.80071        0.01273        1.62691       -0.56811        1.05985        0.31994
0.767158        0.02878        0.03144        1.09255        0.01492        0.80319        0.01440        1.62743       -0.56839        1.06039        0.30820
0.779636        0.02669        0.02922        1.09492        0.00770        0.80571        0.01615        1.62778       -0.56867        1.06092        0.29652
0.792317        0.02476        0.02717        1.09735        0.00086        0.80828        0.01800        1.62793       -0.56895        1.06144        0.28494
0.805204        0.02296        0.02525        1.09983       -0.00572        0.81091        0.01995        1.62792       -0.56924        1.06196        0.27345
0.818301        0.02127        0.02344        1.10235       -0.01209        0.81359        0.02202        1.62775       -0.56953        1.06247        0.26206
0.831610        0.01970        0.02177        1.10493       -0.01829        0.81632        0.02422        1.62743       -0.56983        1.06298        0.25080
0.845137        0.01825        0.02021        1.10756       -0.02438        0.81910        0.02658        1.62696       -0.57013        1.06348        0.23969
0.858883        0.01689        0.01875        1.11024       -0.03043        0.82193        0.02909        1.62636       -0.57044        1.06398        0.22871
0.872853        0.01564        0.01740        1.11298       -0.03647        0.82482        0.03179        1.62562       -0.57075        1.06448        0.21791
0.887050        0.01447        0.01615        1.11577       -0.04256        0.82776        0.03468        1.62475       -0.57107        1.06498        0.20729
0.901478        0.01339        0.01498        1.11862       -0.04877        0.83076        0.03779        1.62376       -0.57139        1.06547        0.19686
0.916140        0.01239        0.01390        1.12152       -0.05513        0.83381        0.04115        1.62265       -0.57172        1.06595        0.18665
0.931041        0.01146        0.01289        1.12449       -0.06169        0.83692        0.04475        1.62144       -0.57206        1.06644        0.17664
0.946185        0.01061        0.01196        1.12752       -0.06852        0.84008        0.04865        1.62011       -0.57240        1.06692        0.16689
0.961575        0.00981        0.01109        1.13060       -0.07565        0.84330        0.05285        1.61868       -0.57275        1.06740        0.15737
0.977215        0.00908        0.01029        1.13376       -0.08315        0.84658        0.05738        1.61715       -0.57310        1.06788        0.14811
0.993109        0.00840        0.00955        1.13697       -0.09106        0.84991        0.06227        1.61552       -0.57346        1.06835        0.13912
1.009262        0.00777        0.00886        1.14025       -0.09942        0.85330        0.06754        1.61381       -0.57383        1.06882        0.13040
1.025678        0.00720        0.00823        1.14360       -0.10832        0.85675        0.07324        1.61200       -0.57420        1.06929        0.12198
1.042361        0.00666        0.00764        1.14702       -0.11776        0.86026        0.07937        1.61010       -0.57458        1.06976        0.11385
1.059315        0.00617        0.00710        1.15050       -0.12782        0.86383        0.08597        1.60813       -0.57497        1.07023        0.10601
1.076545        0.00572        0.00660        1.15406       -0.13856        0.86745        0.09309        1.60607       -0.57536        1.07069        0.09850
1.094055        0.00530        0.00614        1.15769       -0.15002        0.87114        0.10075        1.60393       -0.57576        1.07116        0.09129
1.111850        0.00492        0.00571        1.16140       -0.16223        0.87488        0.10898        1.60172       -0.57617        1.07162        0.08439
1.129934        0.00456        0.00531        1.16519       -0.17527        0.87869        0.11781        1.59943       -0.57658        1.07208        0.07781
1.148312        0.00423        0.00495        1.16905       -0.18921        0.88256        0.12731        1.59707       -0.57701        1.07253        0.07157
1.166990        0.00393        0.00461        1.17299       -0.20408        0.88648        0.13749        1.59464       -0.57744        1.07299        0.06564
1.185971        0.00366        0.00430        1.17702       -0.21992        0.89047        0.14839        1.59214       -0.57787        1.07344        0.06003
1.205261        0.00340        0.00401        1.18113       -0.23679        0.89453        0.16005        1.58956       -0.57832        1.07389        0.05475
1.224865        0.00316        0.00375        1.18533       -0.25475        0.89864        0.17250        1.58692       -0.57877        1.07434        0.04977
1.244787        0.00295        0.00350        1.18962       -0.27384        0.90282        0.18579        1.58422       -0.57923        1.07479        0.04511
1.265034        0.00275        0.00328        1.19399       -0.29412        0.90707        0.19996        1.58144       -0.57970        1.07523        0.04075
1.285610        0.00256        0.00307        1.19846       -0.31563        0.91138        0.21505        1.57860       -0.58018        1.07567        0.03669
1.306520        0.00239        0.00288        1.20303       -0.33842        0.91575        0.23109        1.57570       -0.58067        1.07611        0.03292
1.327771        0.00223        0.00270        1.20769       -0.36254        0.92019        0.24812        1.57273       -0.58117        1.07655        0.02943
1.349367        0.00209        0.00253        1.21246       -0.38803        0.92471        0.26618        1.56969       -0.58167        1.07698        0.02621
1.371315        0.00196        0.00238        1.21732       -0.41495        0.92929        0.28533        1.56659       -0.58218        1.07741        0.02326
1.393619        0.00183        0.00224        1.22229       -0.44334        0.93394        0.30559        1.56343       -0.58271        1.07783        0.02057
1.416287        0.00172        0.00211        1.22737       -0.47323        0.93866        0.32700        1.56020       -0.58324        1.07825        0.01811
1.439323        0.00161        0.00199        1.23256       -0.50465        0.94346        0.34959        1.55690       -0.58378        1.07867        0.01587
1.462733        0.00152        0.00188        1.23786       -0.53769        0.94834        0.37343        1.55354       -0.58433        1.07908        0.01386
1.486525        0.00143        0.00177        1.24328       -0.57235        0.95329        0.39854        1.55012       -0.58489        1.07949        0.01204
1.510703        0.00134        0.00167        1.24882       -0.60866        0.95832        0.42494        1.54663       -0.58547        1.07989        0.01042
1.535275        0.00126        0.00158        1.25448       -0.64672        0.96343        0.45273        1.54307       -0.58605        1.08029        0.00897
1.560246        0.00119        0.00150        1.26027       -0.68651        0.96863        0.48189        1.53945       -0.58664        1.08068        0.00758
1.585624        0.00112        0.00142        1.26618       -0.72815        0.97391        0.51253        1.53588       -0.58724        1.08108        0.00000
1.611414        0.00106        0.00135        1.27223       -0.77172        0.97927        0.54473        1.53212       -0.58786        1.08146        0.00000
1.637624        0.00100        0.00128        1.27841       -0.81754        0.98472        0.57871        1.52830       -0.58848        1.08183        0.00000
1.664260        0.00094        0.00121        1.28473       -0.87001        0.99007        0.61763        1.52441       -0.58912        1.08219        0.00000
1.691330        0.00090        0.00116        1.29113       -0.91330        0.99591        0.65027        1.52046       -0.58976        1.08256        0.00000
1.718839        0.00086        0.00111        1.29769       -0.96338        1.00170        0.68797        1.51643       -0.59042        1.08291        0.00000
1.746796        0.00081        0.00106        1.30440       -1.01605        1.00757        0.72778        1.51232       -0.59109        1.08324        0.00000
1.775208        0.00077        0.00101        1.31127       -1.07083        1.01354        0.76936        1.50815       -0.59178        1.08357        0.00000
1.804082        0.00073        0.00097        1.31829       -1.12770        1.01963        0.81275        1.50391       -0.59247        1.08388        0.00000
1.833425        0.00070        0.00092        1.32547       -1.18667        1.02582        0.85795        1.49959       -0.59318        1.08419        0.00000
1.863246        0.00066        0.00089        1.33282       -1.24776        1.03213        0.90502        1.49520       -0.59390        1.08448        0.00000
1.893552        0.00063        0.00085        1.34034       -1.31103        1.03857        0.95400        1.49073       -0.59463        1.08476        0.00000
1.924351        0.00060        0.00081        1.34804       -1.37649        1.04513        1.00494        1.48619       -0.59538        1.08502        0.00000
1.955651        0.00058        0.00078        1.35591       -1.44421        1.05182        1.05791        1.48157       -0.59614        1.08527        0.00000
1.987460        0.00055        0.00075        1.36398       -1.51422        1.05864        1.11296        1.47687       -0.59692        1.08551        0.00000
2.019786        0.00053        0.00072        1.37223       -1.58656        1.06560        1.17015        1.47210       -0.59770        1.08573        0.00000
2.052638        0.00050        0.00069        1.38068       -1.66127        1.07271        1.22954        1.46725       -0.59851        1.08594        0.00000
2.086024        0.00048        0.00067        1.38933       -1.73840        1.07996        1.29119        1.46231       -0.59932        1.08612        0.00000
2.119953        0.00046        0.00064        1.39819       -1.81802        1.08737        1.35519        1.45730       -0.60015        1.08629        0.00000
2.154435        0.00044        0.00062        1.40726       -1.90015        1.09493        1.42158        1.45220       -0.60100        1.08645        0.00000
2.189477        0.00042        0.00060        1.41656       -1.98489        1.10266        1.49047        1.44702       -0.60186        1.08657        0.00000
2.225089        0.00041        0.00058        1.42608       -2.07223        1.11055        1.56189        1.44176       -0.60274        1.08668        0.00000
2.261280        0.00039        0.00056        1.43583       -2.16230        1.11862        1.63598        1.43641       -0.60363        1.08677        0.00000
2.298060        0.00037        0.00054        1.44583       -2.25512        1.12687        1.71279        1.43097       -0.60454        1.08684        0.00000
2.335438        0.00036        0.00052        1.45608       -2.35075        1.13531        1.79240        1.42545       -0.60547        1.08688        0.00000
2.373424        0.00035        0.00051        1.46658       -2.44928        1.14394        1.87494        1.41984       -0.60641        1.08689        0.00000
2.412028        0.00033        0.00049        1.47735       -2.55077        1.15277        1.96048        1.41414       -0.60737        1.08688        0.00000
2.451260        0.00032        0.00048        1.48839       -2.65530        1.16180        2.04913        1.40835       -0.60834        1.08684        0.00000
2.491130        0.00031        0.00046        1.49971       -2.76293        1.17104        2.14100        1.40246       -0.60934        1.08677        0.00000
2.531648        0.00030        0.00045        1.51132       -2.87375        1.18051        2.23620        1.39649       -0.61035        1.08667        0.00000
2.572826        0.00028        0.00043        1.52323       -2.98784        1.19020        2.33484        1.39042       -0.61138        1.08654        0.00000
2.614673        0.00027        0.00042        1.53545       -3.10528        1.20013        2.43705        1.38426       -0.61242        1.08638        0.00000
2.657201        0.00026        0.00041        1.54799       -3.22619        1.21030        2.54298        1.37800       -0.61349        1.08618        0.00000
2.700421        0.00026        0.00040        1.56086       -3.35065        1.22072        2.65274        1.37165       -0.61457        1.08594        0.00000
2.744343        0.00025        0.00039        1.57406       -3.47873        1.23140        2.76646        1.36520       -0.61568        1.08567        0.00000
2.788980        0.00024        0.00038        1.58763       -3.61057        1.24235        2.88434        1.35865       -0.61680        1.08536        0.00000
2.834343        0.00023        0.00037        1.60155       -3.74626        1.25357        3.00647        1.35200       -0.61795        1.08501        0.00000
2.880444        0.00022        0.00036        1.61585       -3.88593        1.26509        3.13308        1.34525       -0.61911        1.08462        0.00000
2.927295        0.00021        0.00035        1.63054       -4.02967        1.27690        3.26429        1.33840       -0.62030        1.08419        0.00000
2.974908        0.00021        0.00034        1.64562       -4.17762        1.28901        3.40029        1.33145       -0.62150        1.08371        0.00000
3.023295        0.00020        0.00033        1.66113       -4.32992        1.30145        3.54130        1.32440       -0.62273        1.08318        0.00000
3.072469        0.00019        0.00032        1.67707       -4.48669        1.31422        3.68749        1.31724       -0.62398        1.08260        0.00000
3.122443        0.00019        0.00032        1.69345       -4.64806        1.32732        3.83906        1.30998       -0.62525        1.08198        0.00000
3.173230        0.00018        0.00031        1.71029       -4.81420        1.34078        3.99625        1.30262       -0.62654        1.08130        0.00000
3.224842        0.00017        0.00030        1.72761       -4.98524        1.35461        4.15928        1.29515       -0.62786        1.08056        0.00000
3.277295        0.00017        0.00030        1.74542       -5.16136        1.36881        4.32840        1.28757       -0.62919        1.07977        0.00000
3.330600        0.00016        0.00029        1.76374       -5.34272        1.38341        4.50385        1.27989       -0.63056        1.07893        0.00000
3.384773        0.00016        0.00028        1.78260       -5.52947        1.39841        4.68589        1.27209       -0.63194        1.07802        0.00000
3.439826        0.00015        0.00028        1.80200       -5.72185        1.41384        4.87482        1.26420       -0.63335        1.07705        0.00000
3.495776        0.00015        0.00027        1.82198       -5.92000        1.42970        5.07091        1.25619       -0.63478        1.07602        0.00000
3.552635        0.00014        0.00027        1.84255       -6.12416        1.44601        5.27450        1.24807       -0.63624        1.07491        0.00000
3.610419        0.00014        0.00026        1.86374       -6.33451        1.46280        5.48589        1.23985       -0.63772        1.07375        0.00000
3.669142        0.00013        0.00025        1.88556       -6.55129        1.48007        5.70542        1.23151       -0.63923        1.07251        0.00000
3.728821        0.00013        0.00025        1.90804       -6.77472        1.49785        5.93346        1.22307       -0.64077        1.07119        0.00000
3.789471        0.00013        0.00024        1.93122       -7.00505        1.51615        6.17039        1.21451       -0.64232        1.06980        0.00000
3.851107        0.00012        0.00024        1.95510       -7.24253        1.53500        6.41660        1.20585       -0.64391        1.06834        0.00000
3.913746        0.00012        0.00024        1.97974       -7.48742        1.55441        6.67252        1.19708       -0.64552        1.06679        0.00000
3.977403        0.00012        0.00023        2.00514       -7.74003        1.57442        6.93860        1.18819       -0.64716        1.06516        0.00000
4.042096        0.00011        0.00023        2.03135       -8.00063        1.59503        7.21529        1.17920       -0.64882        1.06345        0.00000
4.107841        0.00011        0.00022        2.05840       -8.26954        1.61628        7.50310        1.17009       -0.65051        1.06165        0.00000
4.174655        0.00011        0.00022        2.08631       -8.54708        1.63819        7.80254        1.16088       -0.65223        1.05975        0.00000
4.242556        0.00010        0.00022        2.11514       -8.83361        1.66079        8.11418        1.15156       -0.65397        1.05777        0.00000
4.311562        0.00010        0.00021        2.14491       -9.12948        1.68411        8.43860        1.14213       -0.65574        1.05569        0.00000
4.381690        0.00010        0.00021        2.17566       -9.43507        1.70816        8.77639        1.13259       -0.65754        1.05352        0.00000
4.452959        0.00009        0.00021        2.20745       -9.75078        1.73300        9.12823        1.12294       -0.65937        1.05124        0.00000
4.525386        0.00009        0.00020        2.24030      -10.07704        1.75864        9.49479        1.11318       -0.66122        1.04886        0.00000
4.598992        0.00009        0.00020        2.27427      -10.41431        1.78512        9.87684        1.10332       -0.66310        1.04638        0.00000
4.673795        0.00008        0.00020        2.30941      -10.76304        1.81248       10.27511        1.09336       -0.66501        1.04379        0.00000
4.749815        0.00008        0.00019        2.34577      -11.12376        1.84075       10.69047        1.08329       -0.66694        1.04109        0.00000
4.827071        0.00008        0.00019        2.38340      -11.49696        1.86998       11.12373        1.07312       -0.66890        1.03828        0.00000
4.905584        0.00008        0.00019        2.42236      -11.88323        1.90021       11.57587        1.06285       -0.67089        1.03535        0.00000
4.985373        0.00008        0.00018        2.46271      -12.28318        1.93147       12.04785        1.05247       -0.67290        1.03231        0.00000
5.066461        0.00007        0.00018        2.50453      -12.69741        1.96383       12.54076        1.04200       -0.67494        1.02915        0.00000
5.148867        0.00007        0.00018        2.54786      -13.12660        1.99732       13.05567        1.03143       -0.67700        1.02586        0.00000
5.232614        0.00007        0.00018        2.59280      -13.57146        2.03200       13.59378        1.02077       -0.67909        1.02245        0.00000
5.317723        0.00007        0.00018        2.63941      -14.03275        2.06793       14.15634        1.01001       -0.68120        1.01891        0.00000
5.404216        0.00006        0.00017        2.68777      -14.51127        2.10517       14.74472        0.99917       -0.68333        1.01524        0.00000
5.492116        0.00006        0.00017        2.73798      -15.00790        2.14377       15.36039        0.98823       -0.68548        1.01144        0.00000
5.581446        0.00006        0.00017        2.79011      -15.52354        2.18381       16.00485        0.97721       -0.68765        1.00751        0.00000
5.672229        0.00006        0.00017        2.84428      -16.05917        2.22536       16.67976        0.96611       -0.68984        1.00344        0.00000
5.764488        0.00006        0.00017        2.90058      -16.61584        2.26850       17.38687        0.95493       -0.69205        0.99924        0.00000
5.858248        0.00006        0.00016        2.95913      -17.19470        2.31330       18.12813        0.94367       -0.69427        0.99490        0.00000
5.953533        0.00005        0.00016        3.02003      -17.79693        2.35986       18.90551        0.93234       -0.69650        0.99041        0.00000
6.050368        0.00005        0.00016        3.08343      -18.42384        2.40827       19.72125        0.92093       -0.69874        0.98579        0.00000
6.148778        0.00005        0.00016        3.14944      -19.07682        2.45864       20.57767        0.90947       -0.70098        0.98102        0.00000
6.248788        0.00005        0.00016        3.21821      -19.75739        2.51108       21.47731        0.89794       -0.70323        0.97610        0.00000
6.350425        0.00005        0.00016        3.28990      -20.46717        2.56571       22.42293        0.88635       -0.70548        0.97105        0.00000
6.453715        0.00005        0.00015        3.36466      -21.20791        2.62265       23.41743        0.87471       -0.70772        0.96584        0.00000
6.558686        0.00004        0.00015        3.44268      -21.98158        2.68207       24.46412        0.86303       -0.70995        0.96049        0.00000
6.665363        0.00004        0.00015        3.52414      -22.79021        2.74411       25.56636        0.85130       -0.71216        0.95500        0.00000
6.773776        0.00004        0.00015        3.60924      -23.63614        2.80895       26.72808        0.83954       -0.71435        0.94936        0.00000
6.883952        0.00004        0.00015        3.69820      -24.52182        2.87678       27.95330        0.82775       -0.71650        0.94358        0.00000
6.995920        0.00004        0.00015        3.79125      -25.45001        2.94782       29.24659        0.81594       -0.71862        0.93766        0.00000
7.109709        0.00004        0.00015        3.88866      -26.42377        3.02231       30.61293        0.80412       -0.72069        0.93160        0.00000
7.225349        0.00004        0.00014        3.99068      -27.44637        3.10052       32.05767        0.79229       -0.72269        0.92540        0.00000
7.342870        0.00004        0.00014        4.09762      -28.52163        3.18276       33.58694        0.78047       -0.72462        0.91908        0.00000
7.462303        0.00003        0.00014        4.20981      -29.65366        3.26938       35.20734        0.76867       -0.72646        0.91263        0.00000
7.583678        0.00003        0.00014        4.32758      -30.84712        3.36077       36.92627        0.75690       -0.72819        0.90606        0.00000
7.707027        0.00003        0.00014        4.45134      -32.10734        3.45741       38.75208        0.74517       -0.72979        0.89938        0.00000
7.832383        0.00003        0.00014        4.58149      -33.44033        3.55983       40.69408        0.73350       -0.73123        0.89261        0.00000
7.959777        0.00003        0.00014        4.71850      -34.85296        3.66868       42.76284        0.72191       -0.73249        0.88575        0.00000
8.089243        0.00003        0.00014        4.86288      -36.35316        3.78470       44.97036        0.71042       -0.73353        0.87882        0.00000
8.220816        0.00003        0.00014        5.01520      -37.95022        3.90882       47.33043        0.69906       -0.73431        0.87185        0.00000
8.354528        0.00003        0.00014        5.17607      -39.65498        4.04214       49.85901        0.68785       -0.73477        0.86485        0.00000
8.490415        0.00003        0.00014        5.34622      -41.48057        4.18604       52.57503        0.67684       -0.73485        0.85786        0.00000
8.628513        0.00002        0.00014        5.52642      -43.44241        4.34222       55.50041        0.66606       -0.73447        0.85093        0.00000
8.768856        0.00002        0.00014        5.71757      -45.55972        4.51286       58.66188        0.65557       -0.73352        0.84410        0.00000
8.911482        0.00002        0.00013        5.92071      -47.85613        4.70078       62.09177        0.64544       -0.73187        0.83744        0.00000
9.056428        0.00002        0.00013        6.13702      -50.36155        4.90971       65.83027        0.63576       -0.72936        0.83104        0.00000
9.203732        0.00002        0.00013        6.36789      -53.11473        5.14472       69.92839        0.62665       -0.72573        0.82501        0.00000
9.353432        0.00002        0.00013        6.61498      -56.16673        5.41283       74.45217        0.61825       -0.72066        0.81953        0.00000
9.505566        0.00002        0.00013        6.88028      -59.58699        5.72418       79.48963        0.61080       -0.71367        0.81481        0.00000
9.660175        0.00002        0.00013        7.16627      -63.47376        6.09408       85.16323        0.60460       -0.70406        0.81119        0.00000
9.817298        0.00002        0.00013        7.47607      -67.97018        6.54654       91.64814        0.60011       -0.69069        0.80917        0.00000
9.976978        0.00002        0.00013        7.81383      -73.29849        7.12234       99.21227        0.59808       -0.67167        0.80952        0.00000
10.139254        0.00002        0.00013        8.18528      -79.82539        7.89674      108.29088        0.59972       -0.64350        0.81358        0.00000
10.304170        0.00002        0.00013        8.59877      -88.20842        9.02721      119.65421        0.60728       -0.59881        0.82378        0.00000
10.471768        0.00001        0.00013        9.06782      -99.77141       10.91712      134.83740        0.62526       -0.51877        0.84502        0.00000
10.642092        0.00001        0.00013        9.61644     -117.33125       15.03159      157.10558        0.66244       -0.33491        0.88701        0.00000
