x               rho            P              T              ur             uphi           uz             Br             Bphi           Bz             m
0.010000        0.99994        0.99994        1.00000        0.21626        0.98701       -0.00012        0.00815       -0.01710        1.00000        0.99980
0.010163        0.99993        0.99994        1.00000        0.21626        0.98701       -0.00012        0.00828       -0.01738        1.00000        0.99979
0.010328        0.99993        0.99993        1.00000        0.21626        0.98701       -0.00012        0.00841       -0.01766        1.00000        0.99978
0.010496        0.99993        0.99993        1.00000        0.21626        0.98701       -0.00012        0.00855       -0.01795        1.00000        0.99977
0.010667        0.99992        0.99993        1.00000        0.21626        0.98701       -0.00013        0.00869       -0.01824        1.00000        0.99976
0.010840        0.99992        0.99993        1.00000        0.21626        0.98701       -0.00013        0.00883       -0.01853        1.00000        0.99975
0.011016        0.99992        0.99992        1.00001        0.21626        0.98701       -0.00013        0.00898       -0.01884        1.00001        0.99974
0.011196        0.99991        0.99992        1.00001        0.21626        0.98701       -0.00013        0.00912       -0.01914        1.00001        0.99973
0.011378        0.99991        0.99992        1.00001        0.21626        0.98701       -0.00013        0.00927       -0.01945        1.00001        0.99972
0.011563        0.99991        0.99991        1.00001        0.21626        0.98701       -0.00014        0.00942       -0.01977        1.00001        0.99971
0.011751        0.99990        0.99991        1.00001        0.21626        0.98701       -0.00014        0.00957       -0.02009        1.00001        0.99970
0.011942        0.99990        0.99991        1.00001        0.21626        0.98701       -0.00014        0.00973       -0.02042        1.00001        0.99968
0.012136        0.99990        0.99990        1.00001        0.21626        0.98701       -0.00014        0.00989       -0.02075        1.00001        0.99967
0.012334        0.99989        0.99990        1.00001        0.21627        0.98701       -0.00015        0.01005       -0.02109        1.00001        0.99966
0.012534        0.99989        0.99989        1.00001        0.21627        0.98701       -0.00015        0.01021       -0.02143        1.00001        0.99965
0.012738        0.99988        0.99989        1.00001        0.21627        0.98701       -0.00015        0.01038       -0.02178        1.00001        0.99964
0.012945        0.99988        0.99989        1.00001        0.21627        0.98701       -0.00015        0.01055       -0.02213        1.00001        0.99962
0.013156        0.99988        0.99988        1.00001        0.21627        0.98701       -0.00016        0.01072       -0.02249        1.00001        0.99961
0.013370        0.99987        0.99988        1.00001        0.21627        0.98701       -0.00016        0.01089       -0.02286        1.00001        0.99960
0.013587        0.99987        0.99988        1.00001        0.21627        0.98701       -0.00016        0.01107       -0.02323        1.00001        0.99959
0.013808        0.99986        0.99987        1.00001        0.21627        0.98701       -0.00016        0.01125       -0.02361        1.00001        0.99957
0.014033        0.99986        0.99987        1.00001        0.21627        0.98701       -0.00017        0.01143       -0.02399        1.00001        0.99956
0.014261        0.99985        0.99986        1.00001        0.21627        0.98701       -0.00017        0.01162       -0.02438        1.00001        0.99954
0.014493        0.99985        0.99986        1.00001        0.21627        0.98701       -0.00017        0.01181       -0.02478        1.00001        0.99953
0.014729        0.99984        0.99985        1.00001        0.21627        0.98701       -0.00017        0.01200       -0.02518        1.00001        0.99952
0.014968        0.99984        0.99985        1.00001        0.21627        0.98701       -0.00018        0.01220       -0.02559        1.00001        0.99950
0.015212        0.99984        0.99985        1.00001        0.21628        0.98701       -0.00018        0.01240       -0.02601        1.00001        0.99949
0.015459        0.99983        0.99984        1.00001        0.21628        0.98701       -0.00018        0.01260       -0.02643        1.00001        0.99947
0.015711        0.99983        0.99984        1.00001        0.21628        0.98701       -0.00019        0.01280       -0.02686        1.00001        0.99946
0.015966        0.99982        0.99983        1.00001        0.21628        0.98701       -0.00019        0.01301       -0.02730        1.00001        0.99944
0.016226        0.99982        0.99983        1.00001        0.21628        0.98701       -0.00019        0.01322       -0.02774        1.00001        0.99943
0.016490        0.99981        0.99982        1.00001        0.21628        0.98701       -0.00020        0.01344       -0.02819        1.00001        0.99941
0.016758        0.99981        0.99982        1.00001        0.21628        0.98701       -0.00020        0.01366       -0.02865        1.00001        0.99939
0.017031        0.99980        0.99981        1.00001        0.21628        0.98701       -0.00020        0.01388       -0.02912        1.00001        0.99938
0.017308        0.99979        0.99981        1.00001        0.21628        0.98701       -0.00021        0.01410       -0.02959        1.00001        0.99936
0.017589        0.99979        0.99980        1.00001        0.21628        0.98701       -0.00021        0.01433       -0.03007        1.00001        0.99934
0.017875        0.99978        0.99980        1.00001        0.21629        0.98701       -0.00021        0.01457       -0.03056        1.00001        0.99933
0.018166        0.99978        0.99979        1.00001        0.21629        0.98701       -0.00022        0.01480       -0.03106        1.00001        0.99931
0.018461        0.99977        0.99979        1.00001        0.21629        0.98701       -0.00022        0.01504       -0.03157        1.00001        0.99929
0.018762        0.99977        0.99978        1.00001        0.21629        0.98701       -0.00022        0.01529       -0.03208        1.00002        0.99927
0.019067        0.99976        0.99978        1.00001        0.21629        0.98700       -0.00023        0.01554       -0.03260        1.00002        0.99925
0.019377        0.99975        0.99977        1.00002        0.21629        0.98700       -0.00023        0.01579       -0.03313        1.00002        0.99924
0.019692        0.99975        0.99976        1.00002        0.21629        0.98700       -0.00023        0.01605       -0.03367        1.00002        0.99922
0.020012        0.99974        0.99976        1.00002        0.21629        0.98700       -0.00024        0.01631       -0.03422        1.00002        0.99920
0.020338        0.99973        0.99975        1.00002        0.21629        0.98700       -0.00024        0.01657       -0.03477        1.00002        0.99917
0.020669        0.99972        0.99974        1.00002        0.21630        0.98700       -0.00024        0.01684       -0.03534        1.00002        0.99914
0.021005        0.99971        0.99973        1.00002        0.21630        0.98700       -0.00025        0.01712       -0.03592        1.00002        0.99910
0.021347        0.99970        0.99972        1.00002        0.21630        0.98700       -0.00025        0.01740       -0.03650        1.00002        0.99907
0.021694        0.99969        0.99971        1.00002        0.21630        0.98700       -0.00026        0.01768       -0.03709        1.00002        0.99903
0.022047        0.99968        0.99970        1.00002        0.21630        0.98700       -0.00026        0.01797       -0.03770        1.00002        0.99900
0.022405        0.99967        0.99969        1.00002        0.21631        0.98700       -0.00027        0.01826       -0.03831        1.00002        0.99896
0.022770        0.99965        0.99968        1.00002        0.21631        0.98700       -0.00027        0.01856       -0.03893        1.00002        0.99892
0.023140        0.99964        0.99967        1.00002        0.21631        0.98700       -0.00027        0.01886       -0.03957        1.00002        0.99889
0.023516        0.99963        0.99965        1.00002        0.21631        0.98700       -0.00028        0.01917       -0.04021        1.00002        0.99885
0.023899        0.99962        0.99964        1.00002        0.21632        0.98700       -0.00028        0.01948       -0.04086        1.00002        0.99881
0.024288        0.99961        0.99963        1.00002        0.21632        0.98700       -0.00029        0.01980       -0.04153        1.00003        0.99877
0.024683        0.99959        0.99962        1.00003        0.21632        0.98700       -0.00029        0.02012       -0.04220        1.00003        0.99873
0.025084        0.99958        0.99961        1.00003        0.21632        0.98700       -0.00030        0.02045       -0.04289        1.00003        0.99869
0.025492        0.99957        0.99959        1.00003        0.21633        0.98700       -0.00030        0.02078       -0.04359        1.00003        0.99865
0.025907        0.99955        0.99958        1.00003        0.21633        0.98700       -0.00031        0.02112       -0.04430        1.00003        0.99861
0.026328        0.99954        0.99957        1.00003        0.21633        0.98700       -0.00031        0.02146       -0.04502        1.00003        0.99857
0.026756        0.99953        0.99956        1.00003        0.21633        0.98700       -0.00032        0.02181       -0.04575        1.00003        0.99852
0.027192        0.99951        0.99954        1.00003        0.21634        0.98700       -0.00032        0.02217       -0.04649        1.00003        0.99848
0.027634        0.99950        0.99953        1.00003        0.21634        0.98700       -0.00033        0.02253       -0.04725        1.00003        0.99844
0.028083        0.99948        0.99952        1.00003        0.21634        0.98700       -0.00033        0.02289       -0.04802        1.00003        0.99839
0.028540        0.99947        0.99950        1.00003        0.21634        0.98700       -0.00034        0.02327       -0.04880        1.00003        0.99835
0.029004        0.99945        0.99949        1.00003        0.21635        0.98700       -0.00034        0.02365       -0.04959        1.00004        0.99830
0.029476        0.99944        0.99947        1.00004        0.21635        0.98700       -0.00035        0.02403       -0.05040        1.00004        0.99825
0.029955        0.99942        0.99946        1.00004        0.21635        0.98700       -0.00036        0.02442       -0.05122        1.00004        0.99820
0.030443        0.99940        0.99944        1.00004        0.21636        0.98700       -0.00036        0.02482       -0.05205        1.00004        0.99814
0.030938        0.99938        0.99942        1.00004        0.21636        0.98700       -0.00037        0.02523       -0.05290        1.00004        0.99807
0.031441        0.99936        0.99940        1.00004        0.21636        0.98700       -0.00037        0.02564       -0.05376        1.00004        0.99800
0.031952        0.99933        0.99938        1.00004        0.21637        0.98700       -0.00038        0.02606       -0.05464        1.00004        0.99793
0.032472        0.99931        0.99935        1.00004        0.21637        0.98700       -0.00038        0.02648       -0.05553        1.00004        0.99786
0.033000        0.99929        0.99933        1.00005        0.21638        0.98700       -0.00039        0.02691       -0.05643        1.00005        0.99778
0.033537        0.99926        0.99931        1.00005        0.21638        0.98700       -0.00040        0.02735       -0.05735        1.00005        0.99771
0.034083        0.99924        0.99929        1.00005        0.21639        0.98700       -0.00040        0.02780       -0.05828        1.00005        0.99763
0.034637        0.99921        0.99926        1.00005        0.21639        0.98700       -0.00041        0.02825       -0.05923        1.00005        0.99755
0.035200        0.99919        0.99924        1.00005        0.21640        0.98699       -0.00042        0.02871       -0.06019        1.00005        0.99748
0.035773        0.99916        0.99922        1.00005        0.21640        0.98699       -0.00042        0.02918       -0.06117        1.00005        0.99740
0.036355        0.99914        0.99919        1.00006        0.21641        0.98699       -0.00043        0.02965       -0.06217        1.00006        0.99731
0.036946        0.99911        0.99917        1.00006        0.21641        0.98699       -0.00044        0.03014       -0.06318        1.00006        0.99723
0.037547        0.99908        0.99914        1.00006        0.21642        0.98699       -0.00045        0.03063       -0.06421        1.00006        0.99715
0.038158        0.99905        0.99911        1.00006        0.21642        0.98699       -0.00045        0.03113       -0.06525        1.00006        0.99706
0.038778        0.99903        0.99909        1.00006        0.21643        0.98699       -0.00046        0.03164       -0.06631        1.00006        0.99697
0.039409        0.99900        0.99906        1.00006        0.21643        0.98699       -0.00047        0.03215       -0.06739        1.00006        0.99689
0.040050        0.99897        0.99903        1.00007        0.21644        0.98699       -0.00047        0.03267       -0.06849        1.00007        0.99680
0.040701        0.99893        0.99900        1.00007        0.21644        0.98699       -0.00048        0.03321       -0.06960        1.00007        0.99668
0.041363        0.99889        0.99896        1.00007        0.21645        0.98699       -0.00049        0.03375       -0.07073        1.00007        0.99656
0.042036        0.99885        0.99893        1.00007        0.21646        0.98699       -0.00050        0.03430       -0.07188        1.00007        0.99644
0.042720        0.99882        0.99889        1.00008        0.21646        0.98699       -0.00051        0.03486       -0.07305        1.00008        0.99632
0.043415        0.99878        0.99885        1.00008        0.21647        0.98699       -0.00051        0.03543       -0.07424        1.00008        0.99619
0.044121        0.99873        0.99881        1.00008        0.21648        0.98699       -0.00052        0.03601       -0.07545        1.00008        0.99607
0.044839        0.99869        0.99878        1.00008        0.21649        0.98699       -0.00053        0.03660       -0.07668        1.00009        0.99594
0.045568        0.99865        0.99874        1.00009        0.21649        0.98699       -0.00054        0.03720       -0.07793        1.00009        0.99581
0.046309        0.99861        0.99870        1.00009        0.21650        0.98698       -0.00055        0.03780       -0.07919        1.00009        0.99567
0.047062        0.99856        0.99865        1.00009        0.21651        0.98698       -0.00056        0.03842       -0.08048        1.00009        0.99554
0.047828        0.99852        0.99861        1.00009        0.21652        0.98698       -0.00057        0.03905       -0.08179        1.00010        0.99540
0.048606        0.99847        0.99857        1.00010        0.21653        0.98698       -0.00058        0.03968       -0.08312        1.00010        0.99526
0.049396        0.99843        0.99853        1.00010        0.21654        0.98698       -0.00059        0.04033       -0.08447        1.00010        0.99512
0.050200        0.99838        0.99848        1.00010        0.21654        0.98698       -0.00060        0.04099       -0.08585        1.00011        0.99497
0.051016        0.99832        0.99843        1.00011        0.21655        0.98698       -0.00061        0.04166       -0.08725        1.00011        0.99479
0.051846        0.99826        0.99837        1.00011        0.21657        0.98698       -0.00062        0.04234       -0.08867        1.00011        0.99461
0.052689        0.99820        0.99832        1.00011        0.21658        0.98698       -0.00063        0.04304       -0.09011        1.00012        0.99443
0.053546        0.99814        0.99826        1.00012        0.21659        0.98698       -0.00064        0.04374       -0.09158        1.00012        0.99424
0.054417        0.99808        0.99820        1.00012        0.21660        0.98698       -0.00065        0.04446       -0.09307        1.00012        0.99405
0.055302        0.99802        0.99815        1.00013        0.21661        0.98697       -0.00066        0.04518       -0.09458        1.00013        0.99385
0.056202        0.99796        0.99809        1.00013        0.21662        0.98697       -0.00067        0.04592       -0.09612        1.00013        0.99366
0.057116        0.99789        0.99803        1.00013        0.21663        0.98697       -0.00068        0.04667       -0.09768        1.00014        0.99346
0.058045        0.99783        0.99796        1.00014        0.21665        0.98697       -0.00069        0.04744       -0.09927        1.00014        0.99325
0.058989        0.99776        0.99790        1.00014        0.21666        0.98697       -0.00070        0.04821       -0.10089        1.00015        0.99305
0.059948        0.99769        0.99784        1.00015        0.21667        0.98697       -0.00071        0.04900       -0.10253        1.00015        0.99284
0.060923        0.99761        0.99776        1.00015        0.21669        0.98697       -0.00072        0.04981       -0.10420        1.00016        0.99259
0.061914        0.99753        0.99769        1.00016        0.21670        0.98697       -0.00074        0.05062       -0.10590        1.00016        0.99233
0.062921        0.99744        0.99761        1.00016        0.21672        0.98696       -0.00075        0.05145       -0.10762        1.00017        0.99207
0.063945        0.99736        0.99753        1.00017        0.21673        0.98696       -0.00076        0.05230       -0.10937        1.00017        0.99181
0.064985        0.99727        0.99745        1.00017        0.21675        0.98696       -0.00077        0.05315       -0.11115        1.00018        0.99154
0.066042        0.99718        0.99736        1.00018        0.21676        0.98696       -0.00078        0.05403       -0.11296        1.00018        0.99127
0.067116        0.99709        0.99728        1.00018        0.21678        0.98696       -0.00080        0.05491       -0.11480        1.00019        0.99099
0.068208        0.99700        0.99719        1.00019        0.21680        0.98696       -0.00081        0.05581       -0.11667        1.00020        0.99071
0.069317        0.99691        0.99711        1.00020        0.21681        0.98695       -0.00082        0.05673       -0.11857        1.00020        0.99042
0.070445        0.99681        0.99701        1.00020        0.21683        0.98695       -0.00084        0.05766       -0.12050        1.00021        0.99012
0.071590        0.99670        0.99691        1.00021        0.21685        0.98695       -0.00085        0.05861       -0.12246        1.00022        0.98978
0.072755        0.99659        0.99681        1.00022        0.21687        0.98695       -0.00086        0.05957       -0.12445        1.00022        0.98943
0.073938        0.99648        0.99670        1.00022        0.21689        0.98695       -0.00088        0.06055       -0.12648        1.00023        0.98908
0.075141        0.99636        0.99659        1.00023        0.21691        0.98694       -0.00089        0.06154       -0.12854        1.00024        0.98872
0.076363        0.99624        0.99648        1.00024        0.21693        0.98694       -0.00091        0.06256       -0.13063        1.00025        0.98836
0.077605        0.99612        0.99637        1.00025        0.21696        0.98694       -0.00092        0.06358       -0.13276        1.00025        0.98799
0.078867        0.99600        0.99625        1.00025        0.21698        0.98694       -0.00094        0.06463       -0.13492        1.00026        0.98762
0.080150        0.99588        0.99614        1.00026        0.21700        0.98694       -0.00095        0.06569       -0.13712        1.00027        0.98723
0.081454        0.99573        0.99600        1.00027        0.21703        0.98693       -0.00097        0.06677       -0.13935        1.00028        0.98680
0.082779        0.99559        0.99587        1.00028        0.21705        0.98693       -0.00098        0.06788       -0.14162        1.00029        0.98635
0.084125        0.99544        0.99573        1.00029        0.21708        0.98693       -0.00100        0.06900       -0.14392        1.00030        0.98590
0.085493        0.99529        0.99559        1.00030        0.21710        0.98693       -0.00102        0.07013       -0.14627        1.00031        0.98544
0.086884        0.99514        0.99545        1.00031        0.21713        0.98692       -0.00103        0.07129       -0.14865        1.00032        0.98497
0.088297        0.99499        0.99531        1.00032        0.21716        0.98692       -0.00105        0.07247       -0.15107        1.00033        0.98450
0.089733        0.99483        0.99516        1.00033        0.21719        0.98692       -0.00107        0.07366       -0.15353        1.00034        0.98402
0.091193        0.99466        0.99500        1.00034        0.21722        0.98691       -0.00108        0.07488       -0.15603        1.00035        0.98349
0.092676        0.99448        0.99483        1.00035        0.21725        0.98691       -0.00110        0.07612       -0.15857        1.00036        0.98293
0.094183        0.99429        0.99466        1.00036        0.21728        0.98691       -0.00112        0.07738       -0.16116        1.00038        0.98237
0.095715        0.99411        0.99448        1.00038        0.21732        0.98690       -0.00114        0.07866       -0.16378        1.00039        0.98180
0.097272        0.99392        0.99430        1.00039        0.21735        0.98690       -0.00116        0.07996       -0.16645        1.00040        0.98122
0.098854        0.99372        0.99412        1.00040        0.21738        0.98690       -0.00118        0.08128       -0.16916        1.00041        0.98062
0.100462        0.99352        0.99393        1.00041        0.21742        0.98689       -0.00120        0.08263       -0.17192        1.00043        0.98001
0.102096        0.99330        0.99373        1.00043        0.21746        0.98689       -0.00122        0.08400       -0.17472        1.00044        0.97934
0.103757        0.99308        0.99352        1.00044        0.21750        0.98689       -0.00124        0.08540       -0.17757        1.00046        0.97866
0.105444        0.99285        0.99331        1.00046        0.21754        0.98688       -0.00126        0.08681       -0.18046        1.00047        0.97796
0.107159        0.99262        0.99309        1.00047        0.21758        0.98688       -0.00128        0.08826       -0.18340        1.00049        0.97726
0.108902        0.99239        0.99287        1.00049        0.21762        0.98687       -0.00130        0.08972       -0.18639        1.00050        0.97654
0.110674        0.99214        0.99264        1.00050        0.21766        0.98687       -0.00132        0.09121       -0.18943        1.00052        0.97579
0.112474        0.99188        0.99239        1.00052        0.21771        0.98686       -0.00134        0.09273       -0.19251        1.00054        0.97498
0.114303        0.99161        0.99214        1.00054        0.21775        0.98686       -0.00136        0.09428       -0.19565        1.00056        0.97416
0.116162        0.99133        0.99188        1.00055        0.21780        0.98685       -0.00139        0.09585       -0.19884        1.00057        0.97333
0.118052        0.99106        0.99162        1.00057        0.21785        0.98685       -0.00141        0.09745       -0.20208        1.00059        0.97248
0.119972        0.99077        0.99136        1.00059        0.21790        0.98684       -0.00143        0.09908       -0.20537        1.00061        0.97162
0.121923        0.99046        0.99107        1.00061        0.21795        0.98684       -0.00145        0.10074       -0.20872        1.00063        0.97068
0.123906        0.99015        0.99077        1.00063        0.21800        0.98683       -0.00148        0.10242       -0.21213        1.00066        0.96972
0.125922        0.98982        0.99047        1.00065        0.21806        0.98683       -0.00150        0.10414       -0.21558        1.00068        0.96874
0.127970        0.98950        0.99016        1.00067        0.21811        0.98682       -0.00153        0.10588       -0.21910        1.00070        0.96775
0.130051        0.98916        0.98985        1.00069        0.21817        0.98681       -0.00155        0.10766       -0.22267        1.00072        0.96674
0.132166        0.98880        0.98951        1.00072        0.21823        0.98681       -0.00158        0.10947       -0.22630        1.00075        0.96564
0.134316        0.98843        0.98916        1.00074        0.21829        0.98680       -0.00160        0.11131       -0.22999        1.00077        0.96452
0.136501        0.98805        0.98881        1.00077        0.21836        0.98679       -0.00163        0.11319       -0.23375        1.00080        0.96338
0.138721        0.98767        0.98845        1.00079        0.21842        0.98679       -0.00166        0.11509       -0.23756        1.00082        0.96222
0.140977        0.98727        0.98808        1.00082        0.21849        0.98678       -0.00169        0.11703       -0.24143        1.00085        0.96102
0.143270        0.98685        0.98768        1.00085        0.21856        0.98677       -0.00171        0.11901       -0.24537        1.00088        0.95974
0.145601        0.98641        0.98728        1.00087        0.21863        0.98676       -0.00174        0.12103       -0.24938        1.00091        0.95844
0.147969        0.98598        0.98687        1.00090        0.21870        0.98676       -0.00177        0.12307       -0.25344        1.00094        0.95713
0.150376        0.98553        0.98645        1.00093        0.21877        0.98675       -0.00180        0.12516       -0.25758        1.00097        0.95578
0.152821        0.98504        0.98599        1.00096        0.21885        0.98674       -0.00183        0.12729       -0.26178        1.00101        0.95433
0.155307        0.98455        0.98553        1.00100        0.21893        0.98673       -0.00186        0.12945       -0.26605        1.00104        0.95286
0.157833        0.98405        0.98507        1.00103        0.21901        0.98672       -0.00189        0.13165       -0.27040        1.00108        0.95137
0.160400        0.98354        0.98459        1.00106        0.21909        0.98671       -0.00192        0.13389       -0.27481        1.00111        0.94984
0.163009        0.98299        0.98407        1.00110        0.21918        0.98670       -0.00195        0.13619       -0.27929        1.00115        0.94821
0.165661        0.98244        0.98355        1.00113        0.21927        0.98669       -0.00199        0.13852       -0.28385        1.00119        0.94655
0.168355        0.98187        0.98302        1.00117        0.21935        0.98668       -0.00202        0.14088       -0.28849        1.00123        0.94487
0.171093        0.98128        0.98247        1.00121        0.21945        0.98667       -0.00205        0.14330       -0.29320        1.00127        0.94312
0.173876        0.98066        0.98189        1.00125        0.21954        0.98666       -0.00209        0.14577       -0.29798        1.00132        0.94129
0.176704        0.98004        0.98130        1.00129        0.21964        0.98665       -0.00212        0.14828       -0.30285        1.00136        0.93942
0.179578        0.97940        0.98070        1.00134        0.21973        0.98663       -0.00216        0.15083       -0.30779        1.00141        0.93753
0.182499        0.97872        0.98007        1.00138        0.21983        0.98662       -0.00219        0.15344       -0.31282        1.00146        0.93553
0.185468        0.97802        0.97942        1.00143        0.21994        0.98661       -0.00223        0.15610       -0.31793        1.00151        0.93348
0.188484        0.97731        0.97875        1.00147        0.22004        0.98660       -0.00227        0.15880       -0.32312        1.00156        0.93139
0.191550        0.97657        0.97806        1.00152        0.22015        0.98658       -0.00230        0.16156       -0.32840        1.00161        0.92923
0.194666        0.97580        0.97734        1.00158        0.22026        0.98657       -0.00234        0.16438       -0.33376        1.00167        0.92697
0.197832        0.97502        0.97661        1.00163        0.22037        0.98655       -0.00238        0.16725       -0.33921        1.00172        0.92468
0.201050        0.97421        0.97585        1.00168        0.22049        0.98654       -0.00242        0.17017       -0.34475        1.00178        0.92233
0.204320        0.97336        0.97506        1.00174        0.22060        0.98652       -0.00246        0.17316       -0.35038        1.00185        0.91986
0.207643        0.97250        0.97425        1.00180        0.22072        0.98650       -0.00250        0.17620       -0.35611        1.00191        0.91735
0.211020        0.97161        0.97342        1.00186        0.22084        0.98649       -0.00254        0.17930       -0.36192        1.00198        0.91478
0.214453        0.97068        0.97255        1.00192        0.22097        0.98647       -0.00258        0.18247       -0.36783        1.00205        0.91209
0.217941        0.96973        0.97166        1.00198        0.22109        0.98645       -0.00263        0.18570       -0.37384        1.00212        0.90935
0.221486        0.96875        0.97074        1.00205        0.22122        0.98643       -0.00267        0.18899       -0.37995        1.00219        0.90653
0.225088        0.96773        0.96978        1.00212        0.22135        0.98641       -0.00271        0.19236       -0.38615        1.00227        0.90360
0.228749        0.96669        0.96881        1.00219        0.22148        0.98639       -0.00276        0.19579       -0.39246        1.00235        0.90062
0.232470        0.96561        0.96780        1.00226        0.22161        0.98637       -0.00280        0.19929       -0.39887        1.00243        0.89753
0.236251        0.96449        0.96675        1.00234        0.22174        0.98635       -0.00285        0.20287       -0.40538        1.00252        0.89434
0.240093        0.96335        0.96568        1.00242        0.22187        0.98633       -0.00290        0.20651       -0.41200        1.00260        0.89111
0.243999        0.96215        0.96456        1.00250        0.22201        0.98631       -0.00295        0.21025       -0.41873        1.00270        0.88771
0.247967        0.96093        0.96341        1.00259        0.22214        0.98628       -0.00299        0.21406       -0.42557        1.00279        0.88426
0.252000        0.95966        0.96223        1.00267        0.22228        0.98626       -0.00304        0.21795       -0.43251        1.00289        0.88071
0.256099        0.95835        0.96100        1.00276        0.22241        0.98623       -0.00309        0.22192       -0.43957        1.00299        0.87703
0.260265        0.95702        0.95975        1.00286        0.22255        0.98621       -0.00314        0.22597       -0.44674        1.00310        0.87330
0.264498        0.95562        0.95844        1.00296        0.22268        0.98618       -0.00320        0.23013       -0.45403        1.00321        0.86940
0.268800        0.95419        0.95710        1.00306        0.22282        0.98615       -0.00325        0.23436       -0.46143        1.00333        0.86543
0.273172        0.95270        0.95571        1.00316        0.22295        0.98612       -0.00330        0.23870       -0.46896        1.00345        0.86133
0.277615        0.95118        0.95429        1.00327        0.22307        0.98609       -0.00335        0.24313       -0.47660        1.00357        0.85713
0.282131        0.94960        0.95281        1.00338        0.22320        0.98606       -0.00341        0.24766       -0.48436        1.00370        0.85281
0.286720        0.94797        0.95129        1.00349        0.22332        0.98603       -0.00346        0.25230       -0.49225        1.00384        0.84836
0.291383        0.94630        0.94972        1.00361        0.22344        0.98599       -0.00352        0.25703       -0.50026        1.00398        0.84381
0.296123        0.94457        0.94810        1.00374        0.22355        0.98596       -0.00357        0.26188       -0.50840        1.00412        0.83911
0.300939        0.94279        0.94644        1.00387        0.22366        0.98593       -0.00363        0.26683       -0.51666        1.00427        0.83432
0.305834        0.94094        0.94470        1.00400        0.22376        0.98589       -0.00369        0.27191       -0.52505        1.00443        0.82936
0.310808        0.93905        0.94294        1.00414        0.22385        0.98585       -0.00374        0.27709       -0.53358        1.00459        0.82431
0.315864        0.93708        0.94109        1.00428        0.22393        0.98581       -0.00380        0.28242       -0.54223        1.00476        0.81908
0.321001        0.93507        0.93921        1.00443        0.22400        0.98577       -0.00386        0.28785       -0.55102        1.00494        0.81376
0.326222        0.93298        0.93725        1.00458        0.22405        0.98573       -0.00392        0.29344       -0.55994        1.00512        0.80826
0.331528        0.93084        0.93525        1.00474        0.22410        0.98569       -0.00398        0.29914       -0.56899        1.00531        0.80265
0.336921        0.92862        0.93317        1.00490        0.22412        0.98564       -0.00403        0.30499       -0.57818        1.00552        0.79688
0.342401        0.92634        0.93103        1.00507        0.22413        0.98559       -0.00409        0.31097       -0.58751        1.00572        0.79097
0.347970        0.92398        0.92883        1.00525        0.22411        0.98555       -0.00415        0.31711       -0.59697        1.00594        0.78491
0.353630        0.92155        0.92656        1.00543        0.22408        0.98550       -0.00421        0.32341       -0.60656        1.00616        0.77870
0.359381        0.91905        0.92422        1.00562        0.22402        0.98545       -0.00427        0.32984       -0.61631        1.00640        0.77235
0.365227        0.91646        0.92180        1.00582        0.22392        0.98539       -0.00433        0.33646       -0.62617        1.00664        0.76582
0.371167        0.91381        0.91932        1.00602        0.22380        0.98534       -0.00438        0.34322       -0.63619        1.00690        0.75916
0.377204        0.91107        0.91675        1.00624        0.22364        0.98529       -0.00444        0.35018       -0.64633        1.00716        0.75233
0.383340        0.90824        0.91411        1.00646        0.22344        0.98523       -0.00449        0.35731       -0.65661        1.00744        0.74534
0.389575        0.90534        0.91139        1.00668        0.22320        0.98517       -0.00455        0.36460       -0.66703        1.00772        0.73820
0.395911        0.90233        0.90858        1.00692        0.22289        0.98511       -0.00460        0.37212       -0.67757        1.00803        0.73088
0.402351        0.89925        0.90569        1.00717        0.22255        0.98505       -0.00465        0.37980       -0.68826        1.00834        0.72341
0.408895        0.89607        0.90272        1.00742        0.22215        0.98499       -0.00470        0.38768       -0.69907        1.00866        0.71577
0.415546        0.89278        0.89965        1.00769        0.22166        0.98492       -0.00474        0.39579       -0.71000        1.00900        0.70796
0.422304        0.88941        0.89649        1.00796        0.22111        0.98485       -0.00478        0.40409       -0.72106        1.00936        0.69999
0.429173        0.88594        0.89325        1.00824        0.22049        0.98479       -0.00482        0.41261       -0.73224        1.00973        0.69185
0.436154        0.88236        0.88989        1.00854        0.21975        0.98472       -0.00486        0.42136       -0.74352        1.01011        0.68354
0.443248        0.87868        0.88645        1.00885        0.21893        0.98465       -0.00489        0.43033       -0.75491        1.01052        0.67506
0.450457        0.87490        0.88292        1.00917        0.21802        0.98458       -0.00491        0.43952       -0.76643        1.01093        0.66643
0.457784        0.87099        0.87926        1.00950        0.21696        0.98450       -0.00493        0.44897       -0.77801        1.01137        0.65761
0.465230        0.86698        0.87551        1.00984        0.21576        0.98443       -0.00494        0.45866       -0.78969        1.01183        0.64864
0.472797        0.86286        0.87166        1.01020        0.21444        0.98436       -0.00494        0.46858       -0.80145        1.01230        0.63949
0.480487        0.85862        0.86770        1.01057        0.21297        0.98429       -0.00493        0.47875       -0.81329        1.01279        0.63019
0.488302        0.85426        0.86362        1.01096        0.21130        0.98421       -0.00492        0.48918       -0.82516        1.01331        0.62072
0.496244        0.84978        0.85943        1.01136        0.20943        0.98414       -0.00489        0.49986       -0.83707        1.01384        0.61109
0.504316        0.84518        0.85513        1.01178        0.20737        0.98407       -0.00485        0.51079       -0.84902        1.01440        0.60130
0.512519        0.84045        0.85072        1.01221        0.20509        0.98400       -0.00479        0.52197       -0.86099        1.01498        0.59135
0.520855        0.83561        0.84619        1.01266        0.20257        0.98394       -0.00472        0.53340       -0.87296        1.01558        0.58125
0.529327        0.83063        0.84154        1.01313        0.19976        0.98387       -0.00463        0.54507       -0.88488        1.01620        0.57100
0.537936        0.82552        0.83676        1.01362        0.19663        0.98381       -0.00452        0.55698       -0.89673        1.01685        0.56060
0.546686        0.82029        0.83187        1.01412        0.19320        0.98376       -0.00439        0.56911       -0.90852        1.01752        0.55006
0.555578        0.81492        0.82686        1.01465        0.18942        0.98371       -0.00423        0.58146       -0.92021        1.01821        0.53939
0.564614        0.80943        0.82173        1.01520        0.18526        0.98368       -0.00405        0.59400       -0.93176        1.01893        0.52858
0.573798        0.80381        0.81649        1.01577        0.18071        0.98365       -0.00384        0.60671       -0.94316        1.01966        0.51764
0.583131        0.79807        0.81112        1.01636        0.17572        0.98363       -0.00359        0.61956       -0.95435        1.02042        0.50658
0.592615        0.79219        0.80564        1.01697        0.17026        0.98362       -0.00331        0.63253       -0.96529        1.02120        0.49541
0.602254        0.78620        0.80004        1.01761        0.16429        0.98363       -0.00299        0.64557       -0.97596        1.02199        0.48413
0.612050        0.78008        0.79433        1.01827        0.15779        0.98366       -0.00263        0.65864       -0.98629        1.02280        0.47275
0.622005        0.77384        0.78851        1.01896        0.15072        0.98371       -0.00222        0.67167       -0.99623        1.02362        0.46127
0.632122        0.76750        0.78259        1.01967        0.14305        0.98379       -0.00176        0.68460       -1.00574        1.02445        0.44972
0.642403        0.76104        0.77657        1.02041        0.13475        0.98389       -0.00125        0.69734       -1.01475        1.02528        0.43809
0.652852        0.75449        0.77046        1.02117        0.12579        0.98402       -0.00068        0.70982       -1.02321        1.02610        0.42639
0.663471        0.74784        0.76426        1.02197        0.11616        0.98419       -0.00005        0.72191       -1.03105        1.02692        0.41464
0.674262        0.74111        0.75799        1.02279        0.10583        0.98440        0.00065        0.73351       -1.03820        1.02771        0.40284
0.685229        0.73430        0.75166        1.02363        0.09479        0.98465        0.00141        0.74447       -1.04462        1.02847        0.39101
0.696374        0.72743        0.74526        1.02451        0.08306        0.98496        0.00224        0.75465       -1.05022        1.02920        0.37915
0.707701        0.72052        0.73883        1.02541        0.07063        0.98532        0.00314        0.76387       -1.05494        1.02987        0.36727
0.719212        0.71356        0.73236        1.02634        0.05754        0.98573        0.00412        0.77196       -1.05872        1.03046        0.35540
0.730910        0.70659        0.72587        1.02730        0.04379        0.98622        0.00516        0.77861       -1.06143        1.03097        0.34354
0.742798        0.69961        0.71940        1.02828        0.02944        0.98677        0.00628        0.78354       -1.06298        1.03135        0.33172
0.754880        0.69265        0.71293        1.02928        0.01460        0.98741        0.00746        0.78662       -1.06339        1.03160        0.31994
0.767158        0.68570        0.70648        1.03031       -0.00066        0.98812        0.00871        0.78757       -1.06263        1.03170        0.30820
0.779636        0.67880        0.70008        1.03135       -0.01622        0.98891        0.01000        0.78615       -1.06063        1.03161        0.29652
0.792317        0.67196        0.69374        1.03241       -0.03193        0.98979        0.01134        0.78165       -1.05722        1.03128        0.28494
0.805204        0.66519        0.68746        1.03348       -0.04764        0.99076        0.01272        0.77403       -1.05248        1.03070        0.27345
0.818301        0.65850        0.68125        1.03455       -0.06320        0.99181        0.01411        0.76308       -1.04647        1.02983        0.26206
0.831610        0.65190        0.67512        1.03563       -0.07835        0.99294        0.01550        0.74818       -1.03908        1.02863        0.25080
0.845137        0.64539        0.66907        1.03670       -0.09286        0.99415        0.01687        0.72892       -1.03033        1.02703        0.23969
0.858883        0.63896        0.66308        1.03776       -0.10662        0.99543        0.01821        0.70541       -1.02039        1.02505        0.22871
0.872853        0.63261        0.65716        1.03880       -0.11922        0.99678        0.01948        0.67676       -1.00920        1.02259        0.21791
0.887050        0.62632        0.65125        1.03981       -0.13055        0.99817        0.02066        0.64307       -0.99692        1.01965        0.20729
0.901478        0.62005        0.64534        1.04079       -0.14039        0.99958        0.02174        0.60415       -0.98369        1.01619        0.19686
0.916140        0.61379        0.63939        1.04171       -0.14839        1.00101        0.02267        0.55946       -0.96958        1.01215        0.18665
0.931041        0.60747        0.63333        1.04258       -0.15459        1.00243        0.02346        0.50948       -0.95485        1.00755        0.17664
0.946185        0.60105        0.62712        1.04337       -0.15857        1.00381        0.02406        0.45358       -0.93962        1.00232        0.16689
0.961575        0.59448        0.62068        1.04408       -0.16051        1.00512        0.02448        0.39249       -0.92414        0.99651        0.15737
0.977215        0.58767        0.61394        1.04469       -0.16013        1.00634        0.02469        0.32601       -0.90863        0.99007        0.14811
0.993109        0.58059        0.60683        1.04519       -0.15758        1.00743        0.02468        0.25478       -0.89331        0.98307        0.13912
1.009262        0.57316        0.59928        1.04558       -0.15294        1.00838        0.02447        0.17928       -0.87839        0.97552        0.13040
1.025678        0.56530        0.59121        1.04583       -0.14620        1.00913        0.02404        0.10000       -0.86418        0.96745        0.12198
1.042361        0.55701        0.58260        1.04594       -0.13776        1.00968        0.02343        0.01793       -0.85079        0.95897        0.11385
1.059315        0.54823        0.57339        1.04589       -0.12778        1.00999        0.02265       -0.06615       -0.83844        0.95014        0.10601
1.076545        0.53894        0.56356        1.04569       -0.11656        1.01004        0.02173       -0.15117       -0.82735        0.94105        0.09850
1.094055        0.52916        0.55314        1.04531       -0.10449        1.00982        0.02069       -0.23609       -0.81754        0.93183        0.09129
1.111850        0.51891        0.54214        1.04478       -0.09190        1.00932        0.01958       -0.31984       -0.80911        0.92258        0.08439
1.129934        0.50824        0.53063        1.04407       -0.07914        1.00853        0.01843       -0.40131       -0.80210        0.91344        0.07781
1.148312        0.49720        0.51867        1.04319       -0.06655        1.00745        0.01728       -0.47915       -0.79658        0.90455        0.07157
1.166990        0.48588        0.50636        1.04214       -0.05441        1.00608        0.01616       -0.55255       -0.79242        0.89603        0.06564
1.185971        0.47438        0.49379        1.04093       -0.04297        1.00445        0.01510       -0.62055       -0.78956        0.88800        0.06003
1.205261        0.46278        0.48109        1.03957       -0.03241        1.00257        0.01413       -0.68229       -0.78790        0.88059        0.05475
1.224865        0.45117        0.46835        1.03807       -0.02286        1.00046        0.01326       -0.73705       -0.78732        0.87391        0.04977
1.244787        0.43966        0.45568        1.03644       -0.01441        0.99813        0.01251       -0.78422       -0.78771        0.86805        0.04511
1.265034        0.42830        0.44316        1.03469       -0.00708        0.99562        0.01189       -0.82333       -0.78893        0.86310        0.04075
1.285610        0.41718        0.43088        1.03285       -0.00087        0.99295        0.01140       -0.85406       -0.79084        0.85915        0.03669
1.306520        0.40633        0.41890        1.03092        0.00428        0.99016        0.01103       -0.87620       -0.79332        0.85624        0.03292
1.327771        0.39580        0.40725        1.02893        0.00843        0.98726        0.01078       -0.88967       -0.79625        0.85442        0.02943
1.349367        0.38559        0.39596        1.02689        0.01166        0.98430        0.01066       -0.89449       -0.79952        0.85373        0.02621
1.371315        0.37571        0.38504        1.02483        0.01404        0.98129        0.01064       -0.89057       -0.80303        0.85422        0.02326
1.393619        0.36614        0.37448        1.02276        0.01569        0.97828        0.01072       -0.87819       -0.80668        0.85589        0.02057
1.416287        0.35684        0.36423        1.02071        0.01672        0.97529        0.01089       -0.85778       -0.81040        0.85871        0.01811
1.439323        0.34776        0.35426        1.01869        0.01720        0.97234        0.01115       -0.82968       -0.81412        0.86267        0.01587
1.462733        0.33886        0.34453        1.01672        0.01721        0.96948        0.01148       -0.79405       -0.81777        0.86780        0.01386
1.486525        0.33007        0.33496        1.01482        0.01683        0.96672        0.01189       -0.75161       -0.82130        0.87402        0.01204
1.510703        0.32131        0.32549        1.01301        0.01616        0.96408        0.01236       -0.70295       -0.82468        0.88127        0.01042
1.535275        0.31252        0.31606        1.01131        0.01522        0.96161        0.01290       -0.64849       -0.82784        0.88953        0.00897
1.560246        0.30364        0.30660        1.00973        0.01409        0.95930        0.01350       -0.58918       -0.83078        0.89867        0.00768
1.585624        0.29461        0.29706        1.00829        0.01281        0.95720        0.01417       -0.52554       -0.83344        0.90865        0.00655
1.611414        0.28538        0.28738        1.00700        0.01141        0.95531        0.01490       -0.45856       -0.83583        0.91932        0.00555
1.637624        0.27590        0.27753        1.00588        0.00993        0.95365        0.01570       -0.38898       -0.83791        0.93060        0.00469
1.664260        0.26617        0.26748        1.00493        0.00838        0.95224        0.01657       -0.31770       -0.83967        0.94234        0.00393
1.691330        0.25617        0.25723        1.00416        0.00679        0.95108        0.01753       -0.24561       -0.84112        0.95442        0.00328
1.718839        0.24591        0.24679        1.00358        0.00516        0.95019        0.01858       -0.17357       -0.84223        0.96669        0.00272
1.746796        0.23543        0.23618        1.00319        0.00350        0.94956        0.01972       -0.10246       -0.84301        0.97900        0.00224
1.775208        0.22477        0.22544        1.00300        0.00181        0.94920        0.02098       -0.03306       -0.84346        0.99122        0.00183
1.804082        0.21397        0.21461        1.00300        0.00009        0.94911        0.02236        0.03389       -0.84359        1.00320        0.00149
1.833425        0.20312        0.20377        1.00320       -0.00167        0.94929        0.02388        0.09773       -0.84340        1.01481        0.00120
1.863246        0.19227        0.19296        1.00358       -0.00347        0.94972        0.02555        0.15786       -0.84290        1.02593        0.00097
1.893552        0.18151        0.18226        1.00415       -0.00531        0.95041        0.02738        0.21381       -0.84210        1.03646        0.00077
1.924351        0.17089        0.17173        1.00490       -0.00721        0.95134        0.02939        0.26522       -0.84103        1.04629        0.00061
1.955651        0.16051        0.16144        1.00581       -0.00917        0.95249        0.03160        0.31182       -0.83968        1.05535        0.00048
1.987460        0.15040        0.15143        1.00688       -0.01119        0.95385        0.03402        0.35345       -0.83809        1.06358        0.00037
2.019786        0.14062        0.14176        1.00810       -0.01328        0.95541        0.03666        0.39007       -0.83627        1.07094        0.00029
2.052638        0.13123        0.13247        1.00946       -0.01543        0.95715        0.03956        0.42156       -0.83424        1.07738        0.00022
2.086024        0.12224        0.12358        1.01094       -0.01764        0.95904        0.04272        0.44703       -0.83201        1.08269        0.00000
2.119953        0.11369        0.11511        1.01253       -0.01991        0.96107        0.04617        0.46889       -0.82963        1.08732        0.00000
2.154435        0.10558        0.10708        1.01422       -0.02225        0.96323        0.04993        0.48608       -0.82709        1.09103        0.00000
2.189477        0.09791        0.09948        1.01600       -0.02465        0.96549        0.05403        0.49902       -0.82443        1.09388        0.00000
2.225089        0.09070        0.09232        1.01786       -0.02711        0.96783        0.05849        0.50786       -0.82166        1.09587        0.00000
2.261280        0.08392        0.08558        1.01978       -0.02962        0.97024        0.06335        0.51299       -0.81881        1.09707        0.00000
2.298060        0.07756        0.07925        1.02174       -0.03219        0.97269        0.06864        0.51467       -0.81589        1.09750        0.00000
2.335438        0.07161        0.07331        1.02375       -0.03480        0.97516        0.07440        0.51324       -0.81293        1.09721        0.00000
2.373424        0.06604        0.06774        1.02579       -0.03747        0.97765        0.08069        0.50905       -0.80996        1.09627        0.00000
2.412028        0.06084        0.06253        1.02785       -0.04018        0.98012        0.08755        0.50240       -0.80698        1.09472        0.00000
2.451260        0.05598        0.05766        1.02992       -0.04295        0.98255        0.09506        0.49361       -0.80402        1.09263        0.00000
2.491130        0.05145        0.05310        1.03199       -0.04577        0.98494        0.10330        0.48300       -0.80110        1.09006        0.00000
2.531648        0.04722        0.04883        1.03405       -0.04867        0.98725        0.11237        0.47085       -0.79825        1.08705        0.00000
2.572826        0.04327        0.04483        1.03609       -0.05166        0.98948        0.12238        0.45747       -0.79547        1.08368        0.00000
2.614673        0.03958        0.04109        1.03812       -0.05476        0.99159        0.13347        0.44313       -0.79280        1.08001        0.00000
2.657201        0.03613        0.03758        1.04012       -0.05800        0.99358        0.14581        0.42810       -0.79025        1.07609        0.00000
2.700421        0.03292        0.03430        1.04208       -0.06143        0.99540        0.15960        0.41262       -0.78785        1.07199        0.00000
2.744343        0.02991        0.03123        1.04401       -0.06510        0.99705        0.17513        0.39693       -0.78562        1.06776        0.00000
2.788980        0.02710        0.02834        1.04591       -0.06908        0.99849        0.19270        0.38126       -0.78359        1.06347        0.00000
2.834343        0.02447        0.02564        1.04776       -0.07347        0.99968        0.21273        0.36583       -0.78179        1.05917        0.00000
2.880444        0.02201        0.02310        1.04958       -0.07840        1.00058        0.23575        0.35084       -0.78026        1.05492        0.00000
2.927295        0.01971        0.02072        1.05135       -0.08406        1.00114        0.26252        0.33650       -0.77905        1.05080        0.00000
2.974908        0.01815        0.01912        1.05324       -0.09642        1.00227        0.28825        0.34629       -0.77725        1.05677        0.00000
3.023295        0.01800        0.01898        1.05550       -0.12219        1.00549        0.30319        0.40912       -0.77339        1.08526        0.00000
3.072469        0.01784        0.01885        1.05780       -0.14839        1.00877        0.31837        0.47296       -0.76947        1.11422        0.00000
3.122443        0.01768        0.01871        1.06014       -0.17501        1.01210        0.33380        0.53785       -0.76548        1.14365        0.00000
3.173230        0.01752        0.01857        1.06251       -0.20207        1.01548        0.34948        0.60379       -0.76143        1.17356        0.00000
3.224842        0.01736        0.01843        1.06492       -0.22957        1.01892        0.36542        0.67080       -0.75732        1.20395        0.00000
3.277295        0.01719        0.01829        1.06737       -0.25751        1.02241        0.38161        0.73890       -0.75313        1.23484        0.00000
3.330600        0.01702        0.01814        1.06986       -0.28591        1.02596        0.39807        0.80811       -0.74888        1.26623        0.00000
3.384773        0.01685        0.01799        1.07239       -0.31477        1.02957        0.41479        0.87844       -0.74456        1.29813        0.00000
3.439826        0.01667        0.01784        1.07497       -0.34410        1.03323        0.43179        0.94992       -0.74017        1.33055        0.00000
3.495776        0.01650        0.01769        1.07758       -0.37390        1.03696        0.44907        1.02256       -0.73571        1.36350        0.00000
3.552635        0.01632        0.01753        1.08024       -0.40419        1.04075        0.46662        1.09639       -0.73117        1.39698        0.00000
3.610419        0.01613        0.01738        1.08294       -0.43498        1.04460        0.48446        1.17141       -0.72656        1.43101        0.00000
3.669142        0.01595        0.01722        1.08568       -0.46626        1.04851        0.50259        1.24766       -0.72188        1.46559        0.00000
3.728821        0.01576        0.01705        1.08847       -0.49806        1.05248        0.52102        1.32514       -0.71712        1.50074        0.00000
3.789471        0.01556        0.01689        1.09130       -0.53037        1.05652        0.53974        1.40389       -0.71228        1.53645        0.00000
3.851107        0.01537        0.01672        1.09418       -0.56320        1.06063        0.55877        1.48391       -0.70736        1.57275        0.00000
3.913746        0.01517        0.01655        1.09711       -0.59657        1.06480        0.57811        1.56524       -0.70237        1.60964        0.00000
3.977403        0.01497        0.01637        1.10009       -0.63049        1.06904        0.59777        1.64789       -0.69729        1.64712        0.00000
4.042096        0.01476        0.01619        1.10311       -0.66495        1.07335        0.61774        1.73188       -0.69213        1.68522        0.00000
4.107841        0.01455        0.01601        1.10618       -0.69997        1.07773        0.63804        1.81724       -0.68688        1.72394        0.00000
4.174655        0.01434        0.01583        1.10930       -0.73557        1.08218        0.65867        1.90399       -0.68156        1.76328        0.00000
4.242556        0.01412        0.01565        1.11248       -0.77174        1.08670        0.67963        1.99215       -0.67614        1.80327        0.00000
4.311562        0.01390        0.01546        1.11570       -0.80850        1.09129        0.70094        2.08175       -0.67064        1.84390        0.00000
4.381690        0.01368        0.01527        1.11898       -0.84586        1.09597        0.72259        2.17280       -0.66504        1.88520        0.00000
4.452959        0.01345        0.01507        1.12231       -0.88383        1.10071        0.74460        2.26533       -0.65936        1.92717        0.00000
4.525386        0.01322        0.01487        1.12569       -0.92242        1.10554        0.76696        2.35937       -0.65358        1.96982        0.00000
4.598992        0.01091        0.01238        1.13411       -1.14309        1.11327        0.94107        2.43389       -0.64289        2.00375        0.00000
4.673795        0.00783        0.00907        1.15791       -1.60301        1.13942        1.32232        2.42411       -0.60815        1.99964        0.00000
4.749815        0.00634        0.00749        1.18298       -1.99177        1.17127        1.64772        2.40924       -0.56703        1.99308        0.00000
4.827071        0.00534        0.00645        1.20941       -2.37637        1.20752        1.97182        2.39338       -0.52053        1.98593        0.00000
4.905584        0.00460        0.00569        1.23729       -2.77309        1.24838        2.30806        2.37705       -0.46822        1.97843        0.00000
4.985373        0.00402        0.00509        1.26676       -3.18945        1.29453        2.66286        2.36030       -0.40918        1.97060        0.00000
5.066461        0.00355        0.00461        1.29792       -3.63016        1.34693        3.04047        2.34290       -0.34215        1.96231        0.00000
5.148867        0.00316        0.00421        1.33093       -4.09851        1.40687        3.44416        2.32449       -0.26548        1.95337        0.00000
5.232614        0.00283        0.00387        1.36592       -4.59673        1.47608        3.87661        2.30444       -0.17695        1.94343        0.00000
5.317723        0.00255        0.00358        1.40303       -5.12538        1.55686        4.33959        2.28175       -0.07363        1.93192        0.00000
