x               rho            P              T              ur             uphi           uz             Br             Bphi           Bz             m
0.010000        0.99964        0.99967        1.00002        0.68427        0.98130       -0.00067        0.04607       -0.15713        1.00003        0.99995
0.010163        0.99963        0.99966        1.00002        0.68428        0.98130       -0.00068        0.04682       -0.15968        1.00003        0.99995
0.010328        0.99961        0.99964        1.00003        0.68428        0.98130       -0.00069        0.04759       -0.16228        1.00003        0.99995
0.010496        0.99960        0.99962        1.00003        0.68429        0.98130       -0.00070        0.04836       -0.16492        1.00003        0.99994
0.010667        0.99958        0.99961        1.00003        0.68430        0.98130       -0.00072        0.04915       -0.16760        1.00003        0.99994
0.010840        0.99956        0.99959        1.00003        0.68431        0.98130       -0.00073        0.04995       -0.17033        1.00004        0.99994
0.011016        0.99954        0.99957        1.00003        0.68431        0.98130       -0.00074        0.05076       -0.17310        1.00004        0.99994
0.011196        0.99952        0.99955        1.00003        0.68432        0.98130       -0.00075        0.05158       -0.17591        1.00004        0.99993
0.011378        0.99950        0.99953        1.00003        0.68433        0.98130       -0.00076        0.05242       -0.17877        1.00004        0.99993
0.011563        0.99948        0.99952        1.00003        0.68434        0.98130       -0.00078        0.05328       -0.18168        1.00004        0.99993
0.011751        0.99946        0.99950        1.00004        0.68435        0.98130       -0.00079        0.05414       -0.18463        1.00004        0.99992
0.011942        0.99944        0.99948        1.00004        0.68436        0.98130       -0.00080        0.05503       -0.18764        1.00004        0.99992
0.012136        0.99942        0.99946        1.00004        0.68437        0.98130       -0.00081        0.05592       -0.19069        1.00005        0.99992
0.012334        0.99940        0.99944        1.00004        0.68437        0.98130       -0.00083        0.05683       -0.19379        1.00005        0.99992
0.012534        0.99938        0.99942        1.00004        0.68438        0.98129       -0.00084        0.05776       -0.19694        1.00005        0.99991
0.012738        0.99936        0.99940        1.00004        0.68439        0.98129       -0.00086        0.05870       -0.20014        1.00005        0.99991
0.012945        0.99934        0.99938        1.00004        0.68440        0.98129       -0.00087        0.05965       -0.20340        1.00005        0.99991
0.013156        0.99931        0.99936        1.00005        0.68441        0.98129       -0.00088        0.06062       -0.20671        1.00006        0.99990
0.013370        0.99929        0.99934        1.00005        0.68442        0.98129       -0.00090        0.06161       -0.21007        1.00006        0.99990
0.013587        0.99927        0.99931        1.00005        0.68443        0.98129       -0.00091        0.06261       -0.21348        1.00006        0.99990
0.013808        0.99924        0.99929        1.00005        0.68444        0.98129       -0.00093        0.06363       -0.21696        1.00006        0.99989
0.014033        0.99922        0.99927        1.00005        0.68445        0.98129       -0.00094        0.06466       -0.22048        1.00006        0.99989
0.014261        0.99919        0.99925        1.00005        0.68446        0.98129       -0.00096        0.06572       -0.22407        1.00006        0.99989
0.014493        0.99917        0.99922        1.00005        0.68447        0.98129       -0.00097        0.06679       -0.22771        1.00007        0.99988
0.014729        0.99914        0.99920        1.00006        0.68448        0.98129       -0.00099        0.06787       -0.23142        1.00007        0.99988
0.014968        0.99912        0.99918        1.00006        0.68449        0.98129       -0.00101        0.06898       -0.23518        1.00007        0.99988
0.015212        0.99909        0.99915        1.00006        0.68451        0.98129       -0.00102        0.07010       -0.23900        1.00007        0.99987
0.015459        0.99907        0.99913        1.00006        0.68452        0.98129       -0.00104        0.07124       -0.24289        1.00008        0.99987
0.015711        0.99904        0.99910        1.00006        0.68453        0.98129       -0.00106        0.07240       -0.24684        1.00008        0.99986
0.015966        0.99901        0.99908        1.00006        0.68454        0.98129       -0.00107        0.07358       -0.25086        1.00008        0.99986
0.016226        0.99898        0.99905        1.00007        0.68455        0.98129       -0.00109        0.07477       -0.25494        1.00008        0.99986
0.016490        0.99896        0.99902        1.00007        0.68456        0.98129       -0.00111        0.07599       -0.25908        1.00008        0.99985
0.016758        0.99893        0.99900        1.00007        0.68458        0.98129       -0.00113        0.07723       -0.26329        1.00009        0.99985
0.017031        0.99890        0.99897        1.00007        0.68459        0.98129       -0.00114        0.07848       -0.26758        1.00009        0.99984
0.017308        0.99887        0.99894        1.00007        0.68460        0.98129       -0.00116        0.07976       -0.27193        1.00009        0.99984
0.017589        0.99884        0.99891        1.00008        0.68461        0.98129       -0.00118        0.08106       -0.27635        1.00009        0.99984
0.017875        0.99881        0.99889        1.00008        0.68463        0.98129       -0.00120        0.08238       -0.28085        1.00010        0.99983
0.018166        0.99878        0.99886        1.00008        0.68464        0.98129       -0.00122        0.08372       -0.28541        1.00010        0.99983
0.018461        0.99875        0.99883        1.00008        0.68465        0.98129       -0.00124        0.08508       -0.29005        1.00010        0.99982
0.018762        0.99871        0.99880        1.00008        0.68467        0.98129       -0.00126        0.08646       -0.29477        1.00010        0.99982
0.019067        0.99868        0.99877        1.00009        0.68468        0.98129       -0.00128        0.08787       -0.29957        1.00011        0.99981
0.019377        0.99865        0.99874        1.00009        0.68470        0.98129       -0.00130        0.08930       -0.30444        1.00011        0.99981
0.019692        0.99861        0.99870        1.00009        0.68471        0.98128       -0.00132        0.09075       -0.30939        1.00011        0.99980
0.020012        0.99858        0.99867        1.00009        0.68473        0.98128       -0.00134        0.09223       -0.31442        1.00011        0.99980
0.020338        0.99853        0.99862        1.00010        0.68475        0.98128       -0.00137        0.09373       -0.31953        1.00012        0.99979
0.020669        0.99847        0.99857        1.00010        0.68477        0.98128       -0.00139        0.09526       -0.32473        1.00012        0.99978
0.021005        0.99841        0.99851        1.00010        0.68480        0.98128       -0.00141        0.09681       -0.33001        1.00013        0.99978
0.021347        0.99835        0.99846        1.00011        0.68482        0.98128       -0.00143        0.09838       -0.33537        1.00013        0.99977
0.021694        0.99829        0.99840        1.00011        0.68485        0.98128       -0.00146        0.09999       -0.34082        1.00014        0.99976
0.022047        0.99823        0.99834        1.00012        0.68488        0.98128       -0.00148        0.10162       -0.34636        1.00014        0.99975
0.022405        0.99816        0.99828        1.00012        0.68490        0.98128       -0.00151        0.10327       -0.35199        1.00015        0.99974
0.022770        0.99810        0.99822        1.00012        0.68493        0.98128       -0.00153        0.10495       -0.35772        1.00015        0.99973
0.023140        0.99803        0.99816        1.00013        0.68496        0.98128       -0.00156        0.10666       -0.36353        1.00016        0.99972
0.023516        0.99796        0.99810        1.00013        0.68499        0.98128       -0.00158        0.10840       -0.36944        1.00016        0.99971
0.023899        0.99790        0.99803        1.00014        0.68502        0.98128       -0.00161        0.11016       -0.37545        1.00017        0.99970
0.024288        0.99783        0.99797        1.00014        0.68505        0.98127       -0.00163        0.11196       -0.38155        1.00018        0.99969
0.024683        0.99776        0.99790        1.00015        0.68508        0.98127       -0.00166        0.11378       -0.38776        1.00018        0.99968
0.025084        0.99769        0.99784        1.00015        0.68511        0.98127       -0.00169        0.11563       -0.39406        1.00019        0.99967
0.025492        0.99761        0.99777        1.00016        0.68514        0.98127       -0.00171        0.11751       -0.40047        1.00019        0.99966
0.025907        0.99754        0.99770        1.00016        0.68517        0.98127       -0.00174        0.11943       -0.40698        1.00020        0.99965
0.026328        0.99747        0.99763        1.00017        0.68520        0.98127       -0.00177        0.12137       -0.41360        1.00020        0.99964
0.026756        0.99739        0.99756        1.00017        0.68524        0.98127       -0.00180        0.12335       -0.42032        1.00021        0.99963
0.027192        0.99731        0.99749        1.00018        0.68527        0.98127       -0.00183        0.12536       -0.42715        1.00022        0.99962
0.027634        0.99723        0.99741        1.00018        0.68530        0.98127       -0.00186        0.12740       -0.43410        1.00022        0.99961
0.028083        0.99715        0.99734        1.00019        0.68534        0.98127       -0.00189        0.12947       -0.44116        1.00023        0.99960
0.028540        0.99707        0.99726        1.00019        0.68537        0.98126       -0.00192        0.13158       -0.44833        1.00024        0.99959
0.029004        0.99699        0.99719        1.00020        0.68541        0.98126       -0.00195        0.13372       -0.45562        1.00024        0.99957
0.029476        0.99691        0.99711        1.00020        0.68544        0.98126       -0.00198        0.13590       -0.46303        1.00025        0.99956
0.029955        0.99682        0.99703        1.00021        0.68548        0.98126       -0.00201        0.13811       -0.47056        1.00026        0.99955
0.030443        0.99671        0.99693        1.00021        0.68553        0.98126       -0.00205        0.14036       -0.47820        1.00027        0.99954
0.030938        0.99659        0.99681        1.00022        0.68558        0.98126       -0.00208        0.14265       -0.48597        1.00028        0.99952
0.031441        0.99646        0.99669        1.00023        0.68563        0.98126       -0.00212        0.14498       -0.49387        1.00029        0.99950
0.031952        0.99634        0.99658        1.00024        0.68569        0.98125       -0.00215        0.14734       -0.50190        1.00030        0.99948
0.032472        0.99621        0.99645        1.00025        0.68574        0.98125       -0.00218        0.14974       -0.51005        1.00031        0.99946
0.033000        0.99608        0.99633        1.00026        0.68580        0.98125       -0.00222        0.15218       -0.51834        1.00032        0.99945
0.033537        0.99594        0.99621        1.00026        0.68585        0.98125       -0.00226        0.15466       -0.52676        1.00033        0.99943
0.034083        0.99581        0.99608        1.00027        0.68591        0.98125       -0.00229        0.15718       -0.53532        1.00034        0.99941
0.034637        0.99567        0.99595        1.00028        0.68597        0.98125       -0.00233        0.15975       -0.54402        1.00035        0.99939
0.035200        0.99553        0.99582        1.00029        0.68603        0.98124       -0.00237        0.16235       -0.55287        1.00036        0.99937
0.035773        0.99539        0.99569        1.00030        0.68609        0.98124       -0.00241        0.16500       -0.56185        1.00037        0.99935
0.036355        0.99525        0.99555        1.00031        0.68615        0.98124       -0.00245        0.16769       -0.57098        1.00038        0.99933
0.036946        0.99510        0.99542        1.00032        0.68622        0.98124       -0.00249        0.17042       -0.58026        1.00040        0.99931
0.037547        0.99495        0.99528        1.00033        0.68628        0.98124       -0.00253        0.17320       -0.58969        1.00041        0.99929
0.038158        0.99480        0.99514        1.00034        0.68635        0.98123       -0.00257        0.17602       -0.59928        1.00042        0.99926
0.038778        0.99465        0.99499        1.00035        0.68641        0.98123       -0.00261        0.17889       -0.60901        1.00043        0.99924
0.039409        0.99449        0.99485        1.00036        0.68648        0.98123       -0.00265        0.18180       -0.61891        1.00045        0.99922
0.040050        0.99433        0.99470        1.00037        0.68655        0.98123       -0.00270        0.18476       -0.62897        1.00046        0.99920
0.040701        0.99413        0.99451        1.00038        0.68664        0.98122       -0.00274        0.18778       -0.63919        1.00048        0.99917
0.041363        0.99392        0.99431        1.00040        0.68673        0.98122       -0.00279        0.19085       -0.64957        1.00049        0.99914
0.042036        0.99370        0.99411        1.00041        0.68682        0.98122       -0.00283        0.19396       -0.66012        1.00051        0.99911
0.042720        0.99348        0.99391        1.00043        0.68691        0.98122       -0.00288        0.19713       -0.67084        1.00053        0.99908
0.043415        0.99326        0.99370        1.00044        0.68701        0.98121       -0.00293        0.20035       -0.68173        1.00055        0.99905
0.044121        0.99304        0.99349        1.00045        0.68710        0.98121       -0.00297        0.20362       -0.69281        1.00056        0.99902
0.044839        0.99281        0.99328        1.00047        0.68720        0.98121       -0.00302        0.20694       -0.70406        1.00058        0.99898
0.045568        0.99258        0.99306        1.00048        0.68730        0.98120       -0.00307        0.21032       -0.71549        1.00060        0.99895
0.046309        0.99234        0.99284        1.00050        0.68740        0.98120       -0.00312        0.21375       -0.72712        1.00062        0.99892
0.047062        0.99210        0.99261        1.00052        0.68751        0.98120       -0.00317        0.21724       -0.73893        1.00064        0.99888
0.047828        0.99186        0.99239        1.00053        0.68761        0.98119       -0.00323        0.22079       -0.75093        1.00066        0.99885
0.048606        0.99161        0.99216        1.00055        0.68772        0.98119       -0.00328        0.22439       -0.76313        1.00068        0.99881
0.049396        0.99136        0.99192        1.00056        0.68783        0.98119       -0.00333        0.22805       -0.77552        1.00070        0.99878
0.050200        0.99110        0.99167        1.00058        0.68794        0.98118       -0.00339        0.23177       -0.78812        1.00072        0.99874
0.051016        0.99078        0.99138        1.00060        0.68808        0.98118       -0.00344        0.23556       -0.80091        1.00075        0.99870
0.051846        0.99046        0.99108        1.00062        0.68822        0.98118       -0.00350        0.23942       -0.81391        1.00077        0.99865
0.052689        0.99013        0.99077        1.00065        0.68836        0.98117       -0.00356        0.24333       -0.82711        1.00080        0.99860
0.053546        0.98980        0.99046        1.00067        0.68850        0.98117       -0.00362        0.24731       -0.84054        1.00083        0.99856
0.054417        0.98946        0.99014        1.00069        0.68865        0.98116       -0.00368        0.25136       -0.85418        1.00086        0.99851
0.055302        0.98912        0.98982        1.00071        0.68880        0.98116       -0.00374        0.25547       -0.86804        1.00088        0.99846
0.056202        0.98877        0.98950        1.00073        0.68895        0.98115       -0.00380        0.25964       -0.88213        1.00091        0.99841
0.057116        0.98842        0.98916        1.00076        0.68910        0.98115       -0.00386        0.26389       -0.89645        1.00094        0.99836
0.058045        0.98805        0.98883        1.00078        0.68926        0.98114       -0.00393        0.26820       -0.91100        1.00097        0.99831
0.058989        0.98769        0.98848        1.00081        0.68942        0.98114       -0.00399        0.27258       -0.92579        1.00100        0.99826
0.059948        0.98732        0.98814        1.00083        0.68958        0.98113       -0.00406        0.27704       -0.94082        1.00103        0.99820
0.060923        0.98688        0.98773        1.00086        0.68977        0.98113       -0.00412        0.28158       -0.95608        1.00107        0.99814
0.061914        0.98643        0.98730        1.00089        0.68997        0.98112       -0.00419        0.28620       -0.97158        1.00110        0.99808
0.062921        0.98597        0.98687        1.00092        0.69017        0.98111       -0.00426        0.29089       -0.98733        1.00114        0.99801
0.063945        0.98550        0.98643        1.00095        0.69037        0.98111       -0.00433        0.29565       -1.00335        1.00118        0.99795
0.064985        0.98502        0.98599        1.00098        0.69058        0.98110       -0.00440        0.30050       -1.01962        1.00122        0.99788
0.066042        0.98454        0.98554        1.00101        0.69079        0.98109       -0.00448        0.30542       -1.03615        1.00126        0.99781
0.067116        0.98405        0.98508        1.00105        0.69100        0.98109       -0.00455        0.31042       -1.05296        1.00130        0.99774
0.068208        0.98355        0.98461        1.00108        0.69122        0.98108       -0.00463        0.31551       -1.07003        1.00134        0.99767
0.069317        0.98304        0.98413        1.00111        0.69144        0.98107       -0.00470        0.32068       -1.08739        1.00138        0.99760
0.070445        0.98250        0.98363        1.00115        0.69168        0.98107       -0.00478        0.32593       -1.10502        1.00143        0.99752
0.071590        0.98190        0.98306        1.00119        0.69194        0.98106       -0.00486        0.33129       -1.12292        1.00148        0.99743
0.072755        0.98129        0.98249        1.00123        0.69221        0.98105       -0.00494        0.33673       -1.14111        1.00153        0.99735
0.073938        0.98066        0.98191        1.00127        0.69248        0.98104       -0.00502        0.34227       -1.15959        1.00158        0.99726
0.075141        0.98003        0.98131        1.00131        0.69276        0.98103       -0.00511        0.34789       -1.17838        1.00163        0.99717
0.076363        0.97939        0.98071        1.00135        0.69304        0.98102       -0.00519        0.35360       -1.19747        1.00168        0.99708
0.077605        0.97873        0.98010        1.00140        0.69333        0.98101       -0.00528        0.35941       -1.21687        1.00174        0.99698
0.078867        0.97807        0.97948        1.00144        0.69362        0.98100       -0.00537        0.36531       -1.23659        1.00179        0.99689
0.080150        0.97739        0.97884        1.00149        0.69392        0.98099       -0.00546        0.37131       -1.25663        1.00185        0.99679
0.081454        0.97661        0.97811        1.00154        0.69426        0.98098       -0.00555        0.37743       -1.27696        1.00191        0.99668
0.082779        0.97582        0.97738        1.00159        0.69461        0.98097       -0.00564        0.38365       -1.29762        1.00198        0.99657
0.084125        0.97502        0.97663        1.00164        0.69496        0.98096       -0.00574        0.38997       -1.31861        1.00205        0.99646
0.085493        0.97421        0.97586        1.00170        0.69532        0.98095       -0.00583        0.39639       -1.33995        1.00211        0.99634
0.086884        0.97338        0.97509        1.00175        0.69569        0.98094       -0.00593        0.40292       -1.36163        1.00218        0.99622
0.088297        0.97254        0.97430        1.00181        0.69606        0.98093       -0.00603        0.40955       -1.38367        1.00225        0.99610
0.089733        0.97169        0.97350        1.00187        0.69644        0.98091       -0.00613        0.41630       -1.40607        1.00232        0.99598
0.091193        0.97074        0.97262        1.00193        0.69686        0.98090       -0.00623        0.42317       -1.42880        1.00240        0.99585
0.092676        0.96976        0.97169        1.00199        0.69730        0.98089       -0.00634        0.43017       -1.45188        1.00248        0.99571
0.094183        0.96876        0.97076        1.00206        0.69774        0.98087       -0.00645        0.43728       -1.47534        1.00257        0.99556
0.095715        0.96775        0.96981        1.00213        0.69819        0.98086       -0.00656        0.44450       -1.49919        1.00265        0.99542
0.097272        0.96671        0.96884        1.00220        0.69865        0.98084       -0.00667        0.45185       -1.52342        1.00274        0.99527
0.098854        0.96567        0.96786        1.00227        0.69912        0.98083       -0.00678        0.45931       -1.54804        1.00283        0.99512
0.100462        0.96458        0.96683        1.00234        0.69961        0.98081       -0.00689        0.46690       -1.57306        1.00292        0.99496
0.102096        0.96338        0.96571        1.00242        0.70015        0.98080       -0.00701        0.47465       -1.59843        1.00302        0.99479
0.103757        0.96217        0.96458        1.00250        0.70069        0.98078       -0.00713        0.48252       -1.62422        1.00312        0.99462
0.105444        0.96094        0.96342        1.00259        0.70125        0.98076       -0.00725        0.49052       -1.65043        1.00323        0.99444
0.107159        0.95969        0.96225        1.00267        0.70181        0.98074       -0.00738        0.49865       -1.67707        1.00333        0.99426
0.108902        0.95841        0.96105        1.00276        0.70238        0.98072       -0.00750        0.50692       -1.70414        1.00344        0.99408
0.110674        0.95708        0.95981        1.00284        0.70298        0.98070       -0.00763        0.51533       -1.73163        1.00355        0.99389
0.112474        0.95565        0.95846        1.00294        0.70364        0.98068       -0.00776        0.52392       -1.75952        1.00367        0.99369
0.114303        0.95419        0.95709        1.00304        0.70430        0.98066       -0.00790        0.53264       -1.78786        1.00380        0.99348
0.116162        0.95271        0.95570        1.00314        0.70497        0.98064       -0.00803        0.54150       -1.81667        1.00392        0.99326
0.118052        0.95121        0.95429        1.00324        0.70566        0.98062       -0.00817        0.55051       -1.84594        1.00405        0.99305
0.119972        0.94968        0.95285        1.00335        0.70635        0.98059       -0.00831        0.55967       -1.87569        1.00418        0.99283
0.121923        0.94800        0.95128        1.00346        0.70712        0.98057       -0.00846        0.56903       -1.90585        1.00433        0.99259
0.123906        0.94629        0.94968        1.00358        0.70791        0.98054       -0.00860        0.57855       -1.93649        1.00447        0.99234
0.125922        0.94455        0.94804        1.00370        0.70871        0.98052       -0.00875        0.58822       -1.96764        1.00462        0.99209
0.127970        0.94279        0.94639        1.00382        0.70952        0.98049       -0.00891        0.59805       -1.99929        1.00477        0.99184
0.130051        0.94099        0.94470        1.00394        0.71035        0.98046       -0.00906        0.60803       -2.03145        1.00493        0.99158
0.132166        0.93904        0.94286        1.00407        0.71126        0.98043       -0.00922        0.61825       -2.06405        1.00510        0.99130
0.134316        0.93704        0.94099        1.00421        0.71219        0.98040       -0.00938        0.62864       -2.09717        1.00527        0.99101
0.136501        0.93502        0.93908        1.00435        0.71313        0.98037       -0.00955        0.63919       -2.13083        1.00545        0.99072
0.138721        0.93296        0.93715        1.00449        0.71409        0.98034       -0.00972        0.64992       -2.16504        1.00562        0.99042
0.140977        0.93081        0.93513        1.00464        0.71510        0.98031       -0.00989        0.66085       -2.19976        1.00581        0.99011
0.143270        0.92854        0.93299        1.00480        0.71617        0.98027       -0.01006        0.67201       -2.23498        1.00601        0.98978
0.145601        0.92623        0.93082        1.00496        0.71726        0.98024       -0.01024        0.68336       -2.27078        1.00621        0.98944
0.147969        0.92389        0.92861        1.00512        0.71837        0.98020       -0.01043        0.69488       -2.30715        1.00642        0.98910
0.150376        0.92148        0.92635        1.00529        0.71951        0.98016       -0.01061        0.70661       -2.34410        1.00663        0.98876
0.152821        0.91891        0.92393        1.00547        0.72074        0.98012       -0.01080        0.71860       -2.38154        1.00686        0.98838
0.155307        0.91629        0.92146        1.00565        0.72200        0.98008       -0.01100        0.73080       -2.41959        1.00709        0.98800
0.157833        0.91363        0.91896        1.00583        0.72327        0.98003       -0.01120        0.74319       -2.45826        1.00733        0.98761
0.160400        0.91090        0.91639        1.00603        0.72458        0.97999       -0.01140        0.75580       -2.49754        1.00757        0.98722
0.163009        0.90799        0.91365        1.00623        0.72600        0.97994       -0.01161        0.76870       -2.53733        1.00783        0.98679
0.165661        0.90504        0.91086        1.00644        0.72744        0.97989       -0.01182        0.78182       -2.57777        1.00810        0.98636
0.168355        0.90203        0.90803        1.00665        0.72890        0.97984       -0.01203        0.79515       -2.61886        1.00837        0.98592
0.171093        0.89892        0.90510        1.00687        0.73042        0.97979       -0.01226        0.80874       -2.66056        1.00865        0.98547
0.173876        0.89565        0.90201        1.00711        0.73204        0.97974       -0.01248        0.82263       -2.70283        1.00895        0.98499
0.176704        0.89232        0.89887        1.00734        0.73369        0.97968       -0.01271        0.83675       -2.74579        1.00926        0.98450
0.179578        0.88894        0.89568        1.00759        0.73536        0.97962       -0.01295        0.85110       -2.78945        1.00956        0.98400
0.182499        0.88537        0.89231        1.00784        0.73716        0.97956       -0.01319        0.86579       -2.83366        1.00989        0.98348
0.185468        0.88170        0.88885        1.00811        0.73900        0.97949       -0.01344        0.88075       -2.87856        1.01023        0.98294
0.188484        0.87797        0.88533        1.00838        0.74088        0.97943       -0.01369        0.89596       -2.92419        1.01058        0.98239
0.191550        0.87410        0.88167        1.00866        0.74285        0.97936       -0.01395        0.91148       -2.97046        1.01094        0.98182
0.194666        0.87008        0.87786        1.00895        0.74491        0.97929       -0.01422        0.92734       -3.01736        1.01132        0.98122
0.197832        0.86598        0.87399        1.00925        0.74701        0.97921       -0.01449        0.94346       -3.06503        1.01170        0.98061
0.201050        0.86177        0.87000        1.00956        0.74919        0.97914       -0.01477        0.95989       -3.11341        1.01210        0.97999
0.204320        0.85735        0.86583        1.00989        0.75150        0.97905       -0.01505        0.97672       -3.16240        1.01253        0.97933
0.207643        0.85287        0.86158        1.01022        0.75384        0.97897       -0.01535        0.99381       -3.21219        1.01295        0.97866
0.211020        0.84826        0.85722        1.01056        0.75627        0.97888       -0.01564        1.01124       -3.26271        1.01340        0.97798
0.214453        0.84344        0.85265        1.01092        0.75884        0.97879       -0.01595        1.02910       -3.31386        1.01387        0.97726
0.217941        0.83854        0.84800        1.01129        0.76145        0.97869       -0.01627        1.04725       -3.36585        1.01434        0.97652
0.221486        0.83349        0.84321        1.01167        0.76418        0.97859       -0.01659        1.06578       -3.41856        1.01484        0.97576
0.225088        0.82824        0.83823        1.01207        0.76704        0.97849       -0.01692        1.08474       -3.47194        1.01536        0.97497
0.228749        0.82290        0.83316        1.01247        0.76995        0.97838       -0.01726        1.10402       -3.52620        1.01589        0.97417
0.232470        0.81735        0.82789        1.01290        0.77302        0.97826       -0.01761        1.12376       -3.58112        1.01645        0.97333
0.236251        0.81164        0.82246        1.01334        0.77620        0.97814       -0.01797        1.14391       -3.63681        1.01703        0.97247
0.240093        0.80584        0.81695        1.01379        0.77944        0.97802       -0.01834        1.16439       -3.69342        1.01761        0.97159
0.243999        0.79974        0.81115        1.01426        0.78292        0.97789       -0.01872        1.18547       -3.75057        1.01824        0.97066
0.247967        0.79355        0.80525        1.01475        0.78645        0.97775       -0.01911        1.20690       -3.80865        1.01888        0.96972
0.252000        0.78717        0.79917        1.01525        0.79014        0.97761       -0.01951        1.22881       -3.86749        1.01954        0.96874
0.256099        0.78057        0.79288        1.01578        0.79399        0.97746       -0.01993        1.25124       -3.92706        1.02024        0.96773
0.260265        0.77386        0.78649        1.01631        0.79792        0.97731       -0.02035        1.27405       -3.98759        1.02095        0.96670
0.264498        0.76686        0.77979        1.01688        0.80212        0.97714       -0.02079        1.29754       -4.04867        1.02170        0.96561
0.268800        0.75974        0.77299        1.01745        0.80639        0.97697       -0.02124        1.32141       -4.11074        1.02247        0.96451
0.273172        0.75236        0.76594        1.01806        0.81089        0.97678       -0.02170        1.34592       -4.17348        1.02328        0.96337
0.277615        0.74481        0.75872        1.01868        0.81554        0.97659       -0.02218        1.37094       -4.23709        1.02411        0.96219
0.282131        0.73704        0.75129        1.01933        0.82037        0.97639       -0.02267        1.39654       -4.30150        1.02498        0.96098
0.286720        0.72905        0.74362        1.02000        0.82542        0.97618       -0.02318        1.42277       -4.36665        1.02588        0.95972
0.291383        0.72087        0.73578        1.02069        0.83063        0.97596       -0.02370        1.44954       -4.43270        1.02681        0.95843
0.296123        0.71242        0.72766        1.02141        0.83612        0.97573       -0.02425        1.47706       -4.49939        1.02779        0.95709
0.300939        0.70379        0.71938        1.02215        0.84174        0.97548       -0.02480        1.50511       -4.56706        1.02880        0.95572
0.305834        0.69488        0.71081        1.02293        0.84770        0.97522       -0.02539        1.53400       -4.63529        1.02986        0.95430
0.310808        0.68579        0.70206        1.02373        0.85379        0.97495       -0.02598        1.56343       -4.70453        1.03094        0.95284
0.315864        0.67640        0.69301        1.02457        0.86025        0.97465       -0.02660        1.59378       -4.77428        1.03209        0.95133
0.321001        0.66682        0.68377        1.02542        0.86686        0.97435       -0.02724        1.62471       -4.84504        1.03327        0.94978
0.326222        0.65695        0.67423        1.02633        0.87385        0.97402       -0.02790        1.65660       -4.91631        1.03452        0.94817
0.331528        0.64686        0.66449        1.02725        0.88104        0.97368       -0.02858        1.68916       -4.98851        1.03580        0.94652
0.336921        0.63649        0.65445        1.02822        0.88859        0.97331       -0.02930        1.72269       -5.06127        1.03714        0.94481
0.342401        0.62589        0.64417        1.02922        0.89641        0.97293       -0.03003        1.75703       -5.13483        1.03854        0.94306
0.347970        0.61502        0.63363        1.03026        0.90457        0.97251       -0.03079        1.79231       -5.20905        1.03999        0.94125
0.353630        0.60388        0.62280        1.03134        0.91309        0.97207       -0.03158        1.82858       -5.28385        1.04151        0.93938
0.359381        0.59251        0.61174        1.03246        0.92188        0.97161       -0.03240        1.86571       -5.35950        1.04309        0.93746
0.365227        0.58082        0.60035        1.03364        0.93114        0.97111       -0.03325        1.90409       -5.43541        1.04475        0.93547
0.371167        0.56891        0.58873        1.03484        0.94066        0.97058       -0.03413        1.94332       -5.51222        1.04646        0.93343
0.377204        0.55671        0.57680        1.03611        0.95065        0.97001       -0.03505        1.98385       -5.58929        1.04827        0.93132
0.383340        0.54425        0.56460        1.03742        0.96100        0.96940       -0.03600        2.02548       -5.66695        1.05015        0.92915
0.389575        0.53153        0.55214        1.03877        0.97169        0.96876       -0.03698        2.06820       -5.74525        1.05210        0.92692
0.395911        0.51853        0.53937        1.04020        0.98289        0.96805       -0.03801        2.11243       -5.82354        1.05416        0.92461
0.402351        0.50528        0.52633        1.04167        0.99441        0.96730       -0.03907        2.15780       -5.90246        1.05630        0.92224
0.408895        0.49177        0.51302        1.04320        1.00633        0.96650       -0.04017        2.20453       -5.98166        1.05854        0.91980
0.415546        0.47801        0.49941        1.04481        1.01868        0.96562       -0.04131        2.25284       -6.06079        1.06089        0.91727
0.422304        0.46400        0.48555        1.04647        1.03135        0.96469       -0.04249        2.30248       -6.14032        1.06334        0.91468
0.429173        0.44974        0.47142        1.04820        1.04438        0.96369       -0.04371        2.35364       -6.21991        1.06590        0.91202
0.436154        0.43526        0.45701        1.05002        1.05770        0.96258       -0.04497        2.40659       -6.29909        1.06860        0.90926
0.443248        0.42055        0.44236        1.05190        1.07124        0.96140       -0.04626        2.46105       -6.37836        1.07141        0.90643
0.450457        0.40562        0.42747        1.05386        1.08497        0.96014       -0.04759        2.51711       -6.45760        1.07433        0.90352
0.457784        0.39052        0.41234        1.05591        1.09869        0.95874       -0.04895        2.57518       -6.53591        1.07743        0.90051
0.465230        0.37524        0.39701        1.05805        1.11229        0.95724       -0.05033        2.63502       -6.61375        1.08066        0.89742
0.472797        0.35979        0.38147        1.06028        1.12566        0.95562       -0.05173        2.69660       -6.69110        1.08403        0.89424
0.480487        0.34419        0.36574        1.06260        1.13862        0.95387       -0.05313        2.76000       -6.76777        1.08755        0.89098
0.488302        0.32852        0.34988        1.06504        1.15056        0.95196       -0.05451        2.82549       -6.84284        1.09125        0.88761
0.496244        0.31279        0.33391        1.06759        1.16125        0.94989       -0.05585        2.89285       -6.91664        1.09512        0.88414
0.504316        0.29700        0.31785        1.07025        1.17037        0.94768       -0.05714        2.96201       -6.98909        1.09915        0.88058
0.512519        0.28121        0.30173        1.07302        1.17741        0.94531       -0.05833        3.03294       -7.05994        1.10334        0.87692
0.520855        0.26545        0.28560        1.07592        1.18178        0.94279       -0.05940        3.10556       -7.12891        1.10770        0.87315
0.529327        0.24983        0.26955        1.07895        1.18227        0.94011       -0.06027        3.17977       -7.19534        1.11224        0.86927
0.537936        0.23441        0.25365        1.08213        1.17786        0.93730       -0.06088        3.25527       -7.25895        1.11694        0.86529
0.546686        0.21922        0.23794        1.08546        1.16802        0.93439       -0.06118        3.33174       -7.31981        1.12179        0.86119
0.555578        0.20433        0.22249        1.08893        1.15177        0.93143       -0.06110        3.40883       -7.37765        1.12676        0.85698
0.564614        0.18982        0.20738        1.09256        1.12815        0.92848       -0.06056        3.48610       -7.43218        1.13183        0.85265
0.573798        0.17578        0.19270        1.09635        1.09628        0.92562       -0.05950        3.56298       -7.48317        1.13699        0.84821
0.583131        0.16229        0.17855        1.10032        1.05548        0.92293       -0.05784        3.63886       -7.53042        1.14218        0.84364
0.592615        0.14942        0.16502        1.10445        1.00542        0.92053       -0.05553        3.71301       -7.57379        1.14738        0.83895
0.602254        0.13727        0.15219        1.10877        0.94624        0.91852       -0.05256        3.78468       -7.61323        1.15253        0.83413
0.612050        0.12589        0.14015        1.11327        0.87859        0.91704       -0.04893        3.85308       -7.64877        1.15758        0.82919
0.622005        0.11535        0.12895        1.11796        0.80367        0.91617       -0.04469        3.91748       -7.68052        1.16248        0.82411
0.632122        0.10567        0.11865        1.12284        0.72315        0.91601       -0.03991        3.97722       -7.70870        1.16719        0.81890
0.642403        0.09687        0.10926        1.12791        0.63896        0.91661       -0.03471        4.03175       -7.73355        1.17165        0.81355
0.652852        0.08895        0.10079        1.13317        0.55313        0.91800       -0.02919        4.08067       -7.75541        1.17584        0.80806
0.663471        0.08189        0.09324        1.13862        0.46754        0.92018       -0.02350        4.12371       -7.77460        1.17972        0.80244
0.674262        0.07565        0.08656        1.14426        0.38380        0.92311       -0.01772        4.16075       -7.79146        1.18327        0.79666
0.685229        0.07019        0.08072        1.15010        0.30310        0.92677       -0.01198        4.19181       -7.80631        1.18648        0.79075
0.696374        0.06547        0.07569        1.15612        0.22622        0.93111       -0.00633        4.21694       -7.81945        1.18934        0.78468
0.707701        0.06143        0.07140        1.16232        0.15353        0.93606       -0.00082        4.23630       -7.83113        1.19185        0.77847
0.719212        0.05803        0.06782        1.16872        0.08507        0.94159        0.00450        4.25002       -7.84156        1.19400        0.77210
0.730910        0.05526        0.06494        1.17530        0.02085        0.94768        0.00963        4.25796       -7.85083        1.19577        0.76558
0.742798        0.05309        0.06275        1.18206       -0.03968        0.95427        0.01456        4.26015       -7.85909        1.19715        0.75890
0.754880        0.05145        0.06118        1.18900       -0.09755        0.96131        0.01935        4.25704       -7.86647        1.19816        0.75207
0.767158        0.05034        0.06021        1.19612       -0.15363        0.96877        0.02403        4.24859       -7.87303        1.19877        0.74508
0.779636        0.04974        0.05985        1.20341       -0.20888        0.97661        0.02866        4.23471       -7.87874        1.19897        0.73792
0.792317        0.04974        0.06022        1.21087       -0.26454        0.98482        0.03334        4.21436       -7.88341        1.19866        0.73060
0.805204        0.05030        0.06130        1.21850       -0.32215        0.99333        0.03818        4.18769       -7.88702        1.19782        0.72312
0.818301        0.05146        0.06311        1.22628       -0.38323        1.00206        0.04331        4.15432       -7.88943        1.19643        0.71547
0.831610        0.05334        0.06584        1.23420       -0.45002        1.01093        0.04894        4.11283       -7.89024        1.19433        0.70766
0.845137        0.05605        0.06964        1.24225       -0.52502        1.01980        0.05533        4.06185       -7.88894        1.19138        0.69968
0.858883        0.05964        0.07458        1.25042       -0.60985        1.02852        0.06266        4.00090       -7.88520        1.18752        0.69154
0.872853        0.06442        0.08109        1.25868       -0.70855        1.03676        0.07136        3.92660       -7.87772        1.18242        0.68322
0.887050        0.07052        0.08936        1.26699       -0.82252        1.04424        0.08164        3.83758       -7.86553        1.17590        0.67474
0.901478        0.07823        0.09977        1.27532       -0.95299        1.05055        0.09370        3.73124       -7.84696        1.16771        0.66609
0.916140        0.08799        0.11296        1.28362       -1.10015        1.05504        0.10771        3.60327       -7.81901        1.15736        0.65727
0.931041        0.09995        0.12913        1.29184       -1.25800        1.05743        0.12317        3.45311       -7.77966        1.14476        0.64829
0.946185        0.11472        0.14914        1.29987       -1.41729        1.05701        0.13935        3.27585       -7.72335        1.12933        0.63914
0.961575        0.13222        0.17291        1.30768       -1.56433        1.05411        0.15492        3.07385       -7.64779        1.11125        0.62983
0.977215        0.15271        0.20085        1.31513       -1.68287        1.04894        0.16831        2.84642       -7.54702        1.09030        0.62035
0.993109        0.17583        0.23249        1.32217       -1.76477        1.04251        0.17856        2.59834       -7.41902        1.06690        0.61071
1.009262        0.20117        0.26731        1.32873       -1.80937        1.03570        0.18544        2.33388       -7.26227        1.04139        0.60091
1.025678        0.22829        0.30471        1.33468       -1.82001        1.02928        0.18911        2.05704       -7.07393        1.01407        0.59096
1.042361        0.25649        0.34371        1.34002       -1.80852        1.02356        0.19062        1.77212       -6.85716        0.98539        0.58085
1.059315        0.28526        0.38358        1.34466       -1.78189        1.01870        0.19060        1.48139       -6.61178        0.95551        0.57060
1.076545        0.31401        0.42346        1.34852       -1.74682        1.01473        0.18967        1.18653       -6.33805        0.92456        0.56019
1.094055        0.34226        0.46260        1.35159       -1.70844        1.01151        0.18834        0.88822       -6.03900        0.89262        0.54965
1.111850        0.36954        0.50030        1.35384       -1.66959        1.00893        0.18690        0.58658       -5.71584        0.85967        0.53897
1.129934        0.39534        0.53577        1.35520       -1.63216        1.00692        0.18556        0.28136       -5.36990        0.82566        0.52815
1.148312        0.41908        0.56809        1.35558       -1.59742        1.00542        0.18445       -0.02805       -5.00235        0.79046        0.51721
1.166990        0.44035        0.59666        1.35498       -1.56573        1.00434        0.18363       -0.34252       -4.61594        0.75397        0.50615
1.185971        0.45867        0.62073        1.35335       -1.53720        1.00364        0.18313       -0.66301       -4.21276        0.71603        0.49497
1.205261        0.47352        0.63955        1.35063       -1.51167        1.00329        0.18293       -0.99059       -3.79533        0.67648        0.48369
1.224865        0.48440        0.65239        1.34679       -1.48867        1.00328        0.18301       -1.32635       -3.36662        0.63513        0.47230
1.244787        0.49083        0.65858        1.34177       -1.46741        1.00362        0.18326       -1.67140       -2.93018        0.59181        0.46082
1.265034        0.49234        0.65753        1.33552       -1.44669        1.00431        0.18356       -2.02670       -2.49026        0.54632        0.44926
1.285610        0.48853        0.64877        1.32799       -1.42470        1.00537        0.18365       -2.39296       -2.05194        0.49851        0.43763
1.306520        0.47909        0.63200        1.31915       -1.39878        1.00683        0.18320       -2.77034       -1.62123        0.44830        0.42593
1.327771        0.46387        0.60720        1.30898       -1.36505        1.00869        0.18165       -3.15809       -1.20523        0.39572        0.41417
1.349367        0.44294        0.57469        1.29744       -1.31798        1.01089        0.17821       -3.55394       -0.81211        0.34100        0.40237
1.371315        0.41664        0.53520        1.28453       -1.24938        1.01329        0.17166       -3.95301       -0.45223        0.28473        0.39053
1.393619        0.38604        0.49040        1.27027       -1.14957        1.01547        0.16051       -4.34651       -0.13562        0.22809        0.37868
1.416287        0.35292        0.44286        1.25477       -1.01006        1.01666        0.14333       -4.72137        0.12933        0.17296        0.36681
1.439323        0.31974        0.39590        1.23817       -0.82722        1.01570        0.11934       -5.05999        0.33629        0.12193        0.35493
1.462733        0.28978        0.35374        1.22064       -0.60723        1.01109        0.08908       -5.33864        0.48084        0.07858        0.34308
1.486525        0.26603        0.31991        1.20248       -0.37087        1.00215        0.05539       -5.54026        0.56968        0.04575        0.33126
1.510703        0.25071        0.29683        1.18398       -0.13909        0.98925        0.02129       -5.65308        0.61178        0.02561        0.31946
1.535275        0.24566        0.28632        1.16550        0.07560        0.97358       -0.01134       -5.66542        0.61401        0.02041        0.30773
1.560246        0.25087        0.28783        1.14733        0.27497        0.95694       -0.04261       -5.57893        0.58431        0.03044        0.29606
1.585624        0.26734        0.30205        1.12985        0.46440        0.94083       -0.07336       -5.37883        0.52085        0.05860        0.28448
1.611414        0.29414        0.32747        1.11333        0.64950        0.92635       -0.10438       -5.06119        0.42146        0.10616        0.27299
1.637624        0.33038        0.36280        1.09818        0.82856        0.91424       -0.13541       -4.60763        0.27647        0.17683        0.26161
1.664260        0.37253        0.40409        1.08477        0.99364        0.90459       -0.16508       -4.00893        0.07727        0.27295        0.25036
1.691330        0.41478        0.44525        1.07346        1.13374        0.89688       -0.19143       -3.26216       -0.18142        0.39589        0.23924
1.718839        0.44877        0.47781        1.06471        1.23664        0.89024       -0.21220       -2.36955       -0.49863        0.54625        0.22828
1.746796        0.46491        0.49231        1.05893        1.29091        0.88370       -0.22509       -1.34994       -0.85855        0.72172        0.21748
1.775208        0.45553        0.48124        1.05643        1.28320        0.87673       -0.22730       -0.23937       -1.23084        0.91677        0.20687
1.804082        0.41749        0.44149        1.05750        1.19622        0.86983       -0.21519        0.90452       -1.57539        1.12171        0.19645
1.833425        0.35557        0.37769        1.06224        1.02117        0.86498       -0.18643        1.99661       -1.85316        1.32132        0.18624
1.863246        0.28274        0.30266        1.07054        0.78153        0.86503       -0.14456        2.94066       -2.04427        1.49753        0.17626
1.893552        0.21419        0.23174        1.08201        0.53488        0.87178       -0.09984        3.67095       -2.15717        1.63706        0.16650
1.924351        0.15940        0.17470        1.09613        0.33197        0.88477       -0.06193        4.18153       -2.21708        1.73738        0.15700
1.955651        0.12015        0.13363        1.11237        0.18722        0.90239       -0.03402        4.51052       -2.24773        1.80443        0.14775
1.987460        0.09401        0.10626        1.13034        0.09011        0.92323       -0.01459        4.70607       -2.26392        1.84647        0.13877
2.019786        0.07777        0.08942        1.14972        0.02462        0.94647       -0.00097        4.80642       -2.27309        1.87026        0.13006
2.052638        0.06911        0.08088        1.17030       -0.02212        0.97166        0.00905        4.83355       -2.27850        1.87958        0.12165
2.086024        0.06651        0.07927        1.19188       -0.06041        0.99846        0.01729        4.79769       -2.28137        1.87601        0.11353
2.119953        0.06976        0.08470        1.21419       -0.09885        1.02656        0.02542        4.69329       -2.28158        1.85791        0.10571
2.154435        0.08012        0.09910        1.23688       -0.14815        1.05543        0.03580        4.49227       -2.27741        1.81872        0.09820
2.189477        0.09964        0.12549        1.25932       -0.22153        1.08407        0.05161        4.14467       -2.26479        1.74683        0.09100
2.225089        0.13134        0.16817        1.28029       -0.33344        1.11059        0.07655        3.54744       -2.23305        1.61819        0.08412
2.261280        0.17313        0.22469        1.29784       -0.47533        1.13218        0.10924        2.57715       -2.16354        1.40311        0.07756
2.298060        0.20869        0.27317        1.30896       -0.57994        1.14567        0.13469        1.15475       -2.03809        1.08038        0.07133
2.335438        0.20889        0.27382        1.31081       -0.54404        1.14919        0.12842       -0.53195       -1.88356        0.68986        0.06541
2.373424        0.16855        0.21959        1.30277       -0.37561        1.14115        0.09081       -2.05032       -1.76735        0.33132        0.05981
2.412028        0.11670        0.15018        1.28686       -0.19851        1.12192        0.05026       -3.09705       -1.71268        0.07864        0.05454
2.451260        0.07690        0.09738        1.26619       -0.08333        1.09541        0.02403       -3.69716       -1.69340       -0.07038        0.04957
2.491130        0.05217        0.06486        1.24318       -0.01988        1.06553        0.01026       -4.01205       -1.68664       -0.15183        0.04492
2.531648        0.03798        0.04631        1.21921        0.01580        1.03454        0.00329       -4.17037       -1.68345       -0.19555        0.04058
2.572826        0.03019        0.03608        1.19505        0.03718        1.00358       -0.00040       -4.24405       -1.68110       -0.21850        0.03653
2.614673        0.02638        0.03089        1.17109        0.04939        0.97329       -0.00242       -4.26842       -1.67884       -0.22910        0.03277
2.657201        0.02533        0.02907        1.14756        0.05429        0.94399       -0.00349       -4.25892       -1.67644       -0.23094        0.02930
2.700421        0.02667        0.02999        1.12461        0.05330        0.91588       -0.00400       -4.21962       -1.67387       -0.22482        0.02609
2.744343        0.03063        0.03376        1.10241        0.04849        0.88911       -0.00425       -4.14569       -1.67117       -0.20909        0.02315
2.788980        0.03797        0.04105        1.08110        0.04249        0.86374       -0.00455       -4.02457       -1.66845       -0.17995        0.02046
2.834343        0.05019        0.05325        1.06097        0.03772        0.84002       -0.00516       -3.82983       -1.66590       -0.12945        0.01801
2.880444        0.06907        0.07200        1.04240        0.03577        0.81829       -0.00628       -3.52056       -1.66384       -0.04512        0.01579
2.927295        0.09578        0.09827        1.02604        0.03688        0.79927       -0.00789       -3.03322       -1.66283        0.09277        0.01378
2.974908        0.12685        0.12847        1.01279        0.03913        0.78394       -0.00945       -2.30689       -1.66356        0.30416        0.01197
3.023295        0.15038        0.15095        1.00377        0.03855        0.77353       -0.00980       -1.33325       -1.66632        0.59411        0.01036
3.072469        0.15057        0.15055        0.99991        0.03187        0.76905       -0.00794       -0.22851       -1.67030        0.92990        0.00892
3.122443        0.12485        0.12503        1.00140        0.02034        0.77069       -0.00411        0.79133       -1.67406        1.24605        0.00764
3.173230        0.08842        0.08909        1.00755        0.00799        0.77763        0.00063        1.56178       -1.67704        1.48991        0.00651
3.224842        0.05662        0.05760        1.01721       -0.00363        0.78854        0.00612        2.05970       -1.67960        1.65135        0.00552
3.277295        0.03459        0.03560        1.02932       -0.01624        0.80214        0.01343        2.34998       -1.68211        1.74844        0.00465
3.330600        0.02094        0.02184        1.04313       -0.03312        0.81745        0.02439        2.50829       -1.68474        1.80382        0.00390
3.384773        0.01289        0.01365        1.05820       -0.05805        0.83380        0.04137        2.58959       -1.68749        1.83442        0.00325
3.439826        0.00817        0.00877        1.07426       -0.09470        0.85070        0.06681        2.62845       -1.69036        1.85112        0.00270
3.495776        0.00538        0.00587        1.09118       -0.14682        0.86778        0.10335        2.64217       -1.69336        1.85942        0.00098
3.552635        0.00368        0.00409        1.10888       -0.21693        0.88480        0.15293        2.64301       -1.69649        1.86333        0.00000
3.610419        0.00263        0.00296        1.12736       -0.30712        0.90160        0.21718        2.63727       -1.69975        1.86494        0.00000
3.669142        0.00195        0.00223        1.14664       -0.41838        0.91813        0.29700        2.62708       -1.70315        1.86495        0.00000
3.728821        0.00149        0.00174        1.16672       -0.55110        0.93438        0.39294        2.61422       -1.70669        1.86395        0.00000
3.789471        0.00116        0.00138        1.18764       -0.71079        0.95001        0.50917        2.59980       -1.71041        1.86233        0.00000
3.851107        0.00097        0.00117        1.20885       -0.86383        0.96644        0.62148        2.58846       -1.71390        1.86226        0.00000
3.913746        0.00080        0.00098        1.23180       -1.05164        0.98270        0.76043        2.57194       -1.71772        1.85973        0.00000
3.977403        0.00067        0.00085        1.25577       -1.25734        0.99908        0.91387        2.55483       -1.72161        1.85691        0.00000
4.042096        0.00058        0.00074        1.28080       -1.48023        1.01571        1.08151        2.53727       -1.72555        1.85383        0.00000
4.107841        0.00050        0.00065        1.30697       -1.72011        1.03267        1.26347        2.51934       -1.72952        1.85052        0.00000
4.174655        0.00044        0.00059        1.33434       -1.97693        1.05008        1.45992        2.50111       -1.73352        1.84701        0.00000
4.242556        0.00039        0.00053        1.36299       -2.25091        1.06800        1.67126        2.48261       -1.73751        1.84329        0.00000
4.311562        0.00035        0.00048        1.39300       -2.54247        1.08653        1.89806        2.46387       -1.74149        1.83938        0.00000
4.381690        0.00031        0.00044        1.42447       -2.85223        1.10576        2.14103        2.44493       -1.74542        1.83529        0.00000
4.452959        0.00028        0.00041        1.45749       -3.18099        1.12579        2.40104        2.42580       -1.74930        1.83101        0.00000
4.525386        0.00026        0.00038        1.49217       -3.52972        1.14670        2.67911        2.40650       -1.75308        1.82656        0.00000
4.598992        0.00023        0.00036        1.52863       -3.89959        1.16860        2.97639        2.38705       -1.75675        1.82193        0.00000
4.673795        0.00022        0.00034        1.56700       -4.29202        1.19162        3.29430        2.36748       -1.76027        1.81714        0.00000
4.749815        0.00020        0.00032        1.60741       -4.70860        1.21587        3.63438        2.34781       -1.76361        1.81218        0.00000
4.827071        0.00018        0.00030        1.65004       -5.15125        1.24149        3.99846        2.32807       -1.76670        1.80707        0.00000
4.905584        0.00017        0.00029        1.69504       -5.62209        1.26866        4.38855        2.30829       -1.76952        1.80182        0.00000
4.985373        0.00016        0.00028        1.74262       -6.12363        1.29755        4.80700        2.28850       -1.77198        1.79645        0.00000
5.066461        0.00015        0.00026        1.79298       -6.65876        1.32839        5.25649        2.26874       -1.77401        1.79096        0.00000
5.148867        0.00014        0.00025        1.84637       -7.23081        1.36142        5.74009        2.24907       -1.77553        1.78540        0.00000
5.232614        0.00013        0.00024        1.90305       -7.84371        1.39695        6.26137        2.22956       -1.77643        1.77978        0.00000
5.317723        0.00012        0.00024        1.96332       -8.50209        1.43535        6.82451        2.21027       -1.77656        1.77415        0.00000
5.404216        0.00011        0.00023        2.02753       -9.21130        1.47704        7.43430        2.19129       -1.77576        1.76856        0.00000
5.492116        0.00011        0.00022        2.09605       -9.97781        1.52258        8.09645        2.17275       -1.77383        1.76307        0.00000
5.581446        0.00010        0.00021        2.16934      -10.80946        1.57264        8.81785        2.15478       -1.77049        1.75777        0.00000
5.672229        0.00009        0.00021        2.24790      -11.71579        1.62808        9.60677        2.13757       -1.76542        1.75277        0.00000
5.764488        0.00009        0.00020        2.33233      -12.70855        1.69002       10.47326        2.12134       -1.75816        1.74822        0.00000
5.858248        0.00008        0.00020        2.42333      -13.80239        1.75993       11.42973        2.10640       -1.74812        1.74431        0.00000
5.953533        0.00008        0.00020        2.52172      -15.01625        1.83978       12.49205        2.09315       -1.73451        1.74129        0.00000
6.050368        0.00007        0.00019        2.62849      -16.37471        1.93235       13.68052        2.08211       -1.71620        1.73953        0.00000
6.148778        0.00007        0.00019        2.74487      -17.91109        2.04164       15.02234        2.07404       -1.69155        1.73953        0.00000
6.248788        0.00006        0.00018        2.87237      -19.67076        2.17360       16.55404        2.06999       -1.65812        1.74201        0.00000
6.350425        0.00006        0.00018        3.01290      -21.71902        2.33761       18.32751        2.07151       -1.61203        1.74803        0.00000
6.453715        0.00006        0.00018        3.16903      -24.15429        2.54962       20.42009        2.08097       -1.54668        1.75926        0.00000
6.558686        0.00005        0.00018        3.34419      -27.13016        2.83865       22.95097        2.10214       -1.45003        1.77832        0.00000
6.665363        0.00005        0.00018        3.54335      -30.90514        3.26523       26.11895        2.14124       -1.29689        1.80964        0.00000
6.773776        0.00005        0.00017        3.77398      -35.92452        3.97985       30.26554        2.20800       -1.02451        1.86019        0.00000
