x               rho            P              T              ur             uphi           uz             Br             Bphi           Bz             m
0.010000        0.99999        1.00002        1.00003        0.94401        0.97699       -0.00094        0.05423       -0.15639        1.00003        0.99995
0.010163        0.99998        1.00001        1.00003        0.94402        0.97699       -0.00096        0.05511       -0.15893        1.00004        0.99995
0.010328        0.99996        0.99999        1.00003        0.94403        0.97699       -0.00097        0.05601       -0.16151        1.00004        0.99995
0.010496        0.99993        0.99997        1.00003        0.94405        0.97699       -0.00099        0.05692       -0.16414        1.00004        0.99994
0.010667        0.99991        0.99994        1.00003        0.94406        0.97698       -0.00100        0.05785       -0.16681        1.00004        0.99994
0.010840        0.99989        0.99992        1.00003        0.94408        0.97698       -0.00102        0.05879       -0.16952        1.00004        0.99994
0.011016        0.99986        0.99990        1.00004        0.94410        0.97698       -0.00104        0.05974       -0.17228        1.00004        0.99994
0.011196        0.99983        0.99987        1.00004        0.94411        0.97698       -0.00105        0.06072       -0.17508        1.00005        0.99993
0.011378        0.99981        0.99985        1.00004        0.94413        0.97698       -0.00107        0.06170       -0.17793        1.00005        0.99993
0.011563        0.99978        0.99982        1.00004        0.94415        0.97698       -0.00109        0.06271       -0.18082        1.00005        0.99993
0.011751        0.99976        0.99980        1.00004        0.94416        0.97698       -0.00111        0.06373       -0.18376        1.00005        0.99992
0.011942        0.99973        0.99977        1.00004        0.94418        0.97698       -0.00112        0.06477       -0.18675        1.00005        0.99992
0.012136        0.99970        0.99975        1.00004        0.94420        0.97698       -0.00114        0.06582       -0.18979        1.00006        0.99992
0.012334        0.99967        0.99972        1.00005        0.94422        0.97698       -0.00116        0.06689       -0.19287        1.00006        0.99992
0.012534        0.99964        0.99969        1.00005        0.94424        0.97698       -0.00118        0.06798       -0.19601        1.00006        0.99991
0.012738        0.99961        0.99966        1.00005        0.94426        0.97698       -0.00120        0.06908       -0.19920        1.00006        0.99991
0.012945        0.99959        0.99964        1.00005        0.94428        0.97698       -0.00122        0.07021       -0.20244        1.00006        0.99991
0.013156        0.99956        0.99961        1.00005        0.94430        0.97698       -0.00124        0.07135       -0.20573        1.00007        0.99990
0.013370        0.99952        0.99958        1.00005        0.94432        0.97698       -0.00126        0.07251       -0.20907        1.00007        0.99990
0.013587        0.99949        0.99955        1.00006        0.94434        0.97698       -0.00128        0.07369       -0.21247        1.00007        0.99990
0.013808        0.99946        0.99952        1.00006        0.94436        0.97698       -0.00130        0.07489       -0.21593        1.00007        0.99989
0.014033        0.99943        0.99949        1.00006        0.94438        0.97697       -0.00132        0.07611       -0.21944        1.00008        0.99989
0.014261        0.99940        0.99946        1.00006        0.94440        0.97697       -0.00134        0.07735       -0.22301        1.00008        0.99989
0.014493        0.99936        0.99943        1.00006        0.94442        0.97697       -0.00137        0.07861       -0.22664        1.00008        0.99988
0.014729        0.99933        0.99940        1.00007        0.94444        0.97697       -0.00139        0.07989       -0.23032        1.00008        0.99988
0.014968        0.99930        0.99936        1.00007        0.94446        0.97697       -0.00141        0.08118       -0.23407        1.00008        0.99988
0.015212        0.99926        0.99933        1.00007        0.94449        0.97697       -0.00143        0.08251       -0.23787        1.00009        0.99987
0.015459        0.99923        0.99930        1.00007        0.94451        0.97697       -0.00146        0.08385       -0.24174        1.00009        0.99987
0.015711        0.99919        0.99926        1.00007        0.94453        0.97697       -0.00148        0.08521       -0.24567        1.00009        0.99986
0.015966        0.99915        0.99923        1.00008        0.94456        0.97697       -0.00150        0.08660       -0.24967        1.00009        0.99986
0.016226        0.99912        0.99920        1.00008        0.94458        0.97697       -0.00153        0.08801       -0.25373        1.00010        0.99986
0.016490        0.99908        0.99916        1.00008        0.94460        0.97697       -0.00155        0.08944       -0.25786        1.00010        0.99985
0.016758        0.99904        0.99912        1.00008        0.94463        0.97697       -0.00158        0.09089       -0.26205        1.00010        0.99985
0.017031        0.99900        0.99909        1.00008        0.94465        0.97697       -0.00160        0.09237       -0.26631        1.00011        0.99984
0.017308        0.99896        0.99905        1.00009        0.94468        0.97697       -0.00163        0.09388       -0.27064        1.00011        0.99984
0.017589        0.99892        0.99901        1.00009        0.94471        0.97696       -0.00166        0.09540       -0.27504        1.00011        0.99984
0.017875        0.99888        0.99897        1.00009        0.94473        0.97696       -0.00168        0.09696       -0.27952        1.00011        0.99983
0.018166        0.99884        0.99893        1.00009        0.94476        0.97696       -0.00171        0.09853       -0.28406        1.00012        0.99983
0.018461        0.99880        0.99889        1.00010        0.94479        0.97696       -0.00174        0.10014       -0.28868        1.00012        0.99982
0.018762        0.99876        0.99885        1.00010        0.94482        0.97696       -0.00177        0.10176       -0.29338        1.00012        0.99982
0.019067        0.99871        0.99881        1.00010        0.94484        0.97696       -0.00180        0.10342       -0.29815        1.00013        0.99981
0.019377        0.99867        0.99877        1.00010        0.94487        0.97696       -0.00183        0.10510       -0.30300        1.00013        0.99981
0.019692        0.99862        0.99873        1.00011        0.94490        0.97696       -0.00186        0.10681       -0.30793        1.00013        0.99980
0.020012        0.99858        0.99869        1.00011        0.94493        0.97696       -0.00189        0.10855       -0.31293        1.00014        0.99980
0.020338        0.99851        0.99862        1.00011        0.94498        0.97696       -0.00192        0.11032       -0.31802        1.00014        0.99979
0.020669        0.99843        0.99855        1.00012        0.94503        0.97695       -0.00195        0.11212       -0.32319        1.00015        0.99978
0.021005        0.99835        0.99847        1.00012        0.94508        0.97695       -0.00198        0.11394       -0.32844        1.00015        0.99978
0.021347        0.99827        0.99839        1.00013        0.94513        0.97695       -0.00201        0.11580       -0.33378        1.00016        0.99977
0.021694        0.99819        0.99832        1.00013        0.94519        0.97695       -0.00205        0.11768       -0.33921        1.00016        0.99976
0.022047        0.99810        0.99824        1.00014        0.94524        0.97695       -0.00208        0.11960       -0.34472        1.00017        0.99975
0.022405        0.99802        0.99816        1.00014        0.94530        0.97695       -0.00211        0.12155       -0.35033        1.00018        0.99974
0.022770        0.99793        0.99808        1.00015        0.94535        0.97694       -0.00215        0.12353       -0.35602        1.00018        0.99973
0.023140        0.99784        0.99799        1.00015        0.94541        0.97694       -0.00218        0.12554       -0.36181        1.00019        0.99972
0.023516        0.99775        0.99791        1.00016        0.94547        0.97694       -0.00222        0.12759       -0.36769        1.00020        0.99971
0.023899        0.99766        0.99782        1.00016        0.94553        0.97694       -0.00225        0.12967       -0.37367        1.00020        0.99970
0.024288        0.99757        0.99773        1.00017        0.94559        0.97694       -0.00229        0.13178       -0.37975        1.00021        0.99969
0.024683        0.99747        0.99765        1.00017        0.94565        0.97693       -0.00233        0.13392       -0.38592        1.00021        0.99968
0.025084        0.99738        0.99756        1.00018        0.94571        0.97693       -0.00237        0.13611       -0.39219        1.00022        0.99967
0.025492        0.99728        0.99746        1.00018        0.94578        0.97693       -0.00241        0.13832       -0.39857        1.00023        0.99966
0.025907        0.99718        0.99737        1.00019        0.94584        0.97693       -0.00244        0.14057       -0.40505        1.00024        0.99965
0.026328        0.99708        0.99728        1.00019        0.94591        0.97693       -0.00248        0.14286       -0.41163        1.00024        0.99964
0.026756        0.99698        0.99718        1.00020        0.94597        0.97692       -0.00252        0.14519       -0.41833        1.00025        0.99963
0.027192        0.99688        0.99708        1.00021        0.94604        0.97692       -0.00257        0.14756       -0.42513        1.00026        0.99962
0.027634        0.99677        0.99698        1.00021        0.94611        0.97692       -0.00261        0.14996       -0.43204        1.00027        0.99961
0.028083        0.99667        0.99688        1.00022        0.94618        0.97692       -0.00265        0.15240       -0.43906        1.00027        0.99960
0.028540        0.99656        0.99678        1.00022        0.94625        0.97692       -0.00269        0.15488       -0.44620        1.00028        0.99959
0.029004        0.99645        0.99668        1.00023        0.94632        0.97691       -0.00274        0.15740       -0.45346        1.00029        0.99957
0.029476        0.99633        0.99657        1.00024        0.94640        0.97691       -0.00278        0.15997       -0.46083        1.00030        0.99956
0.029955        0.99622        0.99646        1.00024        0.94647        0.97691       -0.00283        0.16257       -0.46832        1.00030        0.99955
0.030443        0.99607        0.99632        1.00025        0.94657        0.97691       -0.00287        0.16522       -0.47593        1.00032        0.99954
0.030938        0.99591        0.99617        1.00026        0.94668        0.97690       -0.00292        0.16792       -0.48367        1.00033        0.99952
0.031441        0.99574        0.99601        1.00027        0.94679        0.97690       -0.00297        0.17066       -0.49152        1.00034        0.99950
0.031952        0.99557        0.99585        1.00028        0.94690        0.97690       -0.00302        0.17344       -0.49951        1.00035        0.99948
0.032472        0.99540        0.99569        1.00029        0.94701        0.97689       -0.00307        0.17627       -0.50763        1.00036        0.99946
0.033000        0.99522        0.99552        1.00030        0.94713        0.97689       -0.00312        0.17915       -0.51587        1.00038        0.99945
0.033537        0.99504        0.99535        1.00031        0.94725        0.97688       -0.00317        0.18207       -0.52426        1.00039        0.99943
0.034083        0.99486        0.99518        1.00032        0.94736        0.97688       -0.00322        0.18504       -0.53278        1.00040        0.99941
0.034637        0.99468        0.99501        1.00033        0.94749        0.97688       -0.00327        0.18806       -0.54143        1.00042        0.99939
0.035200        0.99449        0.99483        1.00034        0.94761        0.97687       -0.00333        0.19113       -0.55023        1.00043        0.99937
0.035773        0.99430        0.99465        1.00035        0.94773        0.97687       -0.00338        0.19425       -0.55917        1.00044        0.99935
0.036355        0.99411        0.99447        1.00037        0.94786        0.97687       -0.00344        0.19742       -0.56826        1.00046        0.99933
0.036946        0.99391        0.99428        1.00038        0.94799        0.97686       -0.00349        0.20064       -0.57749        1.00047        0.99931
0.037547        0.99371        0.99409        1.00039        0.94812        0.97686       -0.00355        0.20391       -0.58688        1.00048        0.99929
0.038158        0.99351        0.99390        1.00040        0.94825        0.97685       -0.00361        0.20723       -0.59642        1.00050        0.99926
0.038778        0.99330        0.99371        1.00041        0.94839        0.97685       -0.00367        0.21061       -0.60611        1.00051        0.99924
0.039409        0.99309        0.99351        1.00042        0.94853        0.97684       -0.00373        0.21405       -0.61596        1.00053        0.99922
0.040050        0.99288        0.99331        1.00044        0.94867        0.97684       -0.00379        0.21754       -0.62597        1.00054        0.99920
0.040701        0.99260        0.99305        1.00045        0.94885        0.97683       -0.00385        0.22109       -0.63613        1.00056        0.99917
0.041363        0.99232        0.99279        1.00047        0.94903        0.97683       -0.00392        0.22471       -0.64646        1.00058        0.99914
0.042036        0.99203        0.99251        1.00048        0.94922        0.97682       -0.00398        0.22838       -0.65696        1.00061        0.99911
0.042720        0.99174        0.99224        1.00050        0.94942        0.97682       -0.00405        0.23212       -0.66763        1.00063        0.99908
0.043415        0.99145        0.99196        1.00052        0.94961        0.97681       -0.00411        0.23591       -0.67847        1.00065        0.99905
0.044121        0.99115        0.99168        1.00054        0.94981        0.97680       -0.00418        0.23977       -0.68948        1.00067        0.99902
0.044839        0.99084        0.99139        1.00055        0.95001        0.97680       -0.00425        0.24369       -0.70068        1.00069        0.99898
0.045568        0.99053        0.99109        1.00057        0.95022        0.97679       -0.00432        0.24767       -0.71206        1.00071        0.99895
0.046309        0.99021        0.99079        1.00059        0.95043        0.97678       -0.00439        0.25172       -0.72362        1.00074        0.99892
0.047062        0.98989        0.99049        1.00061        0.95064        0.97678       -0.00446        0.25583       -0.73538        1.00076        0.99888
0.047828        0.98956        0.99018        1.00063        0.95085        0.97677       -0.00454        0.26001       -0.74732        1.00078        0.99885
0.048606        0.98923        0.98987        1.00065        0.95107        0.97676       -0.00461        0.26426       -0.75946        1.00081        0.99881
0.049396        0.98889        0.98955        1.00066        0.95130        0.97676       -0.00469        0.26858       -0.77179        1.00083        0.99878
0.050200        0.98854        0.98922        1.00068        0.95153        0.97675       -0.00476        0.27297       -0.78432        1.00086        0.99874
0.051016        0.98812        0.98882        1.00071        0.95181        0.97674       -0.00484        0.27744       -0.79705        1.00089        0.99870
0.051846        0.98769        0.98841        1.00073        0.95210        0.97673       -0.00492        0.28199       -0.80998        1.00092        0.99865
0.052689        0.98725        0.98800        1.00076        0.95239        0.97672       -0.00501        0.28661       -0.82312        1.00095        0.99860
0.053546        0.98680        0.98758        1.00079        0.95269        0.97671       -0.00509        0.29131       -0.83648        1.00098        0.99856
0.054417        0.98635        0.98715        1.00081        0.95299        0.97670       -0.00517        0.29608       -0.85005        1.00102        0.99851
0.055302        0.98589        0.98671        1.00084        0.95330        0.97669       -0.00526        0.30093       -0.86384        1.00105        0.99846
0.056202        0.98542        0.98627        1.00087        0.95361        0.97668       -0.00535        0.30586       -0.87786        1.00108        0.99841
0.057116        0.98494        0.98582        1.00089        0.95392        0.97667       -0.00543        0.31087       -0.89210        1.00112        0.99836
0.058045        0.98446        0.98537        1.00092        0.95424        0.97666       -0.00553        0.31597       -0.90658        1.00115        0.99831
0.058989        0.98397        0.98490        1.00095        0.95457        0.97665       -0.00562        0.32114       -0.92129        1.00119        0.99826
0.059948        0.98347        0.98443        1.00098        0.95490        0.97664       -0.00571        0.32640       -0.93625        1.00122        0.99820
0.060923        0.98289        0.98388        1.00101        0.95530        0.97663       -0.00581        0.33176       -0.95142        1.00127        0.99814
0.061914        0.98228        0.98331        1.00105        0.95570        0.97662       -0.00590        0.33722       -0.96684        1.00131        0.99808
0.062921        0.98166        0.98272        1.00108        0.95612        0.97660       -0.00600        0.34276       -0.98251        1.00136        0.99801
0.063945        0.98103        0.98213        1.00112        0.95654        0.97659       -0.00610        0.34840       -0.99844        1.00140        0.99795
0.064985        0.98039        0.98153        1.00116        0.95697        0.97658       -0.00620        0.35412       -1.01462        1.00145        0.99788
0.066042        0.97975        0.98091        1.00119        0.95740        0.97656       -0.00631        0.35994       -1.03107        1.00149        0.99781
0.067116        0.97909        0.98029        1.00123        0.95784        0.97655       -0.00641        0.36586       -1.04779        1.00154        0.99774
0.068208        0.97842        0.97966        1.00127        0.95829        0.97653       -0.00652        0.37187       -1.06478        1.00159        0.99767
0.069317        0.97774        0.97902        1.00131        0.95875        0.97652       -0.00663        0.37797       -1.08204        1.00164        0.99760
0.070445        0.97701        0.97833        1.00135        0.95924        0.97650       -0.00674        0.38419       -1.09957        1.00169        0.99752
0.071590        0.97620        0.97757        1.00140        0.95979        0.97649       -0.00685        0.39053       -1.11737        1.00175        0.99743
0.072755        0.97538        0.97679        1.00145        0.96034        0.97647       -0.00697        0.39697       -1.13546        1.00181        0.99735
0.073938        0.97455        0.97600        1.00150        0.96091        0.97645       -0.00709        0.40352       -1.15385        1.00187        0.99726
0.075141        0.97370        0.97520        1.00155        0.96149        0.97643       -0.00721        0.41018       -1.17253        1.00194        0.99717
0.076363        0.97283        0.97438        1.00160        0.96207        0.97641       -0.00733        0.41694       -1.19152        1.00200        0.99708
0.077605        0.97196        0.97356        1.00165        0.96267        0.97639       -0.00745        0.42381       -1.21081        1.00206        0.99698
0.078867        0.97107        0.97271        1.00170        0.96327        0.97638       -0.00758        0.43080       -1.23042        1.00213        0.99689
0.080150        0.97015        0.97185        1.00175        0.96389        0.97636       -0.00771        0.43790       -1.25035        1.00220        0.99679
0.081454        0.96911        0.97087        1.00181        0.96460        0.97633       -0.00784        0.44516       -1.27056        1.00227        0.99668
0.082779        0.96806        0.96987        1.00187        0.96533        0.97631       -0.00797        0.45253       -1.29111        1.00235        0.99657
0.084125        0.96698        0.96885        1.00194        0.96606        0.97629       -0.00811        0.46002       -1.31198        1.00243        0.99646
0.085493        0.96589        0.96782        1.00200        0.96681        0.97626       -0.00825        0.46764       -1.33320        1.00251        0.99634
0.086884        0.96478        0.96677        1.00207        0.96757        0.97624       -0.00839        0.47538       -1.35476        1.00259        0.99622
0.088297        0.96365        0.96571        1.00213        0.96835        0.97621       -0.00853        0.48325       -1.37667        1.00268        0.99610
0.089733        0.96251        0.96462        1.00220        0.96913        0.97619       -0.00867        0.49124       -1.39894        1.00276        0.99598
0.091193        0.96124        0.96343        1.00227        0.97001        0.97616       -0.00882        0.49941       -1.42153        1.00286        0.99585
0.092676        0.95993        0.96218        1.00235        0.97093        0.97613       -0.00898        0.50772       -1.44448        1.00295        0.99571
0.094183        0.95859        0.96091        1.00243        0.97186        0.97610       -0.00913        0.51616       -1.46780        1.00305        0.99556
0.095715        0.95722        0.95962        1.00251        0.97281        0.97607       -0.00929        0.52475       -1.49150        1.00316        0.99542
0.097272        0.95584        0.95832        1.00259        0.97377        0.97604       -0.00945        0.53347       -1.51558        1.00326        0.99527
0.098854        0.95443        0.95698        1.00267        0.97475        0.97600       -0.00961        0.54234       -1.54006        1.00336        0.99512
0.100462        0.95297        0.95560        1.00276        0.97577        0.97597       -0.00978        0.55136       -1.56492        1.00347        0.99496
0.102096        0.95137        0.95409        1.00285        0.97689        0.97593       -0.00995        0.56059       -1.59014        1.00359        0.99479
0.103757        0.94974        0.95255        1.00295        0.97804        0.97590       -0.01012        0.56996       -1.61576        1.00372        0.99462
0.105444        0.94809        0.95098        1.00305        0.97921        0.97586       -0.01030        0.57949       -1.64181        1.00384        0.99444
0.107159        0.94641        0.94939        1.00315        0.98039        0.97582       -0.01048        0.58917       -1.66828        1.00397        0.99426
0.108902        0.94471        0.94778        1.00325        0.98160        0.97578       -0.01066        0.59901       -1.69518        1.00409        0.99408
0.110674        0.94292        0.94609        1.00336        0.98286        0.97574       -0.01085        0.60904       -1.72249        1.00423        0.99389
0.112474        0.94100        0.94426        1.00347        0.98424        0.97569       -0.01104        0.61928       -1.75019        1.00438        0.99369
0.114303        0.93904        0.94241        1.00359        0.98564        0.97565       -0.01124        0.62969       -1.77834        1.00452        0.99348
0.116162        0.93706        0.94053        1.00371        0.98707        0.97560       -0.01144        0.64027       -1.80696        1.00468        0.99326
0.118052        0.93504        0.93862        1.00383        0.98852        0.97555       -0.01164        0.65103       -1.83603        1.00483        0.99305
0.119972        0.93299        0.93667        1.00395        0.98999        0.97550       -0.01185        0.66196       -1.86558        1.00498        0.99283
0.121923        0.93074        0.93454        1.00409        0.99162        0.97545       -0.01206        0.67316       -1.89553        1.00516        0.99259
0.123906        0.92845        0.93237        1.00422        0.99330        0.97539       -0.01228        0.68455       -1.92595        1.00533        0.99234
0.125922        0.92612        0.93016        1.00436        0.99500        0.97533       -0.01250        0.69612       -1.95687        1.00551        0.99209
0.127970        0.92375        0.92791        1.00451        0.99673        0.97528       -0.01272        0.70788       -1.98830        1.00570        0.99184
0.130051        0.92134        0.92563        1.00465        0.99849        0.97522       -0.01295        0.71984       -2.02023        1.00588        0.99158
0.132166        0.91872        0.92314        1.00481        1.00044        0.97515       -0.01319        0.73210       -2.05258        1.00609        0.99130
0.134316        0.91605        0.92060        1.00497        1.00243        0.97508       -0.01343        0.74457       -2.08545        1.00629        0.99101
0.136501        0.91333        0.91802        1.00514        1.00445        0.97501       -0.01368        0.75724       -2.11886        1.00651        0.99072
0.138721        0.91057        0.91540        1.00531        1.00650        0.97494       -0.01393        0.77011       -2.15281        1.00672        0.99042
0.140977        0.90769        0.91266        1.00548        1.00867        0.97487       -0.01418        0.78325       -2.18726        1.00695        0.99011
0.143270        0.90464        0.90977        1.00567        1.01098        0.97479       -0.01445        0.79669       -2.22219        1.00719        0.98978
0.145601        0.90155        0.90683        1.00586        1.01334        0.97471       -0.01472        0.81035       -2.25769        1.00743        0.98944
0.147969        0.89840        0.90384        1.00605        1.01573        0.97463       -0.01499        0.82423       -2.29377        1.00768        0.98910
0.150376        0.89518        0.90077        1.00625        1.01819        0.97454       -0.01527        0.83836       -2.33042        1.00794        0.98876
0.152821        0.89172        0.89749        1.00646        1.02087        0.97445       -0.01556        0.85286       -2.36753        1.00822        0.98838
0.155307        0.88821        0.89414        1.00668        1.02361        0.97436       -0.01586        0.86759       -2.40524        1.00850        0.98800
0.157833        0.88464        0.89075        1.00690        1.02638        0.97426       -0.01616        0.88257       -2.44357        1.00878        0.98761
0.160400        0.88099        0.88727        1.00713        1.02923        0.97416       -0.01647        0.89781       -2.48250        1.00908        0.98722
0.163009        0.87709        0.88355        1.00738        1.03234        0.97405       -0.01679        0.91347       -2.52191        1.00940        0.98679
0.165661        0.87312        0.87978        1.00762        1.03550        0.97394       -0.01711        0.92938       -2.56196        1.00972        0.98636
0.168355        0.86909        0.87594        1.00788        1.03871        0.97382       -0.01744        0.94555       -2.60266        1.01005        0.98592
0.171093        0.86492        0.87196        1.00814        1.04207        0.97371       -0.01778        0.96206       -2.64396        1.01039        0.98547
0.173876        0.86053        0.86777        1.00842        1.04566        0.97358       -0.01814        0.97898       -2.68579        1.01076        0.98499
0.176704        0.85607        0.86352        1.00870        1.04930        0.97345       -0.01849        0.99618       -2.72831        1.01113        0.98450
0.179578        0.85154        0.85920        1.00899        1.05301        0.97331       -0.01886        1.01366       -2.77152        1.01150        0.98400
0.182499        0.84675        0.85462        1.00930        1.05702        0.97317       -0.01924        1.03162       -2.81524        1.01191        0.98348
0.185468        0.84183        0.84992        1.00961        1.06115        0.97301       -0.01963        1.04992       -2.85963        1.01233        0.98294
0.188484        0.83683        0.84515        1.00993        1.06535        0.97286       -0.02003        1.06853       -2.90475        1.01275        0.98239
0.191550        0.83165        0.84019        1.01027        1.06978        0.97270       -0.02044        1.08756       -2.95048        1.01319        0.98182
0.194666        0.82625        0.83502        1.01062        1.07445        0.97252       -0.02086        1.10706       -2.99681        1.01366        0.98122
0.197832        0.82076        0.82977        1.01098        1.07921        0.97235       -0.02129        1.12688       -3.04389        1.01413        0.98061
0.201050        0.81511        0.82436        1.01135        1.08414        0.97216       -0.02174        1.14711       -3.09166        1.01462        0.97999
0.204320        0.80919        0.81869        1.01174        1.08943        0.97196       -0.02220        1.16790       -3.13999        1.01515        0.97933
0.207643        0.80318        0.81293        1.01214        1.09480        0.97175       -0.02267        1.18903       -3.18911        1.01568        0.97866
0.211020        0.79700        0.80700        1.01255        1.10036        0.97154       -0.02316        1.21060       -3.23894        1.01622        0.97798
0.214453        0.79054        0.80080        1.01299        1.10633        0.97131       -0.02366        1.23279       -3.28933        1.01681        0.97726
0.217941        0.78397        0.79449        1.01343        1.11239        0.97107       -0.02418        1.25534       -3.34054        1.01740        0.97652
0.221486        0.77720        0.78799        1.01388        1.11872        0.97082       -0.02471        1.27842       -3.39244        1.01802        0.97576
0.225088        0.77016        0.78122        1.01437        1.12545        0.97056       -0.02527        1.30212       -3.44496        1.01867        0.97497
0.228749        0.76300        0.77434        1.01485        1.13228        0.97028       -0.02583        1.32621       -3.49833        1.01933        0.97417
0.232470        0.75557        0.76718        1.01537        1.13955        0.96999       -0.02642        1.35098       -3.55229        1.02003        0.97333
0.236251        0.74792        0.75980        1.01590        1.14713        0.96968       -0.02703        1.37633       -3.60698        1.02075        0.97247
0.240093        0.74014        0.75231        1.01644        1.15483        0.96936       -0.02765        1.40209       -3.66256        1.02149        0.97159
0.243999        0.73198        0.74443        1.01702        1.16322        0.96901       -0.02831        1.42878       -3.71857        1.02228        0.97066
0.247967        0.72368        0.73642        1.01761        1.17175        0.96865       -0.02898        1.45591       -3.77548        1.02309        0.96972
0.252000        0.71513        0.72815        1.01822        1.18072        0.96827       -0.02967        1.48375       -3.83308        1.02393        0.96874
0.256099        0.70630        0.71961        1.01885        1.19017        0.96786       -0.03040        1.51235       -3.89132        1.02481        0.96773
0.260265        0.69732        0.71091        1.01950        1.19980        0.96744       -0.03114        1.54145       -3.95049        1.02571        0.96670
0.264498        0.68793        0.70182        1.02019        1.21026        0.96697       -0.03193        1.57163       -4.01005        1.02668        0.96561
0.268800        0.67840        0.69257        1.02090        1.22089        0.96649       -0.03273        1.60231       -4.07057        1.02766        0.96451
0.273172        0.66853        0.68298        1.02163        1.23223        0.96597       -0.03357        1.63399       -4.13161        1.02870        0.96337
0.277615        0.65842        0.67316        1.02239        1.24399        0.96543       -0.03444        1.66640       -4.19344        1.02977        0.96219
0.282131        0.64803        0.66305        1.02318        1.25633        0.96484       -0.03535        1.69969       -4.25595        1.03089        0.96098
0.286720        0.63734        0.65263        1.02401        1.26933        0.96422       -0.03630        1.73397       -4.31905        1.03207        0.95972
0.291383        0.62640        0.64196        1.02485        1.28281        0.96356       -0.03727        1.76904       -4.38295        1.03328        0.95843
0.296123        0.61510        0.63092        1.02575        1.29718        0.96284       -0.03831        1.80533       -4.44727        1.03456        0.95709
0.300939        0.60358        0.61966        1.02666        1.31196        0.96209       -0.03937        1.84238       -4.51248        1.03588        0.95572
0.305834        0.59167        0.60800        1.02762        1.32782        0.96125       -0.04050        1.88084       -4.57797        1.03728        0.95430
0.310808        0.57953        0.59611        1.02860        1.34410        0.96039       -0.04165        1.92008       -4.64438        1.03872        0.95284
0.315864        0.56700        0.58380        1.02964        1.36160        0.95942       -0.04289        1.96089       -4.71095        1.04025        0.95133
0.321001        0.55423        0.57124        1.03071        1.37958        0.95842       -0.04415        2.00256       -4.77840        1.04182        0.94978
0.326222        0.54107        0.55828        1.03183        1.39883        0.95729       -0.04550        2.04590       -4.84597        1.04350        0.94817
0.331528        0.52764        0.54504        1.03299        1.41872        0.95611       -0.04689        2.09030       -4.91427        1.04522        0.94652
0.336921        0.51385        0.53141        1.03420        1.43984        0.95480       -0.04837        2.13637       -4.98270        1.04705        0.94481
0.342401        0.49976        0.51746        1.03545        1.46184        0.95340       -0.04990        2.18379       -5.05162        1.04895        0.94306
0.347970        0.48533        0.50316        1.03676        1.48493        0.95187       -0.05151        2.23282       -5.12077        1.05095        0.94125
0.353630        0.47057        0.48850        1.03813        1.50917        0.95018       -0.05321        2.28361       -5.18999        1.05306        0.93938
0.359381        0.45551        0.47352        1.03954        1.53428        0.94839       -0.05496        2.33582       -5.25968        1.05524        0.93746
0.365227        0.44010        0.45814        1.04103        1.56078        0.94634       -0.05683        2.39035       -5.32881        1.05757        0.93547
0.371167        0.42440        0.44246        1.04256        1.58802        0.94418       -0.05875        2.44630       -5.39843        1.05998        0.93343
0.377204        0.40838        0.42641        1.04418        1.61643        0.94174       -0.06078        2.50464       -5.46737        1.06254        0.93132
0.383340        0.39208        0.41004        1.04586        1.64554        0.93907       -0.06287        2.56492       -5.53612        1.06522        0.92915
0.389575        0.37549        0.39336        1.04760        1.67534        0.93619       -0.06504        2.62708       -5.60480        1.06801        0.92692
0.395911        0.35864        0.37636        1.04945        1.70536        0.93288       -0.06728        2.69206       -5.67198        1.07100        0.92461
0.402351        0.34156        0.35909        1.05135        1.73534        0.92933       -0.06957        2.75894       -5.73889        1.07410        0.92224
0.408895        0.32425        0.34154        1.05335        1.76486        0.92541       -0.07189        2.82820       -5.80476        1.07736        0.91980
0.415546        0.30681        0.32380        1.05545        1.79228        0.92100       -0.07419        2.90012       -5.86869        1.08081        0.91727
0.422304        0.28920        0.30586        1.05763        1.81776        0.91625       -0.07645        2.97410       -5.93164        1.08440        0.91468
0.429173        0.27151        0.28777        1.05991        1.83989        0.91104       -0.07863        3.05042       -5.99277        1.08815        0.91202
0.436154        0.25388        0.26968        1.06231        1.85478        0.90528       -0.08053        3.12909       -6.05086        1.09210        0.90926
0.443248        0.23628        0.25158        1.06482        1.86316        0.89915       -0.08219        3.20949       -6.10697        1.09620        0.90643
0.450457        0.21876        0.23350        1.06742        1.86377        0.89264       -0.08352        3.29156       -6.16083        1.10043        0.90352
0.457784        0.20166        0.21580        1.07018        1.84834        0.88574       -0.08413        3.37471       -6.21021        1.10483        0.90051
0.465230        0.18494        0.19843        1.07306        1.81851        0.87871       -0.08407        3.45824       -6.25633        1.10932        0.89742
0.472797        0.16865        0.18146        1.07606        1.77361        0.87167       -0.08326        3.54166       -6.29918        1.11389        0.89424
0.480487        0.15289        0.16499        1.07918        1.71200        0.86476       -0.08162        3.62438       -6.33851        1.11850        0.89098
0.488302        0.13813        0.14951        1.08247        1.62778        0.85843       -0.07876        3.70428       -6.37280        1.12309        0.88761
0.496244        0.12424        0.13489        1.08590        1.52713        0.85283       -0.07496        3.78101       -6.40331        1.12761        0.88414
0.504316        0.11124        0.12118        1.08947        1.41321        0.84809       -0.07034        3.85401       -6.43039        1.13203        0.88058
0.512519        0.09921        0.10844        1.09319        1.28884        0.84435       -0.06502        3.92253       -6.45419        1.13630        0.87692
0.520855        0.08820        0.09676        1.09704        1.15776        0.84173       -0.05916        3.98590       -6.47493        1.14039        0.87315
0.529327        0.07836        0.08628        1.10106        1.02486        0.84039       -0.05297        4.04283       -6.49267        1.14422        0.86927
0.537936        0.06962        0.07694        1.10522        0.89535        0.84025       -0.04670        4.09325       -6.50802        1.14779        0.86529
0.546686        0.06182        0.06858        1.10953        0.77185        0.84109       -0.04054        4.13789       -6.52161        1.15110        0.86119
0.555578        0.05489        0.06114        1.11398        0.65638        0.84282       -0.03461        4.17685       -6.53375        1.15417        0.85698
0.564614        0.04878        0.05455        1.11857        0.55026        0.84535       -0.02898        4.21035       -6.54472        1.15699        0.85265
0.573798        0.04341        0.04876        1.12331        0.45412        0.84855       -0.02372        4.23870       -6.55478        1.15956        0.84821
0.583131        0.03871        0.04367        1.12819        0.36798        0.85234       -0.01885        4.26228       -6.56416        1.16191        0.84364
0.592615        0.03461        0.03922        1.13321        0.29144        0.85663       -0.01436        4.28147       -6.57303        1.16405        0.83895
0.602254        0.03104        0.03533        1.13837        0.22382        0.86135       -0.01024        4.29668       -6.58155        1.16598        0.83413
0.612050        0.02793        0.03194        1.14368        0.16428        0.86643       -0.00645        4.30830       -6.58983        1.16773        0.82919
0.622005        0.02522        0.02899        1.14913        0.11194        0.87182       -0.00298        4.31669       -6.59796        1.16932        0.82411
0.632122        0.02287        0.02641        1.15473        0.06594        0.87751        0.00022        4.32217       -6.60602        1.17075        0.81890
0.642403        0.02083        0.02417        1.16047        0.02545        0.88345        0.00319        4.32503       -6.61407        1.17204        0.81355
0.652852        0.01906        0.02223        1.16636       -0.01027        0.88964        0.00594        4.32554       -6.62214        1.17319        0.80806
0.663471        0.01752        0.02054        1.17240       -0.04188        0.89606        0.00851        4.32391       -6.63026        1.17423        0.80244
0.674262        0.01619        0.01909        1.17859       -0.06997        0.90271        0.01092        4.32034       -6.63847        1.17515        0.79666
0.685229        0.01505        0.01783        1.18493       -0.09504        0.90958        0.01318        4.31500       -6.64677        1.17596        0.79075
0.696374        0.01407        0.01676        1.19142       -0.11753        0.91667        0.01531        4.30801       -6.65519        1.17667        0.78468
0.707701        0.01323        0.01585        1.19808       -0.13782        0.92400        0.01733        4.29949       -6.66373        1.17729        0.77847
0.719212        0.01253        0.01510        1.20489       -0.15624        0.93156        0.01923        4.28954       -6.67240        1.17781        0.77210
0.730910        0.01195        0.01449        1.21187       -0.17298        0.93938        0.02102        4.27815       -6.68121        1.17823        0.76558
0.742798        0.01150        0.01402        1.21902       -0.18832        0.94746        0.02270        4.26537       -6.69015        1.17855        0.75890
0.754880        0.01114        0.01367        1.22633       -0.20261        0.95581        0.02428        4.25130       -6.69924        1.17877        0.75207
0.767158        0.01089        0.01344        1.23382       -0.21608        0.96444        0.02577        4.23594       -6.70846        1.17890        0.74508
0.779636        0.01074        0.01333        1.24148       -0.22898        0.97336        0.02718        4.21927       -6.71781        1.17892        0.73792
0.792317        0.01070        0.01337        1.24932       -0.24150        0.98261        0.02849        4.20112       -6.72729        1.17882        0.73060
0.805204        0.01077        0.01354        1.25735       -0.25405        0.99216        0.02975        4.18150       -6.73689        1.17860        0.72312
0.818301        0.01095        0.01386        1.26555       -0.26699        1.00203        0.03099        4.16035       -6.74659        1.17824        0.71547
0.831610        0.01126        0.01435        1.27394       -0.28083        1.01223        0.03224        4.13740       -6.75639        1.17772        0.70766
0.845137        0.01173        0.01505        1.28253       -0.29626        1.02276        0.03357        4.11238       -6.76625        1.17701        0.69968
0.858883        0.01236        0.01596        1.29129       -0.31389        1.03360        0.03506        4.08519       -6.77615        1.17610        0.69154
0.872853        0.01322        0.01719        1.30025       -0.33515        1.04474        0.03683        4.05512       -6.78602        1.17490        0.68322
0.887050        0.01433        0.01876        1.30939       -0.36122        1.05616        0.03903        4.02179       -6.79581        1.17340        0.67474
0.901478        0.01575        0.02078        1.31871       -0.39395        1.06781        0.04187        3.98447       -6.80543        1.17150        0.66609
0.916140        0.01762        0.02341        1.32821       -0.43659        1.07962        0.04569        3.94180       -6.81468        1.16906        0.65727
0.931041        0.02000        0.02676        1.33788       -0.49156        1.09151        0.05077        3.89290       -6.82340        1.16600        0.64829
0.946185        0.02316        0.03122        1.34769       -0.56571        1.10330        0.05786        3.83489       -6.83110        1.16200        0.63914
0.961575        0.02726        0.03702        1.35762       -0.66349        1.11476        0.06748        3.76600       -6.83732        1.15689        0.62983
0.977215        0.03277        0.04482        1.36764       -0.79612        1.12542        0.08087        3.68130       -6.84087        1.15012        0.62035
0.993109        0.04015        0.05533        1.37769       -0.97312        1.13456        0.09916        3.57599       -6.84011        1.14117        0.61071
1.009262        0.05007        0.06948        1.38771       -1.20417        1.14115        0.12353        3.44375       -6.83239        1.12934        0.60091
1.025678        0.06379        0.08916        1.39756       -1.49894        1.14302        0.15535        3.27271       -6.81170        1.11329        0.59096
1.042361        0.08207        0.11550        1.40713       -1.83793        1.13868        0.19282        3.05756       -6.77177        1.09235        0.58085
1.059315        0.10603        0.15017        1.41622       -2.18109        1.12672        0.23198        2.79065       -6.70205        1.06554        0.57060
1.076545        0.13624        0.19411        1.42459       -2.45441        1.10820        0.26497        2.47104       -6.58905        1.03251        0.56019
1.094055        0.17147        0.24558        1.43209       -2.61531        1.08741        0.28670        2.11210       -6.42799        0.99454        0.54965
1.111850        0.21016        0.30234        1.43854       -2.66326        1.06803        0.29655        1.72716       -6.21662        0.95295        0.53897
1.129934        0.25044        0.36159        1.44381       -2.63007        1.05219        0.29754        1.32880       -5.95692        0.90900        0.52815
1.148312        0.29044        0.42048        1.44773       -2.55442        1.04032        0.29362        0.92577       -5.65252        0.86359        0.51721
1.166990        0.32876        0.47680        1.45031       -2.46573        1.03163        0.28799        0.52181       -5.31083        0.81715        0.50615
1.185971        0.36425        0.52869        1.45146       -2.37837        1.02543        0.28227        0.11762       -4.93661        0.76975        0.49497
1.205261        0.39588        0.57448        1.45115       -2.29955        1.02116        0.27733       -0.28774       -4.53428        0.72124        0.48369
1.224865        0.42270        0.61261        1.44930       -2.23221        1.01840        0.27357       -0.69621       -4.10818        0.67137        0.47230
1.244787        0.44375        0.64160        1.44586       -2.17704        1.01690        0.27113       -1.11023       -3.66273        0.61980        0.46082
1.265034        0.45810        0.66001        1.44077       -2.13351        1.01650        0.27002       -1.53259       -3.20275        0.56613        0.44926
1.285610        0.46479        0.66650        1.43398       -2.10020        1.01719        0.27012       -1.96617       -2.73374        0.50994        0.43763
1.306520        0.46290        0.65983        1.42542       -2.07471        1.01903        0.27117       -2.41384       -2.26221        0.45078        0.42593
1.327771        0.45154        0.63895        1.41504       -2.05299        1.02220        0.27268       -2.87814       -1.79611        0.38823        0.41417
1.349367        0.42996        0.60315        1.40279       -2.02789        1.02699        0.27373       -3.36060       -1.34532        0.32199        0.40237
1.371315        0.39750        0.55197        1.38857       -1.98556        1.03381        0.27236       -3.86073       -0.92343        0.25198        0.39053
1.393619        0.35460        0.48669        1.37241       -1.90125        1.04283        0.26503       -4.37237       -0.54655        0.17894        0.37868
1.416287        0.30337        0.41092        1.35435       -1.73900        1.05334        0.24636       -4.87999       -0.23177        0.10502        0.36681
1.439323        0.24824        0.33131        1.33456       -1.46513        1.06248        0.21096       -5.35497        0.00551        0.03430        0.35493
1.462733        0.19650        0.25810        1.31326       -1.09072        1.06446        0.15962       -5.75408        0.15717       -0.02683        0.34308
1.486525        0.15477        0.19983        1.29093       -0.70860        1.05549        0.10543       -6.05068        0.24069       -0.07404        0.33126
1.510703        0.12549        0.15913        1.26801       -0.40150        1.03710        0.06081       -6.24521        0.28086       -0.10686        0.31946
1.535275        0.10813        0.13463        1.24491       -0.18937        1.01326        0.02924       -6.35248        0.29690       -0.12704        0.30773
1.560246        0.09986        0.12202        1.22190       -0.04009        0.98744        0.00645       -6.39759        0.30159       -0.13796        0.29606
1.585624        0.09996        0.11988        1.19923        0.07449        0.96134       -0.01162       -6.38779        0.29922       -0.14044        0.28448
1.611414        0.10786        0.12696        1.17703        0.18194        0.93588       -0.02914       -6.32789        0.29157       -0.13494        0.27299
1.637624        0.12529        0.14477        1.15551        0.30292        0.91179       -0.04946       -6.20637        0.27717       -0.11926        0.26161
1.664260        0.15502        0.17591        1.13488        0.45646        0.88984       -0.07585       -6.00248        0.25187       -0.08962        0.25036
1.691330        0.20084        0.22400        1.11538        0.65642        0.87105       -0.11093       -5.68285        0.20717       -0.03990        0.23924
1.718839        0.26661        0.29258        1.09747        0.90418        0.85680       -0.15534       -5.19728        0.12645        0.03920        0.22828
1.746796        0.35091        0.37953        1.08168        1.17113        0.84785       -0.20452       -4.49749       -0.01474        0.15716        0.21748
1.775208        0.44205        0.47235        1.06863        1.40605        0.84309       -0.24956       -3.56078       -0.23952        0.31934        0.20687
1.804082        0.51807        0.54861        1.05898        1.56406        0.83965       -0.28211       -2.39861       -0.55480        0.52523        0.19645
1.833425        0.55311        0.58263        1.05336        1.61889        0.83445       -0.29674       -1.05922       -0.93508        0.76760        0.18624
1.863246        0.52892        0.55655        1.05224        1.54601        0.82631       -0.28796        0.37223       -1.32122        1.03193        0.17626
1.893552        0.44709        0.47203        1.05583        1.32069        0.81762       -0.24994        1.76279       -1.64097        1.29390        0.16650
1.924351        0.33453        0.35589        1.06395        0.97350        0.81395       -0.18714        2.94758       -1.85001        1.52179        0.15700
1.955651        0.22800        0.24529        1.07597        0.61930        0.81924       -0.12083        3.81509       -1.95910        1.69263        0.14775
1.987460        0.14838        0.16187        1.09103        0.35468        0.83249       -0.07008        4.37359       -2.00916        1.80590        0.13877
2.019786        0.09633        0.10678        1.10841        0.19075        0.85085       -0.03791        4.70497       -2.03311        1.87589        0.13006
2.052638        0.06470        0.07295        1.12761        0.09818        0.87243       -0.01923        4.89038       -2.04721        1.91754        0.12165
2.086024        0.04574        0.05251        1.14832        0.04569        0.89625       -0.00823        4.99092       -2.05806        1.94243        0.11353
2.119953        0.03453        0.04041        1.17036        0.01475        0.92199       -0.00141        5.04060       -2.06789        1.95710        0.10571
2.154435        0.02833        0.03381        1.19371       -0.00456        0.94957        0.00308        5.05703       -2.07748        1.96493        0.09820
2.189477        0.02542        0.03097        1.21829       -0.01810        0.97896        0.00630        5.05030       -2.08712        1.96787        0.09100
2.225089        0.02533        0.03151        1.24412       -0.02916        1.01022        0.00883        5.02159       -2.09682        1.96599        0.08412
2.261280        0.02822        0.03587        1.27113       -0.04133        1.04333        0.01145        4.96646       -2.10651        1.95811        0.07756
2.298060        0.03555        0.04620        1.29923       -0.06057        1.07817        0.01559        4.86793       -2.11580        1.94013        0.07133
2.335438        0.05082        0.06751        1.32809       -0.09887        1.11432        0.02426        4.68559       -2.12352        1.90229        0.06541
2.373424        0.08138        0.11044        1.35689       -0.18004        1.15059        0.04347        4.32456       -2.12557        1.82147        0.05981
2.412028        0.13881        0.19209        1.38367       -0.34036        1.18395        0.08253        3.57308       -2.10720        1.64530        0.05454
2.451260        0.22011        0.30905        1.40406       -0.56275        1.20819        0.13821        2.09058       -2.02778        1.28735        0.04957
2.491130        0.25689        0.36256        1.41134       -0.62540        1.21718        0.15601       -0.15850       -1.86417        0.73240        0.04492
2.531648        0.19139        0.26832        1.40187       -0.39876        1.20782        0.10123       -2.28892       -1.72641        0.19633        0.04058
2.572826        0.10493        0.14482        1.37990       -0.16743        1.18118        0.04359       -3.53835       -1.67484       -0.12528        0.03653
2.614673        0.05342        0.07225        1.35201       -0.05697        1.14586        0.01592       -4.09566       -1.65817       -0.27366        0.03277
2.657201        0.02883        0.03812        1.32208       -0.01265        1.10795        0.00526       -4.32768       -1.64844       -0.33920        0.02930
2.700421        0.01735        0.02242        1.29177        0.00820        1.06989        0.00094       -4.42619       -1.63979       -0.37027        0.02609
2.744343        0.01189        0.01500        1.26175        0.02107        1.03259       -0.00118       -4.46850       -1.63128       -0.38664        0.02315
2.788980        0.00923        0.01138        1.23228        0.02985        0.99642       -0.00240       -4.48576       -1.62277       -0.39637        0.02046
2.834343        0.00815        0.00981        1.20350        0.03443        0.96161       -0.00305       -4.48938       -1.61428       -0.40245        0.01801
2.880444        0.00813        0.00956        1.17545        0.03450        0.92819       -0.00321       -4.48376       -1.60580       -0.40599        0.01579
2.927295        0.00914        0.01050        1.14820        0.03065        0.89620       -0.00299       -4.46895       -1.59735       -0.40690        0.01378
2.974908        0.01151        0.01291        1.12174        0.02463        0.86558       -0.00257       -4.44188       -1.58896       -0.40418        0.01197
3.023295        0.01610        0.01765        1.09615        0.01849        0.83630       -0.00219       -4.39454       -1.58067       -0.39529        0.01036
3.072469        0.02480        0.02657        1.07151        0.01390        0.80843       -0.00206       -4.30972       -1.57254       -0.37475        0.00892
3.122443        0.04141        0.04340        1.04809        0.01192        0.78218       -0.00240       -4.15109       -1.56471       -0.33083        0.00764
3.173230        0.07275        0.07466        1.02638        0.01309        0.75807       -0.00340       -3.84412       -1.55751       -0.23918        0.00651
3.224842        0.12670        0.12763        1.00737        0.01727        0.73714       -0.00514       -3.25282       -1.55167       -0.05444        0.00552
3.277295        0.19669        0.19527        0.99283        0.02212        0.72125       -0.00697       -2.20767       -1.54848        0.28196        0.00465
3.330600        0.23571        0.23219        0.98505        0.02211        0.71278       -0.00713       -0.71220       -1.54889        0.77420        0.00390
3.384773        0.19763        0.19476        0.98548        0.01505        0.71323       -0.00481        0.81702       -1.55183        1.28767        0.00325
3.439826        0.12165        0.12081        0.99307        0.00675        0.72146       -0.00187        1.90838       -1.55584        1.66170        0.00270
3.495776        0.06271        0.06306        1.00557        0.00090        0.73508        0.00057        2.49634       -1.56068        1.86851        0.00222
3.552635        0.03023        0.03086        1.02096       -0.00398        0.75191        0.00324        2.76852       -1.56623        1.96806        0.00182
3.610419        0.01455        0.01510        1.03812       -0.01079        0.77071        0.00767        2.88219       -1.57229        2.01279        0.00148
3.669142        0.00724        0.00765        1.05650       -0.02300        0.79079        0.01603        2.90743       -1.57869        2.02615        0.00012
3.728821        0.00380        0.00408        1.07572       -0.04463        0.81159        0.03113        2.91500       -1.58530        2.03327        0.00000
3.789471        0.00211        0.00231        1.09574       -0.08133        0.83285        0.05690        2.90965       -1.59215        2.03565        0.00000
3.851107        0.00125        0.00139        1.11650       -0.13894        0.85425        0.09760        2.89736       -1.59921        2.03540        0.00000
3.913746        0.00079        0.00090        1.13799       -0.22253        0.87554        0.15706        2.88161       -1.60650        2.03378        0.00000
3.977403        0.00053        0.00061        1.16021       -0.33520        0.89656        0.23775        2.86398       -1.61401        2.03138        0.00000
4.042096        0.00037        0.00044        1.18323       -0.47803        0.91730        0.34081        2.84524       -1.62175        2.02846        0.00000
4.107841        0.00028        0.00034        1.20712       -0.65060        0.93783        0.46627        2.82576       -1.62974        2.02516        0.00000
4.174655        0.00022        0.00026        1.23198       -0.84308        0.95827        0.60736        2.80741       -1.63784        2.02247        0.00000
4.242556        0.00017        0.00022        1.26005       -1.06991        0.97887        0.77494        2.78691       -1.64633        2.01856        0.00000
4.311562        0.00014        0.00018        1.28951       -1.32136        0.99977        0.96231        2.76600       -1.65507        2.01438        0.00000
4.381690        0.00012        0.00015        1.32046       -1.59704        1.02109        1.16951        2.74470       -1.66409        2.00993        0.00000
4.452959        0.00010        0.00013        1.35302       -1.89649        1.04297        1.39656        2.72302       -1.67338        2.00520        0.00000
4.525386        0.00009        0.00012        1.38729       -2.21964        1.06554        1.64375        2.70098       -1.68296        2.00019        0.00000
4.598992        0.00008        0.00011        1.42340       -2.56691        1.08893        1.91174        2.67857       -1.69283        1.99489        0.00000
4.673795        0.00007        0.00010        1.46150       -2.93896        1.11325        2.20141        2.65579       -1.70301        1.98929        0.00000
4.749815        0.00006        0.00009        1.50171       -3.33681        1.13863        2.51390        2.63263       -1.71350        1.98338        0.00000
4.827071        0.00005        0.00008        1.54423       -3.76174        1.16518        2.85061        2.60909       -1.72432        1.97714        0.00000
4.905584        0.00005        0.00008        1.58922       -4.21547        1.19303        3.21330        2.58516       -1.73548        1.97057        0.00000
4.985373        0.00004        0.00007        1.63689       -4.69983        1.22231        3.60383        2.56083       -1.74699        1.96364        0.00000
5.066461        0.00004        0.00007        1.68746       -5.21707        1.25315        4.02446        2.53610       -1.75887        1.95635        0.00000
5.148867        0.00004        0.00006        1.74118       -5.76981        1.28572        4.47779        2.51096       -1.77113        1.94868        0.00000
5.232614        0.00003        0.00006        1.79832       -6.36096        1.32018        4.96671        2.48539       -1.78378        1.94062        0.00000
5.317723        0.00003        0.00006        1.85918       -6.99381        1.35669        5.49444        2.45939       -1.79684        1.93213        0.00000
5.404216        0.00003        0.00006        1.92412       -7.67232        1.39548        6.06489        2.43295       -1.81032        1.92322        0.00000
5.492116        0.00003        0.00005        1.99350       -8.40072        1.43674        6.68223        2.40605       -1.82424        1.91385        0.00000
5.581446        0.00002        0.00005        2.06776       -9.18397        1.48073        7.35132        2.37868       -1.83861        1.90402        0.00000
5.672229        0.00002        0.00005        2.14737      -10.02772        1.52772        8.07772        2.35083       -1.85344        1.89368        0.00000
5.764488        0.00002        0.00005        2.23287      -10.93840        1.57803        8.86775        2.32249       -1.86875        1.88284        0.00000
5.858248        0.00002        0.00005        2.32489      -11.92339        1.63200        9.72869        2.29364       -1.88454        1.87146        0.00000
5.953533        0.00002        0.00005        2.42412      -12.99132        1.69004       10.66901        2.26428       -1.90084        1.85951        0.00000
6.050368        0.00002        0.00004        2.53134      -14.15186        1.75259       11.69826        2.23438       -1.91763        1.84699        0.00000
6.148778        0.00002        0.00004        2.64747      -15.41644        1.82019       12.82770        2.20394       -1.93494        1.83385        0.00000
6.248788        0.00002        0.00004        2.77356      -16.79844        1.89346       14.07054        2.17295       -1.95275        1.82009        0.00000
6.350425        0.00001        0.00004        2.91080      -18.31347        1.97311       15.44220        2.14141       -1.97104        1.80567        0.00000
6.453715        0.00001        0.00004        3.06059      -19.97990        2.05999       16.96079        2.10932       -1.98981        1.79058        0.00000
6.558686        0.00001        0.00004        3.22456      -21.81964        2.15512       18.64793        2.07668       -2.00902        1.77481        0.00000
6.665363        0.00001        0.00004        3.40461      -23.85924        2.25974       20.52975        2.04352       -2.02860        1.75835        0.00000
6.773776        0.00001        0.00004        3.60300      -26.13071        2.37537       22.63774        2.00989       -2.04848        1.74122        0.00000
6.883952        0.00001        0.00004        3.82239      -28.67332        2.50392       25.01035        1.97584       -2.06852        1.72342        0.00000
6.995920        0.00001        0.00004        4.06598      -31.53615        2.64787       27.69549        1.94149       -2.08856        1.70504        0.00000
7.109709        0.00001        0.00004        4.33769      -34.78222        2.81050       30.75430        1.90702       -2.10830        1.68618        0.00000
7.225349        0.00001        0.00004        4.64223      -38.49263        2.99627       34.26485        1.87271       -2.12736        1.66702        0.00000
7.342870        0.00001        0.00004        4.98558      -42.77749        3.21162       38.33214        1.83900       -2.14510        1.64789        0.00000
7.462303        0.00001        0.00004        5.37521      -47.78945        3.46621       43.09998        1.80662       -2.16055        1.62934        0.00000
7.583678        0.00001        0.00004        5.82093      -53.75390        3.77557       48.77778        1.77681       -2.17208        1.61232        0.00000
7.707027        0.00001        0.00004        6.33595      -61.02556        4.16680       55.68967        1.75175       -2.17673        1.59859        0.00000
7.832383        0.00001        0.00004        6.93928      -70.22815        4.69353       64.39565        1.73578       -2.16862        1.59162        0.00000
7.959777        0.00001        0.00004        7.65993      -82.60623        5.47928       75.99205        1.73846       -2.13394        1.59926        0.00000
8.089243        0.00000        0.00004        8.55024     -101.35346        6.90643       93.24288        1.78655       -2.02950        1.64358        0.00000
