x               rho            P              T            ur           uphi        uz         Br           Bphi        Bz
0.010000        0.99953        0.99956        1.000        1.000        1.00       -0.0       -0.010       -0.01       -0.0
0.010163        0.99952        0.99955        1.000        1.000        1.00       -0.0       -0.010       -0.01       -0.0
0.010328        0.99950        0.99953        1.000        1.000        1.00       -0.0       -0.010       -0.01       -0.0
0.010496        0.99947        0.99950        1.000        1.000        1.00       -0.0       -0.010       -0.01       -0.0
0.010667        0.99945        0.99948        1.000        1.000        1.00       -0.0       -0.011       -0.01       -0.0
0.010840        0.99942        0.99945        1.000        1.000        1.00       -0.0       -0.011       -0.01       -0.0
0.011016        0.99939        0.99943        1.000        1.000        1.00       -0.0       -0.011       -0.01       -0.0
0.011196        0.99937        0.99940        1.000        1.000        1.00       -0.0       -0.011       -0.01       -0.0
0.011378        0.99934        0.99938        1.000        1.001        1.00       -0.0       -0.011       -0.01       -0.0
0.011563        0.99931        0.99935        1.000        1.001        1.00       -0.0       -0.012       -0.01       -0.0
0.011751        0.99929        0.99933        1.000        1.001        1.00       -0.0       -0.012       -0.01       -0.0
0.011942        0.99926        0.99930        1.000        1.001        1.00       -0.0       -0.012       -0.01       -0.0
0.012136        0.99923        0.99927        1.000        1.001        1.00       -0.0       -0.012       -0.01       -0.0
0.012334        0.99920        0.99925        1.000        1.001        1.00       -0.0       -0.012       -0.01       -0.0
0.012534        0.99917        0.99922        1.000        1.001        1.00       -0.0       -0.013       -0.01       -0.0
0.012738        0.99914        0.99919        1.000        1.001        1.00       -0.0       -0.013       -0.01       -0.0
0.012945        0.99911        0.99916        1.000        1.001        1.00       -0.0       -0.013       -0.01       -0.0
0.013156        0.99908        0.99913        1.000        1.001        1.00       -0.0       -0.013       -0.01       -0.0
0.013370        0.99905        0.99910        1.000        1.001        1.00       -0.0       -0.013       -0.01       -0.0
0.013587        0.99901        0.99907        1.000        1.001        1.00       -0.0       -0.014       -0.01       -0.0
0.013808        0.99898        0.99904        1.000        1.001        1.00       -0.0       -0.014       -0.01       -0.0
0.014033        0.99895        0.99901        1.000        1.001        1.00       -0.0       -0.014       -0.01       -0.0
0.014261        0.99892        0.99898        1.000        1.001        1.00       -0.0       -0.014       -0.01       -0.0
0.014493        0.99888        0.99894        1.000        1.001        1.00       -0.0       -0.014       -0.01       -0.0
0.014729        0.99885        0.99891        1.000        1.001        1.00       -0.0       -0.015       -0.01       -0.0
0.014968        0.99881        0.99888        1.000        1.001        1.00       -0.0       -0.015       -0.01       -0.0
0.015212        0.99877        0.99884        1.000        1.001        1.00       -0.0       -0.015       -0.02       -0.0
0.015459        0.99874        0.99881        1.000        1.001        1.00       -0.0       -0.015       -0.02       -0.0
0.015711        0.99870        0.99877        1.000        1.001        1.00       -0.0       -0.016       -0.02       -0.0
0.015966        0.99866        0.99874        1.000        1.001        1.00       -0.0       -0.016       -0.02       -0.0
0.016226        0.99863        0.99870        1.000        1.001        1.00       -0.0       -0.016       -0.02       -0.0
0.016490        0.99859        0.99867        1.000        1.001        1.00       -0.0       -0.016       -0.02       -0.0
0.016758        0.99855        0.99863        1.000        1.001        1.00       -0.0       -0.017       -0.02       -0.0
0.017031        0.99851        0.99859        1.000        1.001        1.00       -0.0       -0.017       -0.02       -0.0
0.017308        0.99847        0.99855        1.000        1.001        1.00       -0.0       -0.017       -0.02       -0.0
0.017589        0.99842        0.99851        1.000        1.001        1.00       -0.0       -0.018       -0.02       -0.0
0.017875        0.99838        0.99847        1.000        1.001        1.00       -0.0       -0.018       -0.02       -0.0
0.018166        0.99834        0.99843        1.000        1.001        1.00       -0.0       -0.018       -0.02       -0.0
0.018461        0.99830        0.99839        1.000        1.001        1.00       -0.0       -0.018       -0.02       -0.0
0.018762        0.99825        0.99835        1.000        1.001        1.00       -0.0       -0.019       -0.02       -0.0
0.019067        0.99821        0.99831        1.000        1.001        1.00       -0.0       -0.019       -0.02       -0.0
0.019377        0.99816        0.99826        1.000        1.001        1.00       -0.0       -0.019       -0.02       -0.0
0.019692        0.99811        0.99822        1.000        1.001        1.00       -0.0       -0.020       -0.02       -0.0
0.020012        0.99807        0.99817        1.000        1.001        1.00       -0.0       -0.020       -0.02       -0.0
0.020338        0.99799        0.99811        1.000        1.002        1.00       -0.0       -0.020       -0.02       -0.0
0.020669        0.99791        0.99803        1.000        1.002        1.00       -0.0       -0.021       -0.02       -0.0
0.021005        0.99783        0.99795        1.000        1.002        1.00       -0.0       -0.021       -0.02       -0.0
0.021347        0.99775        0.99787        1.000        1.002        1.00       -0.0       -0.021       -0.02       -0.0
0.021694        0.99766        0.99779        1.000        1.002        1.00       -0.0       -0.022       -0.02       -0.0
0.022047        0.99758        0.99771        1.000        1.002        1.00       -0.0       -0.022       -0.02       -0.0
0.022405        0.99749        0.99763        1.000        1.002        1.00       -0.0       -0.022       -0.02       -0.0
0.022770        0.99740        0.99754        1.000        1.002        1.00       -0.0       -0.023       -0.02       -0.0
0.023140        0.99731        0.99746        1.000        1.002        1.00       -0.0       -0.023       -0.02       -0.0
0.023516        0.99722        0.99737        1.000        1.002        1.00       -0.0       -0.024       -0.02       -0.0
0.023899        0.99712        0.99728        1.000        1.002        1.00       -0.0       -0.024       -0.02       -0.0
0.024288        0.99703        0.99719        1.000        1.002        1.00       -0.0       -0.024       -0.02       -0.0
0.024683        0.99693        0.99710        1.000        1.002        1.00       -0.0       -0.025       -0.02       -0.0
0.025084        0.99683        0.99701        1.000        1.002        1.00       -0.0       -0.025       -0.03       -0.0
0.025492        0.99673        0.99691        1.000        1.003        1.00       -0.0       -0.025       -0.03       -0.0
0.025907        0.99663        0.99682        1.000        1.003        1.00       -0.0       -0.026       -0.03       -0.0
0.026328        0.99653        0.99672        1.000        1.003        1.00       -0.0       -0.026       -0.03       -0.0
0.026756        0.99642        0.99662        1.000        1.003        1.00       -0.0       -0.027       -0.03       -0.0
0.027192        0.99631        0.99652        1.000        1.003        1.00       -0.0       -0.027       -0.03       -0.0
0.027634        0.99621        0.99642        1.000        1.003        1.00       -0.0       -0.028       -0.03       -0.0
0.028083        0.99609        0.99631        1.000        1.003        1.00       -0.0       -0.028       -0.03       -0.0
0.028540        0.99598        0.99621        1.000        1.003        1.00       -0.0       -0.029       -0.03       -0.0
0.029004        0.99587        0.99610        1.000        1.003        1.00       -0.0       -0.029       -0.03       -0.0
0.029476        0.99575        0.99599        1.000        1.003        1.00       -0.0       -0.029       -0.03       -0.0
0.029955        0.99564        0.99588        1.000        1.003        1.00       -0.0       -0.030       -0.03       -0.0
0.030443        0.99548        0.99573        1.000        1.003        1.00       -0.0       -0.030       -0.03       -0.0
0.030938        0.99531        0.99557        1.000        1.004        1.00       -0.0       -0.031       -0.03       -0.0
0.031441        0.99514        0.99541        1.000        1.004        1.00       -0.0       -0.031       -0.03       -0.0
0.031952        0.99497        0.99524        1.000        1.004        1.00       -0.0       -0.032       -0.03       -0.0
0.032472        0.99479        0.99508        1.000        1.004        1.00       -0.0       -0.032       -0.03       -0.0
0.033000        0.99461        0.99491        1.000        1.004        1.00       -0.0       -0.033       -0.03       -0.0
0.033537        0.99442        0.99473        1.000        1.004        1.00       -0.0       -0.034       -0.03       -0.0
0.034083        0.99423        0.99455        1.000        1.004        1.00       -0.0       -0.034       -0.03       -0.0
0.034637        0.99404        0.99438        1.000        1.005        1.00       -0.0       -0.035       -0.03       -0.0
0.035200        0.99385        0.99419        1.000        1.005        1.00       -0.0       -0.035       -0.04       -0.0
0.035773        0.99366        0.99401        1.000        1.005        1.00       -0.0       -0.036       -0.04       -0.0
0.036355        0.99346        0.99382        1.000        1.005        1.00       -0.0       -0.036       -0.04       -0.0
0.036946        0.99325        0.99363        1.000        1.005        1.00       -0.0       -0.037       -0.04       -0.0
0.037547        0.99305        0.99343        1.000        1.005        1.00       -0.0       -0.038       -0.04       -0.0
0.038158        0.99284        0.99323        1.000        1.006        1.00       -0.0       -0.038       -0.04       -0.0
0.038778        0.99262        0.99303        1.000        1.006        1.00       -0.0       -0.039       -0.04       -0.0
0.039409        0.99241        0.99283        1.000        1.006        1.00       -0.0       -0.039       -0.04       -0.0
0.040050        0.99219        0.99262        1.000        1.006        1.00       -0.0       -0.040       -0.04       -0.0
0.040701        0.99191        0.99235        1.000        1.006        1.00       -0.0       -0.041       -0.04       -0.0
0.041363        0.99162        0.99208        1.000        1.006        1.00       -0.0       -0.041       -0.04       -0.0
0.042036        0.99132        0.99180        1.000        1.007        1.00       -0.0       -0.042       -0.04       -0.0
0.042720        0.99102        0.99152        1.001        1.007        1.00       -0.0       -0.043       -0.04       -0.0
0.043415        0.99071        0.99123        1.001        1.007        1.00       -0.0       -0.043       -0.04       -0.0
0.044121        0.99040        0.99093        1.001        1.007        1.00       -0.0       -0.044       -0.04       -0.0
0.044839        0.99009        0.99063        1.001        1.008        1.00       -0.0       -0.045       -0.04       -0.0
0.045568        0.98977        0.99033        1.001        1.008        1.00       -0.0       -0.046       -0.05       -0.0
0.046309        0.98944        0.99002        1.001        1.008        1.00       -0.0       -0.046       -0.05       -0.0
0.047062        0.98911        0.98971        1.001        1.008        1.00       -0.0       -0.047       -0.05       -0.0
0.047828        0.98877        0.98939        1.001        1.009        1.00       -0.0       -0.048       -0.05       -0.0
0.048606        0.98843        0.98907        1.001        1.009        1.00       -0.0       -0.049       -0.05       -0.0
0.049396        0.98808        0.98874        1.001        1.009        1.00       -0.0       -0.049       -0.05       -0.0
0.050200        0.98772        0.98839        1.001        1.010        1.00       -0.1       -0.050       -0.05       -0.1
0.051016        0.98728        0.98798        1.001        1.010        1.00       -0.1       -0.051       -0.05       -0.1
0.051846        0.98683        0.98756        1.001        1.010        1.00       -0.1       -0.052       -0.05       -0.1
0.052689        0.98638        0.98713        1.001        1.011        1.00       -0.1       -0.053       -0.05       -0.1
0.053546        0.98592        0.98669        1.001        1.011        1.00       -0.1       -0.054       -0.05       -0.1
0.054417        0.98545        0.98625        1.001        1.011        1.00       -0.1       -0.054       -0.05       -0.1
0.055302        0.98498        0.98580        1.001        1.012        1.00       -0.1       -0.055       -0.06       -0.1
0.056202        0.98449        0.98534        1.001        1.012        1.00       -0.1       -0.056       -0.06       -0.1
0.057116        0.98400        0.98488        1.001        1.012        1.00       -0.1       -0.057       -0.06       -0.1
0.058045        0.98350        0.98441        1.001        1.013        1.00       -0.1       -0.058       -0.06       -0.1
0.058989        0.98299        0.98393        1.001        1.013        1.00       -0.1       -0.059       -0.06       -0.1
0.059948        0.98248        0.98344        1.001        1.014        1.00       -0.1       -0.060       -0.06       -0.1
0.060923        0.98188        0.98287        1.001        1.014        1.00       -0.1       -0.061       -0.06       -0.1
0.061914        0.98125        0.98228        1.001        1.015        1.00       -0.1       -0.062       -0.06       -0.1
0.062921        0.98061        0.98167        1.001        1.015        1.00       -0.1       -0.063       -0.06       -0.1
0.063945        0.97996        0.98106        1.001        1.016        1.00       -0.1       -0.064       -0.06       -0.1
0.064985        0.97930        0.98043        1.001        1.016        1.00       -0.1       -0.065       -0.06       -0.1
0.066042        0.97863        0.97980        1.001        1.017        1.00       -0.1       -0.066       -0.07       -0.1
0.067116        0.97795        0.97916        1.001        1.017        1.00       -0.1       -0.067       -0.07       -0.1
0.068208        0.97726        0.97850        1.001        1.018        1.00       -0.1       -0.068       -0.07       -0.1
0.069317        0.97655        0.97783        1.001        1.018        1.00       -0.1       -0.069       -0.07       -0.1
0.070445        0.97581        0.97713        1.001        1.019        1.00       -0.1       -0.070       -0.07       -0.1
0.071590        0.97497        0.97633        1.001        1.020        1.00       -0.1       -0.071       -0.07       -0.1
0.072755        0.97412        0.97553        1.001        1.020        1.00       -0.1       -0.073       -0.07       -0.1
0.073938        0.97325        0.97471        1.001        1.021        1.00       -0.1       -0.074       -0.07       -0.1
0.075141        0.97238        0.97388        1.002        1.022        1.00       -0.1       -0.075       -0.08       -0.1
0.076363        0.97148        0.97304        1.002        1.022        1.00       -0.1       -0.076       -0.08       -0.1
0.077605        0.97058        0.97218        1.002        1.023        1.00       -0.1       -0.077       -0.08       -0.1
0.078867        0.96966        0.97130        1.002        1.024        1.00       -0.1       -0.079       -0.08       -0.1
0.080150        0.96871        0.97041        1.002        1.025        1.00       -0.1       -0.080       -0.08       -0.1
0.081454        0.96764        0.96939        1.002        1.025        1.00       -0.1       -0.081       -0.08       -0.1
0.082779        0.96654        0.96835        1.002        1.026        1.00       -0.1       -0.083       -0.08       -0.1
0.084125        0.96543        0.96730        1.002        1.027        1.00       -0.1       -0.084       -0.08       -0.1
0.085493        0.96430        0.96623        1.002        1.028        1.00       -0.1       -0.085       -0.09       -0.1
0.086884        0.96315        0.96514        1.002        1.029        1.00       -0.1       -0.087       -0.09       -0.1
0.088297        0.96198        0.96404        1.002        1.030        1.00       -0.1       -0.088       -0.09       -0.1
0.089733        0.96080        0.96291        1.002        1.031        1.00       -0.1       -0.090       -0.09       -0.1
0.091193        0.95949        0.96167        1.002        1.032        1.00       -0.1       -0.091       -0.09       -0.1
0.092676        0.95812        0.96037        1.002        1.033        1.00       -0.1       -0.092       -0.09       -0.1
0.094183        0.95673        0.95906        1.002        1.034        1.00       -0.1       -0.094       -0.09       -0.1
0.095715        0.95532        0.95772        1.003        1.036        1.00       -0.1       -0.095       -0.10       -0.1
0.097272        0.95388        0.95636        1.003        1.037        1.00       -0.1       -0.097       -0.10       -0.1
0.098854        0.95242        0.95498        1.003        1.038        1.00       -0.1       -0.099       -0.10       -0.1
0.100462        0.95091        0.95354        1.003        1.039        1.00       -0.1       -0.100       -0.10       -0.1
0.102096        0.94925        0.95196        1.003        1.041        1.00       -0.1       -0.102       -0.10       -0.1
0.103757        0.94756        0.95036        1.003        1.042        1.00       -0.1       -0.103       -0.10       -0.1
0.105444        0.94584        0.94873        1.003        1.043        1.00       -0.1       -0.105       -0.11       -0.1
0.107159        0.94410        0.94708        1.003        1.045        1.00       -0.1       -0.107       -0.11       -0.1
0.108902        0.94233        0.94540        1.003        1.046        1.00       -0.1       -0.109       -0.11       -0.1
0.110674        0.94047        0.94364        1.003        1.048        1.00       -0.1       -0.110       -0.11       -0.1
0.112474        0.93847        0.94174        1.003        1.050        1.00       -0.1       -0.112       -0.11       -0.1
0.114303        0.93644        0.93981        1.004        1.051        1.00       -0.1       -0.114       -0.11       -0.1
0.116162        0.93438        0.93785        1.004        1.053        1.00       -0.1       -0.116       -0.12       -0.1
0.118052        0.93228        0.93586        1.004        1.055        1.00       -0.1       -0.118       -0.12       -0.1
0.119972        0.93015        0.93383        1.004        1.057        1.00       -0.1       -0.119       -0.12       -0.1
0.121923        0.92781        0.93161        1.004        1.059        1.00       -0.1       -0.121       -0.12       -0.1
0.123906        0.92542        0.92934        1.004        1.061        1.00       -0.1       -0.123       -0.12       -0.1
0.125922        0.92299        0.92703        1.004        1.063        1.00       -0.1       -0.125       -0.13       -0.1
0.127970        0.92053        0.92469        1.005        1.065        1.00       -0.1       -0.127       -0.13       -0.1
0.130051        0.91802        0.92231        1.005        1.067        1.00       -0.1       -0.129       -0.13       -0.1
0.132166        0.91528        0.91970        1.005        1.069        1.00       -0.1       -0.131       -0.13       -0.1
0.134316        0.91249        0.91705        1.005        1.072        1.00       -0.1       -0.134       -0.13       -0.1
0.136501        0.90966        0.91435        1.005        1.074        1.00       -0.1       -0.136       -0.14       -0.1
0.138721        0.90678        0.91161        1.005        1.077        1.00       -0.1       -0.138       -0.14       -0.1
0.140977        0.90377        0.90875        1.006        1.080        1.00       -0.2       -0.140       -0.14       -0.1
0.143270        0.90059        0.90571        1.006        1.082        1.00       -0.2       -0.142       -0.14       -0.1
0.145601        0.89735        0.90263        1.006        1.085        1.00       -0.2       -0.145       -0.14       -0.1
0.147969        0.89406        0.89950        1.006        1.088        1.00       -0.2       -0.147       -0.15       -0.1
0.150376        0.89070        0.89629        1.006        1.091        1.00       -0.2       -0.149       -0.15       -0.1
0.152821        0.88708        0.89284        1.006        1.095        1.00       -0.2       -0.152       -0.15       -0.2
0.155307        0.88340        0.88933        1.007        1.098        1.00       -0.2       -0.154       -0.15       -0.2
0.157833        0.87966        0.88576        1.007        1.101        1.00       -0.2       -0.157       -0.16       -0.2
0.160400        0.87583        0.88211        1.007        1.105        1.00       -0.2       -0.159       -0.16       -0.2
0.163009        0.87174        0.87820        1.007        1.109        1.00       -0.2       -0.162       -0.16       -0.2
0.165661        0.86758        0.87422        1.008        1.113        1.00       -0.2       -0.164       -0.16       -0.2
0.168355        0.86335        0.87018        1.008        1.117        0.99       -0.2       -0.167       -0.17       -0.2
0.171093        0.85896        0.86599        1.008        1.121        0.99       -0.2       -0.170       -0.17       -0.2
0.173876        0.85434        0.86158        1.008        1.125        0.99       -0.2       -0.172       -0.17       -0.2
0.176704        0.84965        0.85709        1.009        1.130        0.99       -0.2       -0.175       -0.17       -0.2
0.179578        0.84489        0.85253        1.009        1.134        0.99       -0.2       -0.178       -0.18       -0.2
0.182499        0.83983        0.84769        1.009        1.139        0.99       -0.2       -0.181       -0.18       -0.2
0.185468        0.83465        0.84272        1.010        1.144        0.99       -0.2       -0.183       -0.18       -0.2
0.188484        0.82938        0.83767        1.010        1.150        0.99       -0.2       -0.186       -0.19       -0.2
0.191550        0.82390        0.83242        1.010        1.155        0.99       -0.2       -0.189       -0.19       -0.2
0.194666        0.81819        0.82694        1.011        1.161        0.99       -0.2       -0.192       -0.19       -0.2
0.197832        0.81238        0.82137        1.011        1.167        0.99       -0.2       -0.195       -0.20       -0.2
0.201050        0.80641        0.81563        1.011        1.173        0.99       -0.2       -0.198       -0.20       -0.2
0.204320        0.80013        0.80960        1.012        1.180        0.99       -0.2       -0.201       -0.20       -0.2
0.207643        0.79376        0.80347        1.012        1.186        0.99       -0.2       -0.205       -0.20       -0.2
0.211020        0.78720        0.79717        1.013        1.193        0.99       -0.2       -0.208       -0.21       -0.2
0.214453        0.78033        0.79055        1.013        1.201        0.99       -0.3       -0.211       -0.21       -0.2
0.217941        0.77335        0.78383        1.014        1.208        0.99       -0.3       -0.214       -0.21       -0.2
0.221486        0.76614        0.77688        1.014        1.216        0.99       -0.3       -0.218       -0.22       -0.2
0.225088        0.75864        0.76964        1.015        1.224        0.99       -0.3       -0.221       -0.22       -0.2
0.228749        0.75101        0.76227        1.015        1.233        0.99       -0.3       -0.225       -0.22       -0.2
0.232470        0.74306        0.75460        1.016        1.242        0.99       -0.3       -0.228       -0.23       -0.2
0.236251        0.73488        0.74669        1.016        1.252        0.99       -0.3       -0.232       -0.23       -0.2
0.240093        0.72657        0.73865        1.017        1.261        0.99       -0.3       -0.235       -0.24       -0.2
0.243999        0.71781        0.73016        1.017        1.272        0.99       -0.3       -0.239       -0.24       -0.2
0.247967        0.70891        0.72154        1.018        1.282        0.99       -0.3       -0.242       -0.24       -0.2
0.252000        0.69972        0.71262        1.018        1.293        0.99       -0.3       -0.246       -0.25       -0.2
0.256099        0.69022        0.70339        1.019        1.305        0.98       -0.3       -0.250       -0.25       -0.2
0.260265        0.68055        0.69399        1.020        1.317        0.98       -0.3       -0.254       -0.25       -0.3
0.264498        0.67042        0.68413        1.020        1.330        0.98       -0.3       -0.258       -0.26       -0.3
0.268800        0.66012        0.67411        1.021        1.343        0.98       -0.4       -0.261       -0.26       -0.3
0.273172        0.64944        0.66369        1.022        1.357        0.98       -0.4       -0.265       -0.27       -0.3
0.277615        0.63849        0.65300        1.023        1.372        0.98       -0.4       -0.269       -0.27       -0.3
0.282131        0.62723        0.64199        1.024        1.387        0.98       -0.4       -0.273       -0.27       -0.3
0.286720        0.61560        0.63061        1.024        1.403        0.98       -0.4       -0.277       -0.28       -0.3
0.291383        0.60371        0.61896        1.025        1.420        0.98       -0.4       -0.282       -0.28       -0.3
0.296123        0.59139        0.60688        1.026        1.437        0.98       -0.4       -0.286       -0.29       -0.3
0.300939        0.57883        0.59454        1.027        1.456        0.97       -0.4       -0.290       -0.29       -0.3
0.305834        0.56581        0.58172        1.028        1.475        0.97       -0.4       -0.294       -0.29       -0.3
0.310808        0.55254        0.56865        1.029        1.494        0.97       -0.5       -0.298       -0.30       -0.3
0.315864        0.53881        0.55509        1.030        1.515        0.97       -0.5       -0.302       -0.30       -0.3
0.321001        0.52480        0.54125        1.031        1.536        0.97       -0.5       -0.307       -0.31       -0.3
0.326222        0.51035        0.52693        1.033        1.559        0.97       -0.5       -0.311       -0.31       -0.3
0.331528        0.49559        0.51230        1.034        1.582        0.96       -0.5       -0.315       -0.32       -0.3
0.336921        0.48041        0.49721        1.035        1.606        0.96       -0.5       -0.319       -0.32       -0.3
0.342401        0.46490        0.48177        1.036        1.630        0.96       -0.6       -0.324       -0.32       -0.3
0.347970        0.44901        0.46592        1.038        1.655        0.96       -0.6       -0.328       -0.33       -0.3
0.353630        0.43276        0.44967        1.039        1.680        0.95       -0.6       -0.332       -0.33       -0.3
0.359381        0.41618        0.43308        1.041        1.705        0.95       -0.6       -0.337       -0.34       -0.3
0.365227        0.39923        0.41606        1.042        1.729        0.94       -0.6       -0.341       -0.34       -0.3
0.371167        0.38200        0.39872        1.044        1.753        0.94       -0.6       -0.345       -0.34       -0.3
0.377204        0.36445        0.38102        1.046        1.776        0.94       -0.7       -0.349       -0.35       -0.3
0.383340        0.34666        0.36304        1.047        1.796        0.93       -0.7       -0.353       -0.35       -0.4
0.389575        0.32861        0.34476        1.049        1.814        0.93       -0.7       -0.357       -0.36       -0.4
0.395911        0.31045        0.32630        1.051        1.825        0.92       -0.7       -0.360       -0.36       -0.4
0.402351        0.29214        0.30765        1.053        1.833        0.91       -0.7       -0.364       -0.36       -0.4
0.408895        0.27376        0.28888        1.055        1.834        0.91       -0.7       -0.368       -0.37       -0.4
0.415546        0.25553        0.27020        1.057        1.823        0.90       -0.7       -0.371       -0.37       -0.4
0.422304        0.23734        0.25153        1.060        1.804        0.89       -0.7       -0.374       -0.37       -0.4
0.429173        0.21938        0.23303        1.062        1.773        0.89       -0.7       -0.377       -0.38       -0.4
0.436154        0.20197        0.21504        1.065        1.725        0.88       -0.7       -0.379       -0.38       -0.4
0.443248        0.18494        0.19740        1.067        1.665        0.87       -0.7       -0.382       -0.38       -0.4
0.450457        0.16838        0.18020        1.070        1.592        0.86       -0.7       -0.384       -0.38       -0.4
0.457784        0.15288        0.16404        1.073        1.501        0.86       -0.7       -0.386       -0.39       -0.4
0.465230        0.13818        0.14868        1.076        1.400        0.85       -0.6       -0.388       -0.39       -0.4
0.472797        0.12429        0.13412        1.079        1.291        0.85       -0.6       -0.389       -0.39       -0.4
0.480487        0.11129        0.12047        1.083        1.175        0.85       -0.5       -0.391       -0.39       -0.4
0.488302        0.09962        0.10817        1.086        1.056        0.84       -0.5       -0.392       -0.39       -0.4
0.496244        0.08896        0.09691        1.089        0.939        0.84       -0.4       -0.393       -0.39       -0.4
0.504316        0.07925        0.08661        1.093        0.825        0.84       -0.4       -0.394       -0.39       -0.4
0.512519        0.07046        0.07727        1.097        0.717        0.84       -0.3       -0.394       -0.39       -0.4
0.520855        0.06258        0.06887        1.101        0.615        0.84       -0.3       -0.395       -0.40       -0.4
0.529327        0.05564        0.06146        1.105        0.522        0.85       -0.2       -0.396       -0.40       -0.4
0.537936        0.04954        0.05493        1.109        0.438        0.85       -0.2       -0.396       -0.40       -0.4
0.546686        0.04412        0.04910        1.113        0.362        0.85       -0.1       -0.397       -0.40       -0.4
0.555578        0.03931        0.04393        1.117        0.294        0.85       -0.1       -0.397       -0.40       -0.4
0.564614        0.03507        0.03934        1.122        0.232        0.86       -0.0       -0.398       -0.40       -0.4
0.573798        0.03133        0.03529        1.127        0.178        0.86        0.0       -0.398       -0.40       -0.4
0.583131        0.02804        0.03172        1.131        0.129        0.87        0.0       -0.399       -0.40       -0.4
0.592615        0.02515        0.02857        1.136        0.085        0.87        0.1       -0.399       -0.40       -0.4
0.602254        0.02260        0.02579        1.141        0.045        0.87        0.1       -0.399       -0.40       -0.4
0.612050        0.02037        0.02335        1.146        0.009        0.88        0.2       -0.400       -0.40       -0.4
0.622005        0.01841        0.02119        1.151       -0.023        0.88        0.2       -0.400       -0.40       -0.4
0.632122        0.01668        0.01930        1.157       -0.053        0.89        0.2       -0.401       -0.40       -0.4
0.642403        0.01517        0.01763        1.162       -0.081        0.89        0.3       -0.401       -0.40       -0.4
0.652852        0.01384        0.01616        1.168       -0.106        0.90        0.3       -0.401       -0.40       -0.4
0.663471        0.01267        0.01487        1.174       -0.130        0.90        0.3       -0.402       -0.40       -0.4
0.674262        0.01164        0.01373        1.180       -0.153        0.91        0.4       -0.402       -0.40       -0.4
0.685229        0.01074        0.01274        1.186       -0.175        0.91        0.4       -0.403       -0.40       -0.4
0.696374        0.00995        0.01186        1.192       -0.195        0.92        0.5       -0.403       -0.40       -0.4
0.707701        0.00927        0.01111        1.199       -0.215        0.93        0.5       -0.404       -0.40       -0.4
0.719212        0.00867        0.01045        1.205       -0.234        0.93        0.6       -0.404       -0.40       -0.4
0.730910        0.00817        0.00990        1.212       -0.251        0.94        0.6       -0.405       -0.40       -0.4
0.742798        0.00774        0.00943        1.219       -0.267        0.94        0.6       -0.405       -0.41       -0.4
0.754880        0.00739        0.00906        1.226       -0.282        0.95        0.7       -0.406       -0.41       -0.4
0.767158        0.00710        0.00876        1.233       -0.295        0.96        0.7       -0.406       -0.41       -0.4
0.779636        0.00689        0.00854        1.240       -0.306        0.96        0.7       -0.407       -0.41       -0.4
0.792317        0.00674        0.00842        1.248       -0.315        0.97        0.7       -0.407       -0.41       -0.4
0.805204        0.00667        0.00838        1.256       -0.322        0.98        0.8       -0.408       -0.41       -0.4
0.818301        0.00667        0.00842        1.264       -0.326        0.99        0.8       -0.408       -0.41       -0.4
0.831610        0.00674        0.00858        1.272       -0.327        1.00        0.8       -0.409       -0.41       -0.4
0.845137        0.00691        0.00884        1.280       -0.325        1.01        0.8       -0.409       -0.41       -0.4
0.858883        0.00716        0.00922        1.289       -0.322        1.02        0.7       -0.410       -0.41       -0.4
0.872853        0.00752        0.00975        1.297       -0.316        1.04        0.7       -0.410       -0.41       -0.4
0.887050        0.00800        0.01045        1.306       -0.309        1.05        0.7       -0.411       -0.41       -0.4
0.901478        0.00863        0.01135        1.316       -0.302        1.06        0.7       -0.411       -0.41       -0.4
0.916140        0.00944        0.01251        1.325       -0.294        1.08        0.6       -0.412       -0.41       -0.4
0.931041        0.01046        0.01397        1.335       -0.288        1.09        0.6       -0.412       -0.41       -0.4
0.946185        0.01179        0.01585        1.344       -0.285        1.10        0.6       -0.413       -0.41       -0.4
0.961575        0.01347        0.01824        1.355       -0.286        1.12        0.5       -0.414       -0.41       -0.4
0.977215        0.01565        0.02136        1.365       -0.294        1.14        0.5       -0.414       -0.41       -0.4
0.993109        0.01849        0.02543        1.375       -0.310        1.15        0.5       -0.415       -0.41       -0.4
1.009262        0.02220        0.03077        1.386       -0.338        1.17        0.5       -0.415       -0.42       -0.4
1.025678        0.02723        0.03805        1.397       -0.385        1.18        0.5       -0.416       -0.42       -0.4
1.042361        0.03398        0.04784        1.408       -0.455        1.20        0.6       -0.416       -0.42       -0.4
1.059315        0.04318        0.06127        1.419       -0.559        1.21        0.7       -0.416       -0.42       -0.4
1.076545        0.05612        0.08026        1.430       -0.711        1.23        0.8       -0.416       -0.42       -0.4
1.094055        0.07403        0.10668        1.441       -0.922        1.24        1.1       -0.415       -0.41       -0.4
1.111850        0.09870        0.14323        1.451       -1.205        1.24        1.4       -0.413       -0.41       -0.4
1.129934        0.13200        0.19281        1.461       -1.554        1.24        1.8       -0.409       -0.41       -0.4
1.148312        0.17511        0.25724        1.469       -1.934        1.23        2.2       -0.401       -0.40       -0.4
1.166990        0.22533        0.33246        1.475       -2.271        1.22        2.7       -0.388       -0.39       -0.4
1.185971        0.27647        0.40902        1.479       -2.507        1.20        3.0       -0.370       -0.37       -0.4
1.205261        0.31922        0.47260        1.480       -2.623        1.19        3.2       -0.345       -0.35       -0.3
1.224865        0.34320        0.50729        1.478       -2.626        1.19        3.2       -0.317       -0.32       -0.3
1.244787        0.33937        0.49956        1.472       -2.510        1.19        3.1       -0.288       -0.29       -0.3
1.265034        0.30335        0.44354        1.462       -2.235        1.21        2.8       -0.262       -0.26       -0.3
1.285610        0.24092        0.34899        1.448       -1.764        1.23        2.3       -0.242       -0.24       -0.2
1.306520        0.17043        0.24405        1.432       -1.177        1.23        1.6       -0.231       -0.23       -0.2
1.327771        0.11163        0.15775        1.413       -0.670        1.22        0.9       -0.226       -0.23       -0.2
1.349367        0.07151        0.09959        1.393       -0.342        1.20        0.5       -0.223       -0.22       -0.2
1.371315        0.04692        0.06437        1.372       -0.159        1.18        0.3       -0.222       -0.22       -0.2
1.393619        0.03218        0.04347        1.351       -0.055        1.15        0.1       -0.221       -0.22       -0.2
1.416287        0.02320        0.03086        1.330        0.011        1.12        0.1       -0.221       -0.22       -0.2
1.439323        0.01768        0.02314        1.309        0.057        1.09        0.0       -0.220       -0.22       -0.2
1.462733        0.01435        0.01848        1.288        0.090        1.07        0.0       -0.219       -0.22       -0.2
1.486525        0.01237        0.01568        1.267        0.115        1.04        0.0       -0.219       -0.22       -0.2
1.510703        0.01134        0.01413        1.246        0.130        1.01        0.0       -0.218       -0.22       -0.2
1.535275        0.01108        0.01359        1.226        0.135        0.99        0.0       -0.217       -0.22       -0.2
1.560246        0.01151        0.01388        1.206        0.132        0.97       -0.0       -0.217       -0.22       -0.2
1.585624        0.01274        0.01512        1.187        0.120        0.94       -0.0       -0.216       -0.22       -0.2
1.611414        0.01496        0.01746        1.167        0.105        0.92       -0.0       -0.215       -0.22       -0.2
1.637624        0.01865        0.02141        1.148        0.088        0.90       -0.0       -0.214       -0.21       -0.2
1.664260        0.02464        0.02781        1.129        0.074        0.88       -0.0       -0.214       -0.21       -0.2
1.691330        0.03432        0.03811        1.111        0.065        0.86       -0.0       -0.213       -0.21       -0.2
1.718839        0.05041        0.05507        1.093        0.064        0.84       -0.1       -0.212       -0.21       -0.2
1.746796        0.07765        0.08346        1.075        0.074        0.82       -0.1       -0.212       -0.21       -0.2
1.775208        0.12369        0.13087        1.058        0.099        0.80       -0.2       -0.211       -0.21       -0.2
1.804082        0.19963        0.20812        1.043        0.142        0.78       -0.2       -0.211       -0.21       -0.2
1.833425        0.31469        0.32377        1.029        0.204        0.77       -0.4       -0.211       -0.21       -0.2
1.863246        0.45652        0.46479        1.018        0.270        0.76       -0.5       -0.213       -0.21       -0.2
1.893552        0.56417        0.57070        1.012        0.301        0.75       -0.6       -0.216       -0.22       -0.2
1.924351        0.55715        0.56291        1.010        0.265        0.75       -0.5       -0.220       -0.22       -0.2
1.955651        0.43581        0.44216        1.015        0.181        0.75       -0.3       -0.223       -0.22       -0.2
1.987460        0.28420        0.29086        1.024        0.099        0.76       -0.2       -0.225       -0.22       -0.2
2.019786        0.16624        0.17219        1.036        0.044        0.77       -0.1       -0.226       -0.23       -0.2
2.052638        0.09347        0.09817        1.050        0.012        0.79        0.0       -0.227       -0.23       -0.2
2.086024        0.05235        0.05582        1.067       -0.012        0.81        0.1       -0.227       -0.23       -0.2
2.119953        0.02982        0.03233        1.084       -0.036        0.83        0.2       -0.228       -0.23       -0.2
2.154435        0.01772        0.01954        1.102       -0.068        0.84        0.3       -0.229       -0.23       -0.2
2.189477        0.01095        0.01228        1.122       -0.114        0.86        0.5       -0.230       -0.23       -0.2
2.225089        0.00712        0.00813        1.142       -0.179        0.88        0.7       -0.231       -0.23       -0.2
2.261280        0.00484        0.00564        1.164       -0.266        0.90        1.1       -0.232       -0.23       -0.2
2.298060        0.00345        0.00410        1.186       -0.377        0.92        1.6       -0.232       -0.23       -0.2
2.335438        0.00257        0.00311        1.209       -0.514        0.94        2.2       -0.233       -0.23       -0.2
2.373424        0.00197        0.00243        1.234       -0.676        0.95        2.9       -0.234       -0.23       -0.2
2.412028        0.00158        0.00199        1.260       -0.854        0.97        3.6       -0.235       -0.24       -0.2
2.451260        0.00129        0.00166        1.287       -1.060        0.99        4.5       -0.237       -0.24       -0.2
2.491130        0.00107        0.00141        1.316       -1.289        1.01        5.5       -0.238       -0.24       -0.2
2.531648        0.00091        0.00122        1.346       -1.540        1.02        6.6       -0.239       -0.24       -0.2
2.572826        0.00078        0.00108        1.378       -1.812        1.04        7.8       -0.240       -0.24       -0.2
2.614673        0.00068        0.00096        1.411       -2.107        1.06        9.1       -0.241       -0.24       -0.2
2.657201        0.00060        0.00087        1.447       -2.424        1.08       10.6       -0.242       -0.24       -0.2
2.700421        0.00053        0.00079        1.484       -2.765        1.10       12.1       -0.244       -0.24       -0.2
2.744343        0.00048        0.00073        1.524       -3.132        1.12       13.8       -0.245       -0.25       -0.2
2.788980        0.00043        0.00067        1.566       -3.525        1.14       15.6       -0.246       -0.25       -0.2
2.834343        0.00039        0.00063        1.610       -3.946        1.16       17.5       -0.248       -0.25       -0.2
2.880444        0.00036        0.00059        1.657       -4.397        1.18       19.6       -0.249       -0.25       -0.2
2.927295        0.00033        0.00056        1.708       -4.882        1.21       21.9       -0.251       -0.25       -0.3
2.974908        0.00030        0.00053        1.761       -5.402        1.23       24.3       -0.252       -0.25       -0.3
3.023295        0.00028        0.00050        1.818       -5.962        1.26       27.0       -0.254       -0.25       -0.3
3.072469        0.00026        0.00048        1.880       -6.564        1.29       29.8       -0.256       -0.26       -0.3
3.122443        0.00024        0.00046        1.945       -7.212        1.32       33.0       -0.257       -0.26       -0.3
3.173230        0.00022        0.00044        2.015       -7.913        1.36       36.3       -0.259       -0.26       -0.3
3.224842        0.00020        0.00043        2.091       -8.672        1.39       40.0       -0.261       -0.26       -0.3
3.277295        0.00019        0.00041        2.172       -9.494        1.43       44.0       -0.263       -0.26       -0.3
3.330600        0.00018        0.00040        2.259      -10.389        1.47       48.4       -0.265       -0.26       -0.3
3.384773        0.00017        0.00039        2.354      -11.364        1.51       53.3       -0.267       -0.27       -0.3
3.439826        0.00016        0.00038        2.457      -12.430        1.56       58.6       -0.269       -0.27       -0.3
3.495776        0.00015        0.00038        2.569      -13.600        1.62       64.4       -0.271       -0.27       -0.3
3.552635        0.00014        0.00037        2.691      -14.889        1.67       70.9       -0.273       -0.27       -0.3
3.610419        0.00013        0.00036        2.824      -16.314        1.74       78.1       -0.275       -0.28       -0.3
3.669142        0.00012        0.00036        2.971      -17.897        1.81       86.2       -0.277       -0.28       -0.3
3.728821        0.00011        0.00035        3.132      -19.666        1.89       95.2       -0.279       -0.28       -0.3
3.789471        0.00011        0.00035        3.311      -21.655        1.98      105.4       -0.282       -0.28       -0.3
3.851107        0.00010        0.00035        3.509      -23.908        2.08      117.0       -0.284       -0.28       -0.3
3.913746        0.00009        0.00034        3.730      -26.481        2.19      130.3       -0.285       -0.29       -0.3
3.977403        0.00009        0.00034        3.979      -29.454        2.33      145.6       -0.287       -0.29       -0.3
4.042096        0.00008        0.00034        4.261      -32.941        2.50      163.7       -0.288       -0.29       -0.3
4.107841        0.00007        0.00034        4.582      -37.104        2.70      185.2       -0.289       -0.29       -0.3
4.174655        0.00007        0.00034        4.953      -42.219        2.96      211.5       -0.288       -0.29       -0.3
4.242556        0.00006        0.00035        5.387      -48.761        3.33      245.0       -0.286       -0.29       -0.3
4.311562        0.00006        0.00035        5.906      -57.724        3.90      290.2       -0.278       -0.28       -0.3
4.381690        0.00005        0.00035        6.553      -71.765        5.02      359.7       -0.258       -0.26       -0.3
