x               rho            P              T            ur           uphi        uz         Br           Bphi        Bz
0.010000        1.00000        1.00001        1.000        1.000        1.00       -0.0       -0.010       -0.01       -0.0
0.010163        1.00000        1.00001        1.000        1.000        1.00       -0.0       -0.010       -0.01       -0.0
0.010328        0.99999        1.00000        1.000        1.000        1.00       -0.0       -0.010       -0.01       -0.0
0.010496        0.99999        1.00000        1.000        1.000        1.00       -0.0       -0.010       -0.01       -0.0
0.010667        0.99998        0.99999        1.000        1.000        1.00       -0.0       -0.011       -0.01       -0.0
0.010840        0.99997        0.99999        1.000        1.000        1.00       -0.0       -0.011       -0.01       -0.0
0.011016        0.99997        0.99998        1.000        1.000        1.00       -0.0       -0.011       -0.01       -0.0
0.011196        0.99996        0.99997        1.000        1.000        1.00       -0.0       -0.011       -0.01       -0.0
0.011378        0.99995        0.99997        1.000        1.000        1.00       -0.0       -0.011       -0.01       -0.0
0.011563        0.99995        0.99996        1.000        1.000        1.00       -0.0       -0.012       -0.01       -0.0
0.011751        0.99994        0.99996        1.000        1.000        1.00       -0.0       -0.012       -0.01       -0.0
0.011942        0.99993        0.99995        1.000        1.000        1.00       -0.0       -0.012       -0.01       -0.0
0.012136        0.99993        0.99994        1.000        1.000        1.00       -0.0       -0.012       -0.01       -0.0
0.012334        0.99992        0.99994        1.000        1.000        1.00       -0.0       -0.012       -0.01       -0.0
0.012534        0.99991        0.99993        1.000        1.000        1.00       -0.0       -0.013       -0.01       -0.0
0.012738        0.99991        0.99993        1.000        1.000        1.00       -0.0       -0.013       -0.01       -0.0
0.012945        0.99990        0.99992        1.000        1.000        1.00       -0.0       -0.013       -0.01       -0.0
0.013156        0.99989        0.99991        1.000        1.000        1.00       -0.0       -0.013       -0.01       -0.0
0.013370        0.99988        0.99990        1.000        1.000        1.00       -0.0       -0.013       -0.01       -0.0
0.013587        0.99988        0.99990        1.000        1.000        1.00       -0.0       -0.014       -0.01       -0.0
0.013808        0.99987        0.99989        1.000        1.000        1.00       -0.0       -0.014       -0.01       -0.0
0.014033        0.99986        0.99988        1.000        1.000        1.00       -0.0       -0.014       -0.01       -0.0
0.014261        0.99985        0.99988        1.000        1.000        1.00       -0.0       -0.014       -0.01       -0.0
0.014493        0.99984        0.99987        1.000        1.000        1.00       -0.0       -0.014       -0.01       -0.0
0.014729        0.99984        0.99986        1.000        1.000        1.00       -0.0       -0.015       -0.01       -0.0
0.014968        0.99983        0.99985        1.000        1.000        1.00       -0.0       -0.015       -0.01       -0.0
0.015212        0.99982        0.99985        1.000        1.000        1.00       -0.0       -0.015       -0.02       -0.0
0.015459        0.99981        0.99984        1.000        1.000        1.00       -0.0       -0.015       -0.02       -0.0
0.015711        0.99980        0.99983        1.000        1.000        1.00       -0.0       -0.016       -0.02       -0.0
0.015966        0.99979        0.99982        1.000        1.000        1.00       -0.0       -0.016       -0.02       -0.0
0.016226        0.99978        0.99981        1.000        1.000        1.00       -0.0       -0.016       -0.02       -0.0
0.016490        0.99977        0.99980        1.000        1.000        1.00       -0.0       -0.016       -0.02       -0.0
0.016758        0.99976        0.99980        1.000        1.000        1.00       -0.0       -0.017       -0.02       -0.0
0.017031        0.99975        0.99979        1.000        1.000        1.00       -0.0       -0.017       -0.02       -0.0
0.017308        0.99974        0.99978        1.000        1.000        1.00       -0.0       -0.017       -0.02       -0.0
0.017589        0.99973        0.99977        1.000        1.000        1.00       -0.0       -0.018       -0.02       -0.0
0.017875        0.99972        0.99976        1.000        1.000        1.00       -0.0       -0.018       -0.02       -0.0
0.018166        0.99971        0.99975        1.000        1.000        1.00       -0.0       -0.018       -0.02       -0.0
0.018461        0.99970        0.99974        1.000        1.000        1.00       -0.0       -0.018       -0.02       -0.0
0.018762        0.99969        0.99973        1.000        1.000        1.00       -0.0       -0.019       -0.02       -0.0
0.019067        0.99968        0.99972        1.000        1.000        1.00       -0.0       -0.019       -0.02       -0.0
0.019377        0.99967        0.99971        1.000        1.000        1.00       -0.0       -0.019       -0.02       -0.0
0.019692        0.99966        0.99970        1.000        1.000        1.00       -0.0       -0.020       -0.02       -0.0
0.020012        0.99965        0.99969        1.000        1.000        1.00       -0.0       -0.020       -0.02       -0.0
0.020338        0.99963        0.99967        1.000        1.000        1.00       -0.0       -0.020       -0.02       -0.0
0.020669        0.99961        0.99966        1.000        1.000        1.00       -0.0       -0.021       -0.02       -0.0
0.021005        0.99959        0.99964        1.000        1.000        1.00       -0.0       -0.021       -0.02       -0.0
0.021347        0.99957        0.99962        1.000        1.000        1.00       -0.0       -0.021       -0.02       -0.0
0.021694        0.99955        0.99960        1.000        1.000        1.00       -0.0       -0.022       -0.02       -0.0
0.022047        0.99953        0.99958        1.000        1.000        1.00       -0.0       -0.022       -0.02       -0.0
0.022405        0.99950        0.99956        1.000        1.000        1.00       -0.0       -0.022       -0.02       -0.0
0.022770        0.99948        0.99954        1.000        1.000        1.00       -0.0       -0.023       -0.02       -0.0
0.023140        0.99946        0.99952        1.000        1.000        1.00       -0.0       -0.023       -0.02       -0.0
0.023516        0.99944        0.99950        1.000        1.000        1.00       -0.0       -0.024       -0.02       -0.0
0.023899        0.99941        0.99948        1.000        1.000        1.00       -0.0       -0.024       -0.02       -0.0
0.024288        0.99939        0.99945        1.000        1.000        1.00       -0.0       -0.024       -0.02       -0.0
0.024683        0.99936        0.99943        1.000        1.000        1.00       -0.0       -0.025       -0.02       -0.0
0.025084        0.99934        0.99941        1.000        1.000        1.00       -0.0       -0.025       -0.03       -0.0
0.025492        0.99931        0.99939        1.000        1.000        1.00       -0.0       -0.025       -0.03       -0.0
0.025907        0.99929        0.99936        1.000        1.000        1.00       -0.0       -0.026       -0.03       -0.0
0.026328        0.99926        0.99934        1.000        1.000        1.00       -0.0       -0.026       -0.03       -0.0
0.026756        0.99924        0.99932        1.000        1.000        1.00       -0.0       -0.027       -0.03       -0.0
0.027192        0.99921        0.99929        1.000        1.000        1.00       -0.0       -0.027       -0.03       -0.0
0.027634        0.99918        0.99927        1.000        1.000        1.00       -0.0       -0.028       -0.03       -0.0
0.028083        0.99916        0.99924        1.000        1.000        1.00       -0.0       -0.028       -0.03       -0.0
0.028540        0.99913        0.99922        1.000        1.000        1.00       -0.0       -0.029       -0.03       -0.0
0.029004        0.99910        0.99919        1.000        1.000        1.00       -0.0       -0.029       -0.03       -0.0
0.029476        0.99907        0.99916        1.000        1.000        1.00       -0.0       -0.029       -0.03       -0.0
0.029955        0.99904        0.99914        1.000        1.000        1.00       -0.0       -0.030       -0.03       -0.0
0.030443        0.99900        0.99910        1.000        1.000        1.00       -0.0       -0.030       -0.03       -0.0
0.030938        0.99896        0.99906        1.000        1.000        1.00       -0.0       -0.031       -0.03       -0.0
0.031441        0.99892        0.99903        1.000        1.000        1.00       -0.0       -0.031       -0.03       -0.0
0.031952        0.99887        0.99899        1.000        1.000        1.00       -0.0       -0.032       -0.03       -0.0
0.032472        0.99883        0.99894        1.000        1.000        1.00       -0.0       -0.032       -0.03       -0.0
0.033000        0.99878        0.99890        1.000        1.000        1.00       -0.0       -0.033       -0.03       -0.0
0.033537        0.99874        0.99886        1.000        1.000        1.00       -0.0       -0.034       -0.03       -0.0
0.034083        0.99869        0.99882        1.000        1.000        1.00       -0.0       -0.034       -0.03       -0.0
0.034637        0.99864        0.99878        1.000        1.001        1.00       -0.0       -0.035       -0.03       -0.0
0.035200        0.99860        0.99873        1.000        1.001        1.00       -0.0       -0.035       -0.04       -0.0
0.035773        0.99855        0.99869        1.000        1.001        1.00       -0.0       -0.036       -0.04       -0.0
0.036355        0.99850        0.99864        1.000        1.001        1.00       -0.0       -0.036       -0.04       -0.0
0.036946        0.99845        0.99860        1.000        1.001        1.00       -0.0       -0.037       -0.04       -0.0
0.037547        0.99840        0.99855        1.000        1.001        1.00       -0.0       -0.038       -0.04       -0.0
0.038158        0.99834        0.99850        1.000        1.001        1.00       -0.0       -0.038       -0.04       -0.0
0.038778        0.99829        0.99845        1.000        1.001        1.00       -0.0       -0.039       -0.04       -0.0
0.039409        0.99824        0.99840        1.000        1.001        1.00       -0.0       -0.039       -0.04       -0.0
0.040050        0.99818        0.99835        1.000        1.001        1.00       -0.0       -0.040       -0.04       -0.0
0.040701        0.99811        0.99829        1.000        1.001        1.00       -0.0       -0.041       -0.04       -0.0
0.041363        0.99804        0.99822        1.000        1.001        1.00       -0.0       -0.041       -0.04       -0.0
0.042036        0.99796        0.99816        1.000        1.001        1.00       -0.0       -0.042       -0.04       -0.0
0.042720        0.99789        0.99809        1.000        1.001        1.00       -0.0       -0.043       -0.04       -0.0
0.043415        0.99781        0.99802        1.000        1.001        1.00       -0.0       -0.043       -0.04       -0.0
0.044121        0.99773        0.99795        1.000        1.001        1.00       -0.0       -0.044       -0.04       -0.0
0.044839        0.99766        0.99787        1.000        1.001        1.00       -0.0       -0.045       -0.04       -0.0
0.045568        0.99758        0.99780        1.000        1.001        1.00       -0.0       -0.046       -0.05       -0.0
0.046309        0.99749        0.99773        1.000        1.001        1.00       -0.0       -0.046       -0.05       -0.0
0.047062        0.99741        0.99765        1.000        1.001        1.00       -0.0       -0.047       -0.05       -0.0
0.047828        0.99733        0.99758        1.000        1.001        1.00       -0.0       -0.048       -0.05       -0.0
0.048606        0.99724        0.99750        1.000        1.001        1.00       -0.0       -0.049       -0.05       -0.0
0.049396        0.99716        0.99742        1.000        1.001        1.00       -0.0       -0.049       -0.05       -0.0
0.050200        0.99706        0.99734        1.000        1.001        1.00       -0.0       -0.050       -0.05       -0.1
0.051016        0.99696        0.99724        1.000        1.001        1.00       -0.1       -0.051       -0.05       -0.1
0.051846        0.99684        0.99713        1.000        1.001        1.00       -0.1       -0.052       -0.05       -0.1
0.052689        0.99673        0.99703        1.000        1.001        1.00       -0.1       -0.053       -0.05       -0.1
0.053546        0.99662        0.99693        1.000        1.001        1.00       -0.1       -0.054       -0.05       -0.1
0.054417        0.99650        0.99682        1.000        1.001        1.00       -0.1       -0.054       -0.05       -0.1
0.055302        0.99638        0.99671        1.000        1.001        1.00       -0.1       -0.055       -0.06       -0.1
0.056202        0.99626        0.99660        1.000        1.002        1.00       -0.1       -0.056       -0.06       -0.1
0.057116        0.99614        0.99649        1.000        1.002        1.00       -0.1       -0.057       -0.06       -0.1
0.058045        0.99601        0.99638        1.000        1.002        1.00       -0.1       -0.058       -0.06       -0.1
0.058989        0.99589        0.99626        1.000        1.002        1.00       -0.1       -0.059       -0.06       -0.1
0.059948        0.99576        0.99614        1.000        1.002        1.00       -0.1       -0.060       -0.06       -0.1
0.060923        0.99561        0.99601        1.000        1.002        1.00       -0.1       -0.061       -0.06       -0.1
0.061914        0.99545        0.99586        1.000        1.002        1.00       -0.1       -0.062       -0.06       -0.1
0.062921        0.99529        0.99572        1.000        1.002        1.00       -0.1       -0.063       -0.06       -0.1
0.063945        0.99513        0.99557        1.000        1.002        1.00       -0.1       -0.064       -0.06       -0.1
0.064985        0.99496        0.99542        1.000        1.002        1.00       -0.1       -0.065       -0.06       -0.1
0.066042        0.99480        0.99527        1.000        1.002        1.00       -0.1       -0.066       -0.07       -0.1
0.067116        0.99463        0.99511        1.000        1.002        1.00       -0.1       -0.067       -0.07       -0.1
0.068208        0.99445        0.99495        1.001        1.002        1.00       -0.1       -0.068       -0.07       -0.1
0.069317        0.99428        0.99479        1.001        1.002        1.00       -0.1       -0.069       -0.07       -0.1
0.070445        0.99409        0.99462        1.001        1.002        1.00       -0.1       -0.070       -0.07       -0.1
0.071590        0.99388        0.99443        1.001        1.003        1.00       -0.1       -0.072       -0.07       -0.1
0.072755        0.99367        0.99424        1.001        1.003        1.00       -0.1       -0.073       -0.07       -0.1
0.073938        0.99345        0.99404        1.001        1.003        1.00       -0.1       -0.074       -0.07       -0.1
0.075141        0.99324        0.99384        1.001        1.003        1.00       -0.1       -0.075       -0.08       -0.1
0.076363        0.99301        0.99364        1.001        1.003        1.00       -0.1       -0.076       -0.08       -0.1
0.077605        0.99279        0.99343        1.001        1.003        1.00       -0.1       -0.078       -0.08       -0.1
0.078867        0.99256        0.99322        1.001        1.003        1.00       -0.1       -0.079       -0.08       -0.1
0.080150        0.99232        0.99301        1.001        1.003        1.00       -0.1       -0.080       -0.08       -0.1
0.081454        0.99205        0.99276        1.001        1.003        1.00       -0.1       -0.081       -0.08       -0.1
0.082779        0.99178        0.99251        1.001        1.003        1.00       -0.1       -0.083       -0.08       -0.1
0.084125        0.99150        0.99226        1.001        1.004        1.00       -0.1       -0.084       -0.08       -0.1
0.085493        0.99122        0.99200        1.001        1.004        1.00       -0.1       -0.085       -0.09       -0.1
0.086884        0.99093        0.99174        1.001        1.004        1.00       -0.1       -0.087       -0.09       -0.1
0.088297        0.99064        0.99148        1.001        1.004        1.00       -0.1       -0.088       -0.09       -0.1
0.089733        0.99034        0.99121        1.001        1.004        1.00       -0.1       -0.090       -0.09       -0.1
0.091193        0.99002        0.99091        1.001        1.004        1.00       -0.1       -0.091       -0.09       -0.1
0.092676        0.98967        0.99060        1.001        1.004        1.00       -0.1       -0.093       -0.09       -0.1
0.094183        0.98933        0.99028        1.001        1.004        1.00       -0.1       -0.094       -0.09       -0.1
0.095715        0.98898        0.98996        1.001        1.005        1.00       -0.1       -0.096       -0.10       -0.1
0.097272        0.98862        0.98963        1.001        1.005        1.00       -0.1       -0.097       -0.10       -0.1
0.098854        0.98825        0.98930        1.001        1.005        1.00       -0.1       -0.099       -0.10       -0.1
0.100462        0.98787        0.98895        1.001        1.005        1.00       -0.1       -0.100       -0.10       -0.1
0.102096        0.98746        0.98857        1.001        1.005        1.00       -0.1       -0.102       -0.10       -0.1
0.103757        0.98704        0.98819        1.001        1.005        1.00       -0.1       -0.104       -0.10       -0.1
0.105444        0.98661        0.98780        1.001        1.006        1.00       -0.1       -0.105       -0.11       -0.1
0.107159        0.98617        0.98740        1.001        1.006        1.00       -0.1       -0.107       -0.11       -0.1
0.108902        0.98573        0.98700        1.001        1.006        1.00       -0.1       -0.109       -0.11       -0.1
0.110674        0.98527        0.98657        1.001        1.006        1.00       -0.1       -0.110       -0.11       -0.1
0.112474        0.98477        0.98612        1.001        1.006        1.00       -0.1       -0.112       -0.11       -0.1
0.114303        0.98426        0.98565        1.001        1.006        1.00       -0.1       -0.114       -0.11       -0.1
0.116162        0.98374        0.98518        1.001        1.007        1.00       -0.1       -0.116       -0.12       -0.1
0.118052        0.98322        0.98471        1.002        1.007        1.00       -0.1       -0.118       -0.12       -0.1
0.119972        0.98269        0.98422        1.002        1.007        1.00       -0.1       -0.120       -0.12       -0.1
0.121923        0.98210        0.98369        1.002        1.007        1.00       -0.1       -0.122       -0.12       -0.1
0.123906        0.98151        0.98314        1.002        1.008        1.00       -0.1       -0.124       -0.12       -0.1
0.125922        0.98090        0.98259        1.002        1.008        1.00       -0.1       -0.126       -0.13       -0.1
0.127970        0.98028        0.98202        1.002        1.008        1.00       -0.1       -0.128       -0.13       -0.1
0.130051        0.97966        0.98145        1.002        1.008        1.00       -0.1       -0.130       -0.13       -0.1
0.132166        0.97897        0.98083        1.002        1.009        1.00       -0.1       -0.132       -0.13       -0.1
0.134316        0.97828        0.98019        1.002        1.009        1.00       -0.1       -0.134       -0.13       -0.1
0.136501        0.97757        0.97955        1.002        1.009        1.00       -0.1       -0.136       -0.14       -0.1
0.138721        0.97685        0.97889        1.002        1.009        1.00       -0.1       -0.138       -0.14       -0.1
0.140977        0.97610        0.97820        1.002        1.010        1.00       -0.1       -0.140       -0.14       -0.1
0.143270        0.97530        0.97747        1.002        1.010        1.00       -0.1       -0.143       -0.14       -0.1
0.145601        0.97449        0.97674        1.002        1.010        1.00       -0.1       -0.145       -0.15       -0.1
0.147969        0.97367        0.97598        1.002        1.011        1.00       -0.1       -0.147       -0.15       -0.1
0.150376        0.97283        0.97522        1.002        1.011        1.00       -0.2       -0.150       -0.15       -0.1
0.152821        0.97192        0.97439        1.003        1.011        1.00       -0.2       -0.152       -0.15       -0.2
0.155307        0.97100        0.97355        1.003        1.012        1.00       -0.2       -0.155       -0.15       -0.2
0.157833        0.97007        0.97270        1.003        1.012        1.00       -0.2       -0.157       -0.16       -0.2
0.160400        0.96911        0.97182        1.003        1.012        1.00       -0.2       -0.160       -0.16       -0.2
0.163009        0.96809        0.97088        1.003        1.013        1.00       -0.2       -0.162       -0.16       -0.2
0.165661        0.96705        0.96993        1.003        1.013        1.00       -0.2       -0.165       -0.16       -0.2
0.168355        0.96599        0.96897        1.003        1.014        1.00       -0.2       -0.168       -0.17       -0.2
0.171093        0.96489        0.96796        1.003        1.014        1.00       -0.2       -0.170       -0.17       -0.2
0.173876        0.96373        0.96691        1.003        1.014        1.00       -0.2       -0.173       -0.17       -0.2
0.176704        0.96256        0.96583        1.003        1.015        1.00       -0.2       -0.176       -0.18       -0.2
0.179578        0.96137        0.96474        1.004        1.015        1.00       -0.2       -0.179       -0.18       -0.2
0.182499        0.96010        0.96359        1.004        1.016        1.00       -0.2       -0.181       -0.18       -0.2
0.185468        0.95880        0.96240        1.004        1.016        1.00       -0.2       -0.184       -0.18       -0.2
0.188484        0.95748        0.96119        1.004        1.017        1.00       -0.2       -0.187       -0.19       -0.2
0.191550        0.95611        0.95994        1.004        1.017        1.00       -0.2       -0.190       -0.19       -0.2
0.194666        0.95468        0.95863        1.004        1.018        1.00       -0.2       -0.193       -0.19       -0.2
0.197832        0.95323        0.95730        1.004        1.018        1.00       -0.2       -0.196       -0.20       -0.2
0.201050        0.95173        0.95593        1.004        1.019        1.00       -0.2       -0.200       -0.20       -0.2
0.204320        0.95016        0.95449        1.005        1.019        1.00       -0.2       -0.203       -0.20       -0.2
0.207643        0.94856        0.95303        1.005        1.020        1.00       -0.2       -0.206       -0.21       -0.2
0.211020        0.94692        0.95153        1.005        1.021        1.00       -0.2       -0.209       -0.21       -0.2
0.214453        0.94519        0.94995        1.005        1.021        1.00       -0.2       -0.213       -0.21       -0.2
0.217941        0.94344        0.94835        1.005        1.022        1.00       -0.2       -0.216       -0.22       -0.2
0.221486        0.94163        0.94669        1.005        1.022        1.00       -0.2       -0.220       -0.22       -0.2
0.225088        0.93975        0.94497        1.006        1.023        1.00       -0.2       -0.223       -0.22       -0.2
0.228749        0.93783        0.94322        1.006        1.024        1.00       -0.2       -0.227       -0.23       -0.2
0.232470        0.93584        0.94139        1.006        1.024        1.00       -0.2       -0.230       -0.23       -0.2
0.236251        0.93378        0.93951        1.006        1.025        1.00       -0.2       -0.234       -0.23       -0.2
0.240093        0.93169        0.93759        1.006        1.026        1.00       -0.2       -0.238       -0.24       -0.2
0.243999        0.92949        0.93557        1.007        1.026        1.00       -0.2       -0.241       -0.24       -0.2
0.247967        0.92725        0.93352        1.007        1.027        1.00       -0.3       -0.245       -0.25       -0.2
0.252000        0.92494        0.93140        1.007        1.028        1.00       -0.3       -0.249       -0.25       -0.2
0.256099        0.92254        0.92921        1.007        1.028        1.00       -0.3       -0.253       -0.25       -0.3
0.260265        0.92011        0.92698        1.007        1.029        1.00       -0.3       -0.257       -0.26       -0.3
0.264498        0.91755        0.92464        1.008        1.030        1.00       -0.3       -0.261       -0.26       -0.3
0.268800        0.91496        0.92226        1.008        1.030        1.00       -0.3       -0.265       -0.27       -0.3
0.273172        0.91226        0.91978        1.008        1.031        1.00       -0.3       -0.269       -0.27       -0.3
0.277615        0.90949        0.91724        1.009        1.032        1.00       -0.3       -0.274       -0.27       -0.3
0.282131        0.90664        0.91463        1.009        1.033        1.00       -0.3       -0.278       -0.28       -0.3
0.286720        0.90370        0.91193        1.009        1.033        1.00       -0.3       -0.282       -0.28       -0.3
0.291383        0.90068        0.90916        1.009        1.034        1.00       -0.3       -0.287       -0.29       -0.3
0.296123        0.89755        0.90629        1.010        1.035        1.00       -0.3       -0.291       -0.29       -0.3
0.300939        0.89436        0.90336        1.010        1.035        1.00       -0.3       -0.296       -0.30       -0.3
0.305834        0.89104        0.90031        1.010        1.036        1.00       -0.3       -0.300       -0.30       -0.3
0.310808        0.88766        0.89720        1.011        1.037        1.00       -0.3       -0.305       -0.30       -0.3
0.315864        0.88414        0.89398        1.011        1.037        1.00       -0.3       -0.310       -0.31       -0.3
0.321001        0.88056        0.89068        1.011        1.038        1.00       -0.3       -0.314       -0.31       -0.3
0.326222        0.87684        0.88726        1.012        1.039        1.00       -0.3       -0.319       -0.32       -0.3
0.331528        0.87304        0.88377        1.012        1.039        1.00       -0.3       -0.324       -0.32       -0.3
0.336921        0.86911        0.88016        1.013        1.040        1.00       -0.3       -0.329       -0.33       -0.3
0.342401        0.86508        0.87645        1.013        1.040        1.00       -0.4       -0.334       -0.33       -0.3
0.347970        0.86094        0.87264        1.014        1.041        1.00       -0.4       -0.339       -0.34       -0.3
0.353630        0.85667        0.86872        1.014        1.041        1.00       -0.4       -0.345       -0.34       -0.3
0.359381        0.85231        0.86469        1.015        1.041        1.00       -0.4       -0.350       -0.35       -0.3
0.365227        0.84779        0.86054        1.015        1.042        1.00       -0.4       -0.355       -0.36       -0.4
0.371167        0.84318        0.85629        1.016        1.042        1.00       -0.4       -0.360       -0.36       -0.4
0.377204        0.83842        0.85191        1.016        1.042        1.00       -0.4       -0.366       -0.37       -0.4
0.383340        0.83354        0.84741        1.017        1.042        1.00       -0.4       -0.371       -0.37       -0.4
0.389575        0.82855        0.84280        1.017        1.042        1.00       -0.4       -0.377       -0.38       -0.4
0.395911        0.82339        0.83805        1.018        1.041        1.00       -0.4       -0.383       -0.38       -0.4
0.402351        0.81812        0.83319        1.018        1.041        1.00       -0.4       -0.388       -0.39       -0.4
0.408895        0.81272        0.82820        1.019        1.040        1.00       -0.4       -0.394       -0.39       -0.4
0.415546        0.80716        0.82307        1.020        1.039        1.00       -0.4       -0.400       -0.40       -0.4
0.422304        0.80148        0.81782        1.020        1.038        1.00       -0.4       -0.406       -0.41       -0.4
0.429173        0.79565        0.81244        1.021        1.037        1.00       -0.4       -0.411       -0.41       -0.4
0.436154        0.78967        0.80692        1.022        1.035        1.00       -0.4       -0.417       -0.42       -0.4
0.443248        0.78356        0.80127        1.023        1.033        1.00       -0.5       -0.423       -0.42       -0.4
0.450457        0.77730        0.79548        1.023        1.031        1.00       -0.5       -0.429       -0.43       -0.4
0.457784        0.77089        0.78955        1.024        1.029        1.00       -0.5       -0.436       -0.44       -0.4
0.465230        0.76434        0.78349        1.025        1.026        1.00       -0.5       -0.442       -0.44       -0.4
0.472797        0.75764        0.77729        1.026        1.022        1.00       -0.5       -0.448       -0.45       -0.4
0.480487        0.75081        0.77096        1.027        1.018        1.00       -0.5       -0.454       -0.45       -0.5
0.488302        0.74382        0.76449        1.028        1.014        1.00       -0.5       -0.460       -0.46       -0.5
0.496244        0.73669        0.75788        1.029        1.009        1.00       -0.5       -0.466       -0.47       -0.5
0.504316        0.72942        0.75114        1.030        1.003        1.00       -0.5       -0.473       -0.47       -0.5
0.512519        0.72201        0.74427        1.031        0.996        1.00       -0.5       -0.479       -0.48       -0.5
0.520855        0.71446        0.73728        1.032        0.989        1.00       -0.5       -0.485       -0.49       -0.5
0.529327        0.70678        0.73015        1.033        0.980        1.00       -0.5       -0.491       -0.49       -0.5
0.537936        0.69898        0.72291        1.034        0.971        1.00       -0.5       -0.498       -0.50       -0.5
0.546686        0.69105        0.71555        1.035        0.960        1.00       -0.5       -0.504       -0.50       -0.5
0.555578        0.68300        0.70808        1.037        0.948        1.00       -0.5       -0.510       -0.51       -0.5
0.564614        0.67484        0.70051        1.038        0.935        1.00       -0.5       -0.516       -0.52       -0.5
0.573798        0.66658        0.69284        1.039        0.921        1.00       -0.5       -0.522       -0.52       -0.5
0.583131        0.65822        0.68508        1.041        0.904        1.00       -0.5       -0.528       -0.53       -0.5
0.592615        0.64978        0.67725        1.042        0.886        1.00       -0.5       -0.534       -0.53       -0.5
0.602254        0.64127        0.66935        1.044        0.866        1.00       -0.5       -0.540       -0.54       -0.5
0.612050        0.63271        0.66140        1.045        0.844        1.00       -0.5       -0.546       -0.55       -0.5
0.622005        0.62409        0.65341        1.047        0.819        1.00       -0.5       -0.551       -0.55       -0.6
0.632122        0.61545        0.64541        1.049        0.792        1.00       -0.5       -0.557       -0.56       -0.6
0.642403        0.60680        0.63740        1.050        0.761        1.00       -0.5       -0.562       -0.56       -0.6
0.652852        0.59817        0.62941        1.052        0.728        1.00       -0.5       -0.567       -0.57       -0.6
0.663471        0.58956        0.62145        1.054        0.691        1.00       -0.5       -0.572       -0.57       -0.6
0.674262        0.58101        0.61357        1.056        0.651        1.00       -0.4       -0.577       -0.58       -0.6
0.685229        0.57254        0.60577        1.058        0.607        1.00       -0.4       -0.581       -0.58       -0.6
0.696374        0.56418        0.59809        1.060        0.559        1.00       -0.4       -0.585       -0.59       -0.6
0.707701        0.55595        0.59055        1.062        0.506        1.00       -0.4       -0.589       -0.59       -0.6
0.719212        0.54788        0.58320        1.064        0.449        1.00       -0.3       -0.593       -0.59       -0.6
0.730910        0.54004        0.57607        1.067        0.387        1.00       -0.3       -0.596       -0.60       -0.6
0.742798        0.53245        0.56922        1.069        0.319        1.00       -0.2       -0.598       -0.60       -0.6
0.754880        0.52514        0.56267        1.071        0.247        1.00       -0.2       -0.600       -0.60       -0.6
0.767158        0.51814        0.55644        1.074        0.168        1.00       -0.1       -0.602       -0.60       -0.6
0.779636        0.51148        0.55058        1.076        0.085        1.00       -0.1       -0.603       -0.60       -0.6
0.792317        0.50527        0.54519        1.079       -0.005        1.00        0.0       -0.604       -0.60       -0.6
0.805204        0.49950        0.54028        1.082       -0.100        1.00        0.1       -0.603       -0.60       -0.6
0.818301        0.49419        0.53585        1.084       -0.200        1.00        0.2       -0.603       -0.60       -0.6
0.831610        0.48941        0.53201        1.087       -0.305        1.00        0.3       -0.601       -0.60       -0.6
0.845137        0.48524        0.52879        1.090       -0.416        1.00        0.4       -0.598       -0.60       -0.6
0.858883        0.48161        0.52616        1.093       -0.530        1.00        0.5       -0.595       -0.60       -0.6
0.872853        0.47865        0.52424        1.095       -0.648        1.00        0.6       -0.591       -0.59       -0.6
0.887050        0.47632        0.52300        1.098       -0.769        1.00        0.7       -0.586       -0.59       -0.6
0.901478        0.47464        0.52243        1.101       -0.893        1.00        0.8       -0.580       -0.58       -0.6
0.916140        0.47365        0.52259        1.103       -1.017        1.00        0.9       -0.572       -0.57       -0.6
0.931041        0.47326        0.52338        1.106       -1.141        1.01        1.1       -0.564       -0.56       -0.6
0.946185        0.47353        0.52483        1.108       -1.263        1.01        1.2       -0.554       -0.55       -0.6
0.961575        0.47432        0.52682        1.111       -1.383        1.01        1.3       -0.543       -0.54       -0.5
0.977215        0.47562        0.52928        1.113       -1.498        1.01        1.5       -0.531       -0.53       -0.5
0.993109        0.47730        0.53208        1.115       -1.607        1.01        1.6       -0.518       -0.52       -0.5
1.009262        0.47924        0.53506        1.116       -1.709        1.01        1.7       -0.503       -0.50       -0.5
1.025678        0.48128        0.53801        1.118       -1.799        1.01        1.9       -0.487       -0.49       -0.5
1.042361        0.48324        0.54072        1.119       -1.878        1.01        2.0       -0.470       -0.47       -0.5
1.059315        0.48490        0.54291        1.120       -1.941        1.01        2.1       -0.452       -0.45       -0.5
1.076545        0.48599        0.54424        1.120       -1.986        1.02        2.1       -0.433       -0.43       -0.4
1.094055        0.48628        0.54445        1.120       -2.011        1.02        2.2       -0.413       -0.41       -0.4
1.111850        0.48552        0.54323        1.119       -2.010        1.02        2.2       -0.393       -0.39       -0.4
1.129934        0.48344        0.54025        1.118       -1.982        1.02        2.2       -0.372       -0.37       -0.4
1.148312        0.47976        0.53519        1.116       -1.919        1.02        2.2       -0.352       -0.35       -0.4
1.166990        0.47441        0.52797        1.113       -1.819        1.02        2.1       -0.332       -0.33       -0.3
1.185971        0.46735        0.51858        1.110       -1.678        1.02        2.0       -0.314       -0.31       -0.3
1.205261        0.45871        0.50717        1.106       -1.497        1.02        1.8       -0.297       -0.30       -0.3
1.224865        0.44877        0.49412        1.101       -1.274        1.02        1.6       -0.283       -0.28       -0.3
1.244787        0.43802        0.48001        1.096       -1.015        1.01        1.3       -0.271       -0.27       -0.3
1.265034        0.42709        0.46560        1.090       -0.730        1.01        0.9       -0.262       -0.26       -0.3
1.285610        0.41668        0.45170        1.084       -0.430        1.00        0.6       -0.256       -0.26       -0.3
1.306520        0.40745        0.43909        1.078       -0.130        1.00        0.2       -0.252       -0.25       -0.3
1.327771        0.39988        0.42833        1.071        0.157        0.99       -0.2       -0.252       -0.25       -0.3
1.349367        0.39418        0.41969        1.065        0.419        0.99       -0.6       -0.254       -0.25       -0.3
1.371315        0.39025        0.41308        1.059        0.646        0.98       -0.9       -0.259       -0.26       -0.3
1.393619        0.38751        0.40796        1.053        0.832        0.97       -1.2       -0.265       -0.27       -0.3
1.416287        0.38505        0.40341        1.048        0.971        0.96       -1.4       -0.273       -0.27       -0.3
1.439323        0.38174        0.39832        1.043        1.060        0.96       -1.5       -0.282       -0.28       -0.3
1.462733        0.37623        0.39135        1.040        1.094        0.95       -1.6       -0.292       -0.29       -0.3
1.486525        0.36746        0.38146        1.038        1.072        0.95       -1.6       -0.302       -0.30       -0.3
1.510703        0.35483        0.36806        1.037        1.001        0.95       -1.5       -0.311       -0.31       -0.3
1.535275        0.33817        0.35096        1.038        0.887        0.95       -1.4       -0.319       -0.32       -0.3
1.560246        0.31844        0.33107        1.040        0.746        0.95       -1.2       -0.326       -0.33       -0.3
1.585624        0.29683        0.30954        1.043        0.593        0.95       -0.9       -0.332       -0.33       -0.3
1.611414        0.27496        0.28792        1.047        0.441        0.96       -0.7       -0.336       -0.34       -0.3
1.637624        0.25430        0.26765        1.053        0.302        0.97       -0.5       -0.339       -0.34       -0.3
1.664260        0.23594        0.24979        1.059        0.181        0.97       -0.3       -0.341       -0.34       -0.3
1.691330        0.22051        0.23498        1.066        0.080        0.98       -0.1       -0.342       -0.34       -0.3
1.718839        0.20837        0.22357        1.073       -0.002        0.99        0.0       -0.343       -0.34       -0.3
1.746796        0.19944        0.21548        1.080       -0.067        1.00        0.1       -0.343       -0.34       -0.3
1.775208        0.19333        0.21032        1.088       -0.118        1.01        0.2       -0.343       -0.34       -0.3
1.804082        0.18948        0.20747        1.095       -0.156        1.02        0.3       -0.343       -0.34       -0.3
1.833425        0.18706        0.20604        1.101       -0.182        1.03        0.3       -0.342       -0.34       -0.3
1.863246        0.18505        0.20483        1.107       -0.194        1.04        0.4       -0.342       -0.34       -0.3
1.893552        0.18227        0.20253        1.111       -0.194        1.05        0.4       -0.341       -0.34       -0.3
1.924351        0.17767        0.19790        1.114       -0.181        1.05        0.4       -0.339       -0.34       -0.3
1.955651        0.17060        0.19019        1.115       -0.159        1.05        0.3       -0.338       -0.34       -0.3
1.987460        0.16100        0.17937        1.114       -0.130        1.05        0.3       -0.337       -0.34       -0.3
2.019786        0.14947        0.16615        1.112       -0.099        1.05        0.2       -0.337       -0.34       -0.3
2.052638        0.13699        0.15172        1.108       -0.070        1.04        0.2       -0.336       -0.34       -0.3
2.086024        0.12463        0.13735        1.102       -0.046        1.03        0.1       -0.335       -0.34       -0.3
2.119953        0.11319        0.12401        1.096       -0.027        1.02        0.1       -0.335       -0.33       -0.3
2.154435        0.10325        0.11237        1.088       -0.013        1.01        0.0       -0.334       -0.33       -0.3
2.189477        0.09494        0.10258        1.080       -0.003        1.00        0.0       -0.333       -0.33       -0.3
2.225089        0.08833        0.09471        1.072        0.003        0.99        0.0       -0.333       -0.33       -0.3
2.261280        0.08321        0.08852        1.064        0.007        0.98        0.0       -0.332       -0.33       -0.3
2.298060        0.07940        0.08382        1.056        0.010        0.97        0.0       -0.332       -0.33       -0.3
2.335438        0.07666        0.08031        1.048        0.011        0.96        0.0       -0.331       -0.33       -0.3
2.373424        0.07469        0.07768        1.040        0.011        0.95        0.0       -0.331       -0.33       -0.3
2.412028        0.07320        0.07561        1.033        0.011        0.94        0.0       -0.330       -0.33       -0.3
2.451260        0.07190        0.07380        1.026        0.010        0.93        0.0       -0.330       -0.33       -0.3
2.491130        0.07045        0.07191        1.021        0.009        0.92        0.0       -0.329       -0.33       -0.3
2.531648        0.06858        0.06966        1.016        0.008        0.91        0.0       -0.329       -0.33       -0.3
2.572826        0.06604        0.06682        1.012        0.006        0.91        0.0       -0.329       -0.33       -0.3
2.614673        0.06269        0.06325        1.009        0.005        0.91        0.0       -0.328       -0.33       -0.3
2.657201        0.05854        0.05894        1.007        0.003        0.90        0.0       -0.328       -0.33       -0.3
2.700421        0.05371        0.05401        1.006        0.002        0.90        0.0       -0.328       -0.33       -0.3
2.744343        0.04840        0.04867        1.005        0.001        0.90        0.0       -0.328       -0.33       -0.3
2.788980        0.04290        0.04316        1.006       -0.000        0.90        0.0       -0.328       -0.33       -0.3
2.834343        0.03746        0.03775        1.008       -0.002        0.90        0.1       -0.328       -0.33       -0.3
2.880444        0.03231        0.03262        1.010       -0.003        0.91        0.1       -0.329       -0.33       -0.3
2.927295        0.02763        0.02798        1.012       -0.004        0.91        0.1       -0.329       -0.33       -0.3
2.974908        0.02348        0.02385        1.015       -0.006        0.91        0.1       -0.329       -0.33       -0.3
3.023295        0.01985        0.02023        1.019       -0.008        0.92        0.1       -0.329       -0.33       -0.3
3.072469        0.01672        0.01710        1.023       -0.010        0.92        0.2       -0.330       -0.33       -0.3
3.122443        0.01407        0.01444        1.027       -0.012        0.93        0.2       -0.330       -0.33       -0.3
3.173230        0.01183        0.01220        1.031       -0.015        0.93        0.2       -0.330       -0.33       -0.3
3.224842        0.00996        0.01031        1.036       -0.018        0.94        0.3       -0.330       -0.33       -0.3
3.277295        0.00839        0.00873        1.040       -0.021        0.95        0.3       -0.331       -0.33       -0.3
3.330600        0.00709        0.00741        1.045       -0.025        0.95        0.4       -0.331       -0.33       -0.3
3.384773        0.00601        0.00631        1.050       -0.029        0.96        0.4       -0.331       -0.33       -0.3
3.439826        0.00510        0.00538        1.055       -0.034        0.96        0.5       -0.332       -0.33       -0.3
3.495776        0.00435        0.00460        1.060       -0.039        0.97        0.6       -0.332       -0.33       -0.3
3.552635        0.00371        0.00395        1.064       -0.045        0.98        0.7       -0.332       -0.33       -0.3
3.610419        0.00318        0.00340        1.069       -0.051        0.98        0.8       -0.333       -0.33       -0.3
3.669142        0.00273        0.00293        1.074       -0.057        0.99        1.0       -0.333       -0.33       -0.3
3.728821        0.00234        0.00253        1.079       -0.065        0.99        1.1       -0.333       -0.33       -0.3
3.789471        0.00202        0.00219        1.084       -0.073        1.00        1.3       -0.334       -0.33       -0.3
3.851107        0.00174        0.00190        1.088       -0.081        1.00        1.5       -0.334       -0.33       -0.3
3.913746        0.00150        0.00164        1.093       -0.091        1.01        1.7       -0.334       -0.33       -0.3
3.977403        0.00130        0.00142        1.097       -0.101        1.01        2.0       -0.335       -0.33       -0.3
4.042096        0.00112        0.00123        1.102       -0.113        1.02        2.3       -0.335       -0.34       -0.3
4.107841        0.00096        0.00106        1.106       -0.125        1.02        2.7       -0.335       -0.34       -0.3
4.174655        0.00083        0.00092        1.110       -0.139        1.02        3.1       -0.336       -0.34       -0.3
4.242556        0.00071        0.00079        1.114       -0.155        1.02        3.6       -0.336       -0.34       -0.3
4.311562        0.00060        0.00067        1.118       -0.173        1.03        4.2       -0.336       -0.34       -0.3
4.381690        0.00059        0.00066        1.123       -0.343        1.03        5.4       -0.337       -0.34       -0.3
4.452959        0.00059        0.00066        1.129       -0.537        1.04        6.6       -0.337       -0.34       -0.3
4.525386        0.00059        0.00067        1.134       -0.734        1.05        7.8       -0.337       -0.34       -0.3
4.598992        0.00059        0.00067        1.140       -0.934        1.06        9.1       -0.338       -0.34       -0.3
4.673795        0.00059        0.00067        1.146       -1.138        1.07       10.4       -0.338       -0.34       -0.3
4.749815        0.00059        0.00068        1.152       -1.345        1.07       11.8       -0.338       -0.34       -0.3
4.827071        0.00059        0.00068        1.158       -1.555        1.08       13.1       -0.339       -0.34       -0.3
4.905584        0.00059        0.00068        1.164       -1.768        1.09       14.5       -0.339       -0.34       -0.3
4.985373        0.00059        0.00069        1.171       -1.985        1.10       15.8       -0.339       -0.34       -0.3
5.066461        0.00058        0.00069        1.177       -2.206        1.11       17.3       -0.340       -0.34       -0.3
5.148867        0.00058        0.00069        1.184       -2.430        1.12       18.7       -0.340       -0.34       -0.3
5.232614        0.00058        0.00070        1.190       -2.658        1.13       20.1       -0.341       -0.34       -0.3
5.317723        0.00058        0.00070        1.197       -2.890        1.14       21.6       -0.341       -0.34       -0.3
5.404216        0.00058        0.00070        1.204       -3.125        1.15       23.1       -0.341       -0.34       -0.3
5.492116        0.00058        0.00071        1.211       -3.364        1.16       24.7       -0.342       -0.34       -0.3
5.581446        0.00058        0.00071        1.218       -3.607        1.17       26.2       -0.342       -0.34       -0.3
5.672229        0.00058        0.00071        1.225       -3.854        1.18       27.8       -0.343       -0.34       -0.3
5.764488        0.00058        0.00072        1.232       -4.105        1.19       29.4       -0.343       -0.34       -0.3
5.858248        0.00058        0.00072        1.240       -4.360        1.20       31.0       -0.344       -0.34       -0.3
5.953533        0.00058        0.00073        1.247       -4.619        1.21       32.7       -0.344       -0.34       -0.3
6.050368        0.00058        0.00073        1.255       -4.883        1.22       34.4       -0.345       -0.34       -0.3
6.148778        0.00058        0.00073        1.263       -5.151        1.23       36.1       -0.345       -0.35       -0.3
6.248788        0.00058        0.00074        1.271       -5.423        1.25       37.8       -0.346       -0.35       -0.3
6.350425        0.00030        0.00041        1.340      -11.080        1.31       77.1       -0.350       -0.35       -0.3
6.453715        0.00014        0.00023        1.604      -26.467        1.63      185.1       -0.363       -0.36       -0.4
6.558686        0.00009        0.00018        1.977      -47.572        2.14      334.1       -0.377       -0.38       -0.4
6.665363        0.00006        0.00016        2.540      -81.687        3.00      576.3       -0.392       -0.39       -0.4
6.773776        0.00005        0.00016        3.467     -144.748        4.64     1025.5       -0.400       -0.40       -0.4
6.883952        0.00003        0.00016        5.230     -287.558        8.59     2045.4       -0.371       -0.37       -0.4
